date,timestamp,open,high,low,close,volume,price_three_days_ago,price_three_days_ago_difference,price_three_days_ago_return,price_two_days_ago,price_yesterday,price_tomorrow,price_tomorrow_difference,price_tomorrow_return,direction,MA5,MA10,MA20,MA50,MA100,MA200,MA50-1,MA200-1,golden-cross-1,golden-cross-0,golden-cross
2017-06-05,1496620800,4.9,4.9,4.9,4.9,0,,,,,,4.9,0.0,0.0,-1,,,,,,,,,False,False,False
2017-06-06,1496707200,4.9,4.9,4.9,4.9,0,,,,,4.9,4.9,0.0,0.0,-1,,,,,,,,,False,False,False
2017-06-07,1496793600,4.9,4.9,4.9,4.9,0,,,,4.9,4.9,4.9,0.0,0.0,-1,,,,,,,,,False,False,False
2017-06-08,1496880000,4.9,4.9,4.9,4.9,0,4.9,0.0,0.0,4.9,4.9,4.9,0.0,0.0,-1,,,,,,,,,False,False,False
2017-06-09,1496966400,4.9,4.9,4.9,4.9,0,4.9,0.0,0.0,4.9,4.9,4.9,0.0,0.0,-1,4.9,,,,,,,,False,False,False
2017-06-12,1497225600,4.9,4.9,4.9,4.9,0,4.9,0.0,0.0,4.9,4.9,4.9,0.0,0.0,-1,4.9,,,,,,,,False,False,False
2017-06-13,1497312000,4.9,4.9,4.9,4.9,0,4.9,0.0,0.0,4.9,4.9,4.9,0.0,0.0,-1,4.9,,,,,,,,False,False,False
2017-06-14,1497398400,4.9,4.9,4.9,4.9,0,4.9,0.0,0.0,4.9,4.9,4.9,0.0,0.0,-1,4.9,,,,,,,,False,False,False
2017-06-15,1497484800,4.9,4.9,4.9,4.9,0,4.9,0.0,0.0,4.9,4.9,4.9,0.0,0.0,-1,4.9,,,,,,,,False,False,False
2017-06-16,1497571200,4.9,4.9,4.9,4.9,0,4.9,0.0,0.0,4.9,4.9,4.9,0.0,0.0,-1,4.9,4.9,,,,,,,False,False,False
2017-06-19,1497830400,4.9,4.9,4.9,4.9,0,4.9,0.0,0.0,4.9,4.9,4.9,0.0,0.0,-1,4.9,4.9,,,,,,,False,False,False
2017-06-20,1497916800,4.9,4.9,4.9,4.9,0,4.9,0.0,0.0,4.9,4.9,4.9,0.0,0.0,-1,4.9,4.9,,,,,,,False,False,False
2017-06-21,1498003200,4.9,4.9,4.9,4.9,0,4.9,0.0,0.0,4.9,4.9,4.9,0.0,0.0,-1,4.9,4.9,,,,,,,False,False,False
2017-06-22,1498089600,4.9,4.9,4.9,4.9,0,4.9,0.0,0.0,4.9,4.9,4.9,0.0,0.0,-1,4.9,4.9,,,,,,,False,False,False
2017-06-23,1498176000,4.9,4.9,4.9,4.9,0,4.9,0.0,0.0,4.9,4.9,4.9,0.0,0.0,-1,4.9,4.9,,,,,,,False,False,False
2017-06-26,1498435200,4.9,4.9,4.9,4.9,0,4.9,0.0,0.0,4.9,4.9,4.9,0.0,0.0,-1,4.9,4.9,,,,,,,False,False,False
2017-06-27,1498521600,4.9,4.9,4.9,4.9,0,4.9,0.0,0.0,4.9,4.9,4.9,0.0,0.0,-1,4.9,4.9,,,,,,,False,False,False
2017-06-28,1498608000,4.9,4.9,4.9,4.9,0,4.9,0.0,0.0,4.9,4.9,4.9,0.0,0.0,-1,4.9,4.9,,,,,,,False,False,False
2017-06-29,1498694400,4.9,4.9,4.9,4.9,0,4.9,0.0,0.0,4.9,4.9,4.9,0.0,0.0,-1,4.9,4.9,,,,,,,False,False,False
2017-06-30,1498780800,4.9,4.9,4.9,4.9,0,4.9,0.0,0.0,4.9,4.9,4.9,0.0,0.0,-1,4.9,4.9,4.9,,,,,,False,False,False
2017-07-03,1499040000,4.9,4.9,4.9,4.9,0,4.9,0.0,0.0,4.9,4.9,4.9,0.0,0.0,-1,4.9,4.9,4.9,,,,,,False,False,False
2017-07-04,1499126400,4.9,4.9,4.9,4.9,0,4.9,0.0,0.0,4.9,4.9,4.9,0.0,0.0,-1,4.9,4.9,4.9,,,,,,False,False,False
2017-07-05,1499212800,4.9,4.9,4.9,4.9,0,4.9,0.0,0.0,4.9,4.9,4.9,0.0,0.0,-1,4.9,4.9,4.9,,,,,,False,False,False
2017-07-06,1499299200,4.9,4.9,4.9,4.9,0,4.9,0.0,0.0,4.9,4.9,4.9,0.0,0.0,-1,4.9,4.9,4.9,,,,,,False,False,False
2017-07-07,1499385600,4.9,4.9,4.9,4.9,0,4.9,0.0,0.0,4.9,4.9,4.9,0.0,0.0,-1,4.9,4.9,4.9,,,,,,False,False,False
2017-07-10,1499644800,4.9,4.9,4.9,4.9,0,4.9,0.0,0.0,4.9,4.9,4.9,0.0,0.0,-1,4.9,4.9,4.9,,,,,,False,False,False
2017-07-11,1499731200,4.9,4.9,4.9,4.9,0,4.9,0.0,0.0,4.9,4.9,6.8,1.9,0.39,1,4.9,4.9,4.9,,,,,,False,False,False
2017-07-12,1499817600,6.8,6.8,6.8,6.8,8000,4.9,1.9,0.39,4.9,4.9,7.8,1.0,0.15,1,5.28,5.09,5.0,,,,,,False,False,False
2017-07-13,1499904000,7.8,7.8,7.8,7.8,13000,4.9,2.9,0.59,4.9,6.8,8.9,1.1,0.14,1,5.86,5.38,5.14,,,,,,False,False,False
2017-07-14,1499990400,8.9,8.9,8.9,8.9,7200,4.9,4.0,0.82,6.8,7.8,10.2,1.3,0.15,1,6.66,5.78,5.34,,,,,,False,False,False
2017-07-17,1500249600,10.2,10.2,10.2,10.2,3700,6.8,3.4,0.5,7.8,8.9,10.2,0.0,0.0,-1,7.72,6.31,5.6,,,,,,False,False,False
2017-07-18,1500336000,10.2,10.2,10.2,10.2,300,7.8,2.4,0.31,8.9,10.2,8.7,-1.5,-0.15,-1,8.78,6.84,5.87,,,,,,False,False,False
2017-07-19,1500422400,8.7,8.7,8.7,8.7,500,8.9,-0.2,-0.02,10.2,10.2,8.7,0.0,0.0,-1,9.16,7.22,6.06,,,,,,False,False,False
2017-07-20,1500508800,8.7,8.7,8.7,8.7,0,10.2,-1.5,-0.15,10.2,8.7,8.7,0.0,0.0,-1,9.34,7.6,6.25,,,,,,False,False,False
2017-07-21,1500595200,8.7,8.7,8.7,8.7,0,10.2,-1.5,-0.15,8.7,8.7,8.7,0.0,0.0,-1,9.3,7.98,6.44,,,,,,False,False,False
2017-07-24,1500854400,8.7,8.7,8.7,8.7,0,8.7,0.0,0.0,8.7,8.7,7.4,-1.3,-0.15,-1,9.0,8.36,6.63,,,,,,False,False,False
2017-07-25,1500940800,7.4,8.2,7.4,7.4,400,8.7,-1.3,-0.15,8.7,8.7,8.6,1.2,0.16,1,8.44,8.61,6.76,,,,,,False,False,False
2017-07-26,1501027200,8.6,8.6,8.6,8.6,100,8.7,-0.1,-0.01,8.7,7.4,7.4,-1.2,-0.14,-1,8.42,8.79,6.94,,,,,,False,False,False
2017-07-27,1501113600,7.4,7.4,7.4,7.4,100,8.7,-1.3,-0.15,7.4,8.6,7.4,0.0,0.0,-1,8.16,8.75,7.06,,,,,,False,False,False
2017-07-28,1501200000,7.4,7.4,7.4,7.4,0,7.4,0.0,0.0,8.6,7.4,7.4,0.0,0.0,-1,7.9,8.6,7.19,,,,,,False,False,False
2017-07-31,1501459200,7.4,7.4,7.4,7.4,0,8.6,-1.2,-0.14,7.4,7.4,8.2,0.8,0.11,1,7.64,8.32,7.32,,,,,,False,False,False
2017-08-01,1501545600,8.2,8.2,8.2,8.2,400,7.4,0.8,0.11,7.4,7.4,8.2,0.0,0.0,-1,7.8,8.12,7.48,,,,,,False,False,False
2017-08-02,1501632000,8.2,8.2,8.2,8.2,0,7.4,0.8,0.11,7.4,8.2,7.0,-1.2,-0.15,-1,7.72,8.07,7.64,,,,,,False,False,False
2017-08-03,1501718400,8.0,8.2,7.0,7.0,2000,7.4,-0.4,-0.05,8.2,8.2,8.2,1.2,0.17,1,7.64,7.9,7.75,,,,,,False,False,False
2017-08-04,1501804800,8.2,8.2,8.2,8.2,100,8.2,0.0,0.0,8.2,7.0,8.2,0.0,0.0,-1,7.8,7.85,7.92,,,,,,False,False,False
2017-08-07,1502064000,8.2,8.2,8.2,8.2,0,8.2,0.0,0.0,7.0,8.2,8.2,0.0,0.0,-1,7.96,7.8,8.08,,,,,,False,False,False
2017-08-08,1502150400,8.2,8.2,8.2,8.2,0,7.0,1.2,0.17,8.2,8.2,9.3,1.1,0.13,1,7.96,7.88,8.24,,,,,,False,False,False
2017-08-09,1502236800,8.2,9.3,8.2,9.3,200,8.2,1.1,0.13,8.2,8.2,8.8,-0.5,-0.05,-1,8.18,7.95,8.37,,,,,,False,False,False
2017-08-10,1502323200,8.8,8.8,8.8,8.8,0,8.2,0.6,0.07,8.2,9.3,7.5,-1.3,-0.15,-1,8.54,8.09,8.42,,,,,,False,False,False
2017-08-11,1502409600,7.5,7.5,7.5,7.5,500,8.2,-0.7,-0.09,9.3,8.8,6.4,-1.1,-0.15,-1,8.4,8.1,8.35,6.46,,,,,False,False,False
2017-08-14,1502668800,6.4,6.4,6.4,6.4,200,9.3,-2.9,-0.31,8.8,7.5,6.4,0.0,0.0,-1,8.04,8.0,8.16,6.49,,,6.46,,False,False,False
2017-08-15,1502755200,6.4,6.4,6.4,6.4,0,8.8,-2.4,-0.27,7.5,6.4,6.4,0.0,0.0,-1,7.68,7.82,7.97,6.52,,,6.49,,False,False,False
2017-08-16,1502841600,6.4,6.4,6.4,6.4,0,7.5,-1.1,-0.15,6.4,6.4,6.4,0.0,0.0,-1,7.1,7.64,7.86,6.55,,,6.52,,False,False,False
2017-08-17,1502928000,6.4,6.4,6.4,6.4,0,6.4,0.0,0.0,6.4,6.4,6.4,0.0,0.0,-1,6.62,7.58,7.74,6.58,,,6.55,,False,False,False
2017-08-18,1503014400,6.4,6.4,6.4,6.4,0,6.4,0.0,0.0,6.4,6.4,6.0,-0.4,-0.06,-1,6.4,7.4,7.62,6.61,,,6.58,,False,False,False
2017-08-21,1503273600,6.0,6.0,6.0,6.0,300,6.4,-0.4,-0.06,6.4,6.4,6.0,0.0,0.0,-1,6.32,7.18,7.49,6.63,,,6.61,,False,False,False
2017-08-22,1503360000,6.0,6.0,6.0,6.0,0,6.4,-0.4,-0.06,6.4,6.0,6.9,0.9,0.15,1,6.24,6.96,7.42,6.65,,,6.63,,False,False,False
2017-08-23,1503446400,6.9,6.9,6.9,6.9,300,6.4,0.5,0.08,6.0,6.0,6.9,0.0,0.0,-1,6.34,6.72,7.34,6.69,,,6.65,,False,False,False
2017-08-24,1503532800,6.9,6.9,6.9,6.9,0,6.0,0.9,0.15,6.0,6.9,6.9,0.0,0.0,-1,6.44,6.53,7.31,6.73,,,6.69,,False,False,False
2017-08-25,1503619200,6.9,6.9,6.9,6.9,0,6.0,0.9,0.15,6.9,6.9,6.9,0.0,0.0,-1,6.54,6.47,7.28,6.77,,,6.73,,False,False,False
2017-08-28,1503878400,6.9,6.9,6.9,6.9,0,6.9,0.0,0.0,6.9,6.9,6.9,0.0,0.0,-1,6.72,6.52,7.26,6.81,,,6.77,,False,False,False
2017-08-29,1503964800,6.9,6.9,6.9,6.9,0,6.9,0.0,0.0,6.9,6.9,6.9,0.0,0.0,-1,6.9,6.57,7.2,6.85,,,6.81,,False,False,False
2017-08-30,1504051200,6.9,6.9,6.9,6.9,0,6.9,0.0,0.0,6.9,6.9,7.0,0.1,0.01,1,6.9,6.62,7.13,6.89,,,6.85,,False,False,False
2017-08-31,1504137600,7.0,7.0,7.0,7.0,100,6.9,0.1,0.01,6.9,6.9,7.0,0.0,0.0,-1,6.92,6.68,7.13,6.93,,,6.89,,False,False,False
2017-09-01,1504224000,7.0,7.0,7.0,7.0,0,6.9,0.1,0.01,6.9,7.0,6.6,-0.4,-0.06,-1,6.94,6.74,7.07,6.97,,,6.93,,False,False,False
2017-09-05,1504569600,6.6,6.6,6.6,6.6,3000,6.9,-0.3,-0.04,7.0,7.0,6.6,0.0,0.0,-1,6.88,6.8,6.99,7.01,,,6.97,,False,False,False
2017-09-06,1504656000,6.6,6.6,6.6,6.6,0,7.0,-0.4,-0.06,7.0,6.6,6.6,0.0,0.0,-1,6.82,6.86,6.91,7.04,,,7.01,,False,False,False
2017-09-07,1504742400,6.6,6.6,6.6,6.6,100,7.0,-0.4,-0.06,6.6,6.6,6.6,0.0,0.0,-1,6.76,6.83,6.78,7.08,,,7.04,,False,False,False
2017-09-08,1504828800,6.6,6.6,6.6,6.6,0,6.6,0.0,0.0,6.6,6.6,7.0,0.4,0.06,1,6.68,6.8,6.66,7.11,,,7.08,,False,False,False
2017-09-11,1505088000,7.0,7.0,7.0,7.0,300,6.6,0.4,0.06,6.6,6.6,7.0,0.0,0.0,-1,6.68,6.81,6.64,7.15,,,7.11,,False,False,False
2017-09-12,1505174400,7.0,7.0,7.0,7.0,0,6.6,0.4,0.06,6.6,7.0,7.0,0.0,0.0,-1,6.76,6.82,6.67,7.19,,,7.15,,False,False,False
2017-09-13,1505260800,7.0,7.0,7.0,7.0,0,6.6,0.4,0.06,7.0,7.0,7.0,0.0,0.0,-1,6.84,6.83,6.7,7.24,,,7.19,,False,False,False
2017-09-14,1505347200,7.0,7.0,7.0,7.0,0,7.0,0.0,0.0,7.0,7.0,7.0,0.0,0.0,-1,6.92,6.84,6.73,7.28,,,7.24,,False,False,False
2017-09-15,1505433600,7.0,7.0,7.0,7.0,0,7.0,0.0,0.0,7.0,7.0,7.0,0.0,0.0,-1,7.0,6.84,6.76,7.32,,,7.28,,False,False,False
2017-09-18,1505692800,7.0,7.0,7.0,7.0,0,7.0,0.0,0.0,7.0,7.0,7.0,0.0,0.0,-1,7.0,6.84,6.79,7.36,,,7.32,,False,False,False
2017-09-19,1505779200,7.0,7.0,7.0,7.0,0,7.0,0.0,0.0,7.0,7.0,7.0,0.0,0.0,-1,7.0,6.88,6.84,7.4,,,7.36,,False,False,False
2017-09-20,1505865600,7.0,7.0,7.0,7.0,0,7.0,0.0,0.0,7.0,7.0,6.0,-1.0,-0.14,-1,7.0,6.92,6.89,7.45,,,7.4,,False,False,False
2017-09-21,1505952000,6.0,6.0,6.0,6.0,2000,7.0,-1.0,-0.14,7.0,7.0,6.0,0.0,0.0,-1,6.8,6.86,6.84,7.43,,,7.45,,False,False,False
2017-09-22,1506038400,6.0,6.0,6.0,6.0,0,7.0,-1.0,-0.14,7.0,6.0,6.0,0.0,0.0,-1,6.6,6.8,6.8,7.39,,,7.43,,False,False,False
2017-09-25,1506297600,6.0,6.0,6.0,6.0,0,7.0,-1.0,-0.14,6.0,6.0,6.0,0.0,0.0,-1,6.4,6.7,6.76,7.34,,,7.39,,False,False,False
2017-09-26,1506384000,6.0,6.0,6.0,6.0,600,6.0,0.0,0.0,6.0,6.0,6.0,0.0,0.0,-1,6.2,6.6,6.71,7.25,,,7.34,,False,False,False
2017-09-27,1506470400,6.0,6.0,6.0,6.0,0,6.0,0.0,0.0,6.0,6.0,6.0,0.0,0.0,-1,6.0,6.5,6.66,7.17,,,7.25,,False,False,False
2017-09-28,1506556800,6.0,6.0,6.0,6.0,0,6.0,0.0,0.0,6.0,6.0,6.0,0.0,0.0,-1,6.0,6.4,6.62,7.11,,,7.17,,False,False,False
2017-09-29,1506643200,6.0,6.0,6.0,6.0,400,6.0,0.0,0.0,6.0,6.0,6.0,0.0,0.0,-1,6.0,6.3,6.57,7.06,,,7.11,,False,False,False
2017-10-02,1506902400,6.0,6.0,6.0,6.0,0,6.0,0.0,0.0,6.0,6.0,6.0,0.0,0.0,-1,6.0,6.2,6.52,7.01,,,7.06,,False,False,False
2017-10-03,1506988800,6.0,6.0,6.0,6.0,0,6.0,0.0,0.0,6.0,6.0,6.0,0.0,0.0,-1,6.0,6.1,6.49,6.95,,,7.01,,False,False,False
2017-10-04,1507075200,6.0,6.0,6.0,6.0,0,6.0,0.0,0.0,6.0,6.0,6.0,0.0,0.0,-1,6.0,6.0,6.46,6.92,,,6.95,,False,False,False
2017-10-05,1507161600,6.0,6.0,6.0,6.0,0,6.0,0.0,0.0,6.0,6.0,6.0,0.0,0.0,-1,6.0,6.0,6.43,6.87,,,6.92,,False,False,False
2017-10-06,1507248000,6.0,6.0,6.0,6.0,0,6.0,0.0,0.0,6.0,6.0,6.0,0.0,0.0,-1,6.0,6.0,6.4,6.84,,,6.87,,False,False,False
2017-10-09,1507507200,6.0,6.0,6.0,6.0,0,6.0,0.0,0.0,6.0,6.0,6.5,0.5,0.08,1,6.0,6.0,6.35,6.82,,,6.84,,False,False,False
2017-10-10,1507593600,6.5,6.5,6.5,6.5,1000,6.0,0.5,0.08,6.0,6.0,6.5,0.0,0.0,-1,6.1,6.05,6.32,6.8,,,6.82,,False,False,False
2017-10-11,1507680000,6.5,6.5,6.5,6.5,0,6.0,0.5,0.08,6.0,6.5,6.5,0.0,0.0,-1,6.2,6.1,6.3,6.76,,,6.8,,False,False,False
2017-10-12,1507766400,6.5,6.5,6.5,6.5,0,6.0,0.5,0.08,6.5,6.5,6.5,0.0,0.0,-1,6.3,6.15,6.28,6.73,,,6.76,,False,False,False
2017-10-13,1507852800,6.5,6.5,6.5,6.5,0,6.5,0.0,0.0,6.5,6.5,6.5,0.0,0.0,-1,6.4,6.2,6.25,6.72,,,6.73,,False,False,False
2017-10-16,1508112000,6.5,6.5,6.5,6.5,0,6.5,0.0,0.0,6.5,6.5,6.5,0.0,0.0,-1,6.5,6.25,6.22,6.69,,,6.72,,False,False,False
2017-10-17,1508198400,6.5,6.5,6.5,6.5,0,6.5,0.0,0.0,6.5,6.5,6.5,0.0,0.0,-1,6.5,6.3,6.2,6.65,,,6.69,,False,False,False
2017-10-18,1508284800,6.5,6.5,6.5,6.5,0,6.5,0.0,0.0,6.5,6.5,6.5,0.0,0.0,-1,6.5,6.35,6.18,6.62,,,6.65,,False,False,False
2017-10-19,1508371200,6.5,6.5,6.5,6.5,0,6.5,0.0,0.0,6.5,6.5,6.5,0.0,0.0,-1,6.5,6.4,6.2,6.56,,,6.62,,False,False,False
2017-10-20,1508457600,6.5,6.5,6.5,6.5,0,6.5,0.0,0.0,6.5,6.5,6.5,0.0,0.0,-1,6.5,6.45,6.22,6.52,,,6.56,,False,False,False
2017-10-23,1508716800,6.5,6.5,6.5,6.5,0,6.5,0.0,0.0,6.5,6.5,6.5,0.0,0.0,-1,6.5,6.5,6.25,6.5,6.48,,6.52,,False,False,False
2017-10-24,1508803200,6.5,6.5,6.5,6.5,0,6.5,0.0,0.0,6.5,6.5,6.5,0.0,0.0,-1,6.5,6.5,6.28,6.5,6.49,,6.5,,False,False,False
2017-10-25,1508889600,6.5,6.5,6.5,6.5,0,6.5,0.0,0.0,6.5,6.5,7.0,0.5,0.08,1,6.5,6.5,6.3,6.5,6.51,,6.5,,False,False,False
2017-10-26,1508976000,7.0,7.0,7.0,7.0,100,6.5,0.5,0.08,6.5,6.5,7.0,0.0,0.0,-1,6.6,6.55,6.35,6.51,6.53,,6.5,,False,False,False
2017-10-27,1509062400,7.0,7.0,7.0,7.0,0,6.5,0.5,0.08,6.5,7.0,7.0,0.0,0.0,-1,6.7,6.6,6.4,6.52,6.55,,6.51,,False,False,False
2017-10-30,1509321600,7.0,7.0,7.0,7.0,0,6.5,0.5,0.08,7.0,7.0,7.0,0.0,0.0,-1,6.8,6.65,6.45,6.54,6.57,,6.52,,False,False,False
2017-10-31,1509408000,7.0,7.0,7.0,7.0,0,7.0,0.0,0.0,7.0,7.0,7.0,0.0,0.0,-1,6.9,6.7,6.5,6.56,6.59,,6.54,,False,False,False
2017-11-01,1509494400,7.0,7.0,7.0,7.0,0,7.0,0.0,0.0,7.0,7.0,7.5,0.5,0.07,1,7.0,6.75,6.55,6.58,6.61,,6.56,,False,False,False
2017-11-02,1509580800,7.5,7.5,7.5,7.5,100,7.0,0.5,0.07,7.0,7.0,8.0,0.5,0.07,1,7.1,6.85,6.62,6.59,6.64,,6.58,,False,False,False
2017-11-03,1509667200,8.0,8.0,8.0,8.0,100,7.0,1.0,0.14,7.0,7.5,8.0,0.0,0.0,-1,7.3,7.0,6.72,6.61,6.67,,6.59,,False,False,False
2017-11-06,1509926400,8.0,8.0,8.0,8.0,0,7.0,1.0,0.14,7.5,8.0,8.0,0.0,0.0,-1,7.5,7.15,6.82,6.63,6.7,,6.61,,False,False,False
2017-11-07,1510012800,8.0,8.0,8.0,8.0,0,7.5,0.5,0.07,8.0,8.0,8.5,0.5,0.06,1,7.7,7.3,6.9,6.65,6.73,,6.63,,False,False,False
2017-11-08,1510099200,8.5,8.5,8.5,8.5,100,8.0,0.5,0.06,8.0,8.0,8.5,0.0,0.0,-1,8.0,7.5,7.0,6.69,6.77,,6.65,,False,False,False
2017-11-09,1510185600,8.5,8.5,8.5,8.5,0,8.0,0.5,0.06,8.0,8.5,9.7,1.2,0.14,1,8.2,7.65,7.1,6.72,6.8,,6.69,,False,False,False
2017-11-10,1510272000,9.7,9.7,9.7,9.7,100,8.0,1.7,0.21,8.5,8.5,9.7,0.0,0.0,-1,8.54,7.92,7.26,6.77,6.85,,6.72,,False,False,False
2017-11-13,1510531200,9.7,9.7,9.7,9.7,0,8.5,1.2,0.14,8.5,9.7,9.7,0.0,0.0,-1,8.88,8.19,7.42,6.83,6.9,,6.77,,False,False,False
2017-11-14,1510617600,9.7,9.7,9.7,9.7,0,8.5,1.2,0.14,9.7,9.7,9.7,0.0,0.0,-1,9.22,8.46,7.58,6.89,6.95,,6.83,,False,False,False
2017-11-15,1510704000,9.7,9.7,9.7,9.7,0,9.7,0.0,0.0,9.7,9.7,9.7,0.0,0.0,-1,9.46,8.73,7.74,6.95,7.0,,6.89,,False,False,False
2017-11-16,1510790400,9.7,9.7,9.7,9.7,0,9.7,0.0,0.0,9.7,9.7,9.7,0.0,0.0,-1,9.7,8.95,7.9,7.01,7.04,,6.95,,False,False,False
2017-11-17,1510876800,9.7,9.7,9.7,9.7,0,9.7,0.0,0.0,9.7,9.7,9.7,0.0,0.0,-1,9.7,9.12,8.06,7.07,7.09,,7.01,,False,False,False
2017-11-20,1511136000,9.7,9.7,9.7,9.7,3000,9.7,0.0,0.0,9.7,9.7,9.7,0.0,0.0,-1,9.7,9.29,8.22,7.13,7.14,,7.07,,False,False,False
2017-11-21,1511222400,9.7,9.7,9.7,9.7,0,9.7,0.0,0.0,9.7,9.7,9.7,0.0,0.0,-1,9.7,9.46,8.38,7.18,7.19,,7.13,,False,False,False
2017-11-22,1511308800,9.7,9.7,9.7,9.7,0,9.7,0.0,0.0,9.7,9.7,9.7,0.0,0.0,-1,9.7,9.58,8.54,7.24,7.24,,7.18,,False,False,False
2017-11-23,1511395200,9.7,9.7,9.7,9.7,0,9.7,0.0,0.0,9.7,9.7,9.7,0.0,0.0,-1,9.7,9.7,8.68,7.29,7.28,,7.24,,False,False,False
2017-11-24,1511481600,9.7,9.7,9.7,9.7,0,9.7,0.0,0.0,9.7,9.7,9.7,0.0,0.0,-1,9.7,9.7,8.81,7.34,7.33,,7.29,,False,False,False
2017-11-27,1511740800,9.7,9.7,9.7,9.7,0,9.7,0.0,0.0,9.7,9.7,9.7,0.0,0.0,-1,9.7,9.7,8.94,7.4,7.38,,7.34,,False,False,False
2017-11-28,1511827200,9.7,9.7,9.7,9.7,0,9.7,0.0,0.0,9.7,9.7,9.7,0.0,0.0,-1,9.7,9.7,9.08,7.45,7.43,,7.4,,False,False,False
2017-11-29,1511913600,9.7,9.7,9.7,9.7,0,9.7,0.0,0.0,9.7,9.7,9.7,0.0,0.0,-1,9.7,9.7,9.22,7.51,7.48,,7.45,,False,False,False
2017-11-30,1512000000,9.7,9.7,9.7,9.7,0,9.7,0.0,0.0,9.7,9.7,8.3,-1.4,-0.14,-1,9.7,9.7,9.32,7.58,7.5,,7.51,,False,False,False
2017-12-01,1512086400,8.3,8.3,8.3,8.3,3000,9.7,-1.4,-0.14,9.7,9.7,8.3,0.0,0.0,-1,9.42,9.56,9.34,7.63,7.51,,7.58,,False,False,False
2017-12-04,1512345600,8.3,8.3,8.3,8.3,0,9.7,-1.4,-0.14,9.7,8.3,8.3,0.0,0.0,-1,9.14,9.42,9.36,7.67,7.5,,7.63,,False,False,False
2017-12-05,1512432000,8.3,8.3,8.3,8.3,0,9.7,-1.4,-0.14,8.3,8.3,8.3,0.0,0.0,-1,8.86,9.28,9.37,7.72,7.48,,7.67,,False,False,False
2017-12-06,1512518400,8.3,8.3,8.3,8.3,0,8.3,0.0,0.0,8.3,8.3,9.5,1.2,0.14,1,8.58,9.14,9.36,7.76,7.47,,7.72,,False,False,False
2017-12-07,1512604800,9.5,9.5,9.5,9.5,100,8.3,1.2,0.14,8.3,8.3,9.9,0.4,0.04,1,8.54,9.12,9.41,7.83,7.47,,7.76,,False,False,False
2017-12-08,1512691200,9.9,9.9,9.9,9.9,100,8.3,1.6,0.19,8.3,9.5,9.9,0.0,0.0,-1,8.86,9.14,9.42,7.91,7.49,,7.83,,False,False,False
2017-12-11,1512950400,9.9,9.9,9.9,9.9,0,8.3,1.6,0.19,9.5,9.9,9.9,0.0,0.0,-1,9.18,9.16,9.43,7.99,7.5,,7.91,,False,False,False
2017-12-12,1513036800,9.9,9.9,9.9,9.9,0,9.5,0.4,0.04,9.9,9.9,9.9,0.0,0.0,-1,9.5,9.18,9.44,8.07,7.51,,7.99,,False,False,False
2017-12-13,1513123200,9.9,9.9,9.9,9.9,0,9.9,0.0,0.0,9.9,9.9,9.9,0.0,0.0,-1,9.82,9.2,9.45,8.15,7.54,,8.07,,False,False,False
2017-12-14,1513209600,9.9,9.9,9.9,9.9,0,9.9,0.0,0.0,9.9,9.9,9.9,0.0,0.0,-1,9.9,9.22,9.46,8.22,7.55,,8.15,,False,False,False
2017-12-15,1513296000,9.9,9.9,9.9,9.9,0,9.9,0.0,0.0,9.9,9.9,9.9,0.0,0.0,-1,9.9,9.38,9.47,8.3,7.57,,8.22,,False,False,False
2017-12-18,1513555200,9.9,9.9,9.9,9.9,0,9.9,0.0,0.0,9.9,9.9,9.9,0.0,0.0,-1,9.9,9.54,9.48,8.38,7.6,,8.3,,False,False,False
2017-12-19,1513641600,9.9,9.9,9.9,9.9,0,9.9,0.0,0.0,9.9,9.9,9.9,0.0,0.0,-1,9.9,9.7,9.49,8.45,7.62,,8.38,,False,False,False
2017-12-20,1513728000,9.9,9.9,9.9,9.9,0,9.9,0.0,0.0,9.9,9.9,9.9,0.0,0.0,-1,9.9,9.86,9.5,8.52,7.64,,8.45,,False,False,False
2017-12-21,1513814400,9.9,9.9,9.9,9.9,0,9.9,0.0,0.0,9.9,9.9,9.9,0.0,0.0,-1,9.9,9.9,9.51,8.58,7.66,,8.52,,False,False,False
2017-12-22,1513900800,9.9,9.9,9.9,9.9,0,9.9,0.0,0.0,9.9,9.9,9.9,0.0,0.0,-1,9.9,9.9,9.52,8.65,7.69,,8.58,,False,False,False
2017-12-25,1514160000,9.9,9.9,9.9,9.9,0,9.9,0.0,0.0,9.9,9.9,9.9,0.0,0.0,-1,9.9,9.9,9.53,8.72,7.7,,8.65,,False,False,False
2017-12-26,1514246400,9.9,9.9,9.9,9.9,1000,9.9,0.0,0.0,9.9,9.9,9.9,0.0,0.0,-1,9.9,9.9,9.54,8.79,7.72,,8.72,,False,False,False
2017-12-27,1514332800,9.9,9.9,9.9,9.9,0,9.9,0.0,0.0,9.9,9.9,9.9,0.0,0.0,-1,9.9,9.9,9.55,8.86,7.74,,8.79,,False,False,False
2017-12-28,1514419200,9.9,9.9,9.9,9.9,0,9.9,0.0,0.0,9.9,9.9,9.9,0.0,0.0,-1,9.9,9.9,9.56,8.92,7.74,,8.86,,False,False,False
2017-12-29,1514505600,9.9,9.9,9.9,9.9,0,9.9,0.0,0.0,9.9,9.9,9.9,0.0,0.0,-1,9.9,9.9,9.64,8.99,7.75,,8.92,,False,False,False
2018-01-02,1514851200,9.9,9.9,9.9,9.9,0,9.9,0.0,0.0,9.9,9.9,8.9,-1.0,-0.1,-1,9.9,9.9,9.72,9.06,7.78,,8.99,,False,False,False
2018-01-03,1514937600,9.0,9.0,8.6,8.9,2100,9.9,-1.0,-0.1,9.9,9.9,8.9,0.0,0.0,-1,9.7,9.8,9.75,9.11,7.8,,9.06,,False,False,False
2018-01-04,1515024000,8.9,8.9,8.9,8.9,0,9.9,-1.0,-0.1,9.9,8.9,8.9,0.0,0.0,-1,9.5,9.7,9.78,9.16,7.83,,9.11,,False,False,False
2018-01-05,1515110400,8.9,8.9,8.9,8.9,0,9.9,-1.0,-0.1,8.9,8.9,8.9,0.0,0.0,-1,9.3,9.6,9.75,9.19,7.85,,9.16,,False,False,False
2018-01-08,1515369600,9.6,9.6,8.9,8.9,2000,8.9,0.0,0.0,8.9,8.9,8.0,-0.9,-0.1,-1,9.1,9.5,9.7,9.23,7.88,,9.19,,False,False,False
2018-01-09,1515456000,8.0,8.0,8.0,8.0,200,8.9,-0.9,-0.1,8.9,8.9,7.5,-0.5,-0.06,-1,8.72,9.31,9.6,9.25,7.89,,9.23,,False,False,False
2018-01-10,1515542400,7.5,7.5,7.5,7.5,1300,8.9,-1.4,-0.16,8.9,8.0,7.0,-0.5,-0.07,-1,8.44,9.07,9.48,9.26,7.91,,9.25,,False,False,False
2018-01-11,1515628800,7.0,7.0,7.0,7.0,3400,8.9,-1.9,-0.21,8.0,7.5,7.0,0.0,0.0,-1,8.06,8.78,9.34,9.26,7.92,,9.26,,False,False,False
2018-01-12,1515715200,7.0,7.0,7.0,7.0,0,8.0,-1.0,-0.12,7.5,7.0,8.0,1.0,0.14,1,7.68,8.49,9.2,9.25,7.92,,9.26,,False,False,False
2018-01-15,1515974400,8.0,8.0,8.0,8.0,200,7.5,0.5,0.07,7.0,7.0,8.0,0.0,0.0,-1,7.5,8.3,9.1,9.25,7.93,,9.25,,False,False,False
2018-01-16,1516060800,8.0,8.0,8.0,8.0,0,7.0,1.0,0.14,7.0,8.0,8.0,0.0,0.0,-1,7.5,8.11,9.0,9.25,7.94,,9.25,,False,False,False
2018-01-17,1516147200,8.0,8.0,8.0,8.0,0,7.0,1.0,0.14,8.0,8.0,8.0,0.0,0.0,-1,7.6,8.02,8.91,9.25,7.95,,9.25,,False,False,False
2018-01-18,1516233600,8.0,8.0,8.0,8.0,0,8.0,0.0,0.0,8.0,8.0,9.0,1.0,0.12,1,7.8,7.93,8.82,9.24,7.96,,9.25,,False,False,False
2018-01-19,1516320000,9.0,9.0,9.0,9.0,1000,8.0,1.0,0.12,8.0,8.0,9.0,0.0,0.0,-1,8.2,7.94,8.77,9.25,7.98,,9.24,,False,False,False
2018-01-22,1516579200,9.0,9.0,9.0,9.0,0,8.0,1.0,0.12,8.0,9.0,9.0,0.0,0.0,-1,8.4,7.95,8.72,9.24,8.01,,9.25,,False,False,False
2018-01-23,1516665600,9.0,9.0,9.0,9.0,0,8.0,1.0,0.12,9.0,9.0,9.0,0.0,0.0,-1,8.6,8.05,8.68,9.22,8.02,,9.24,,False,False,False
2018-01-24,1516752000,9.0,9.0,9.0,9.0,0,9.0,0.0,0.0,9.0,9.0,9.0,0.0,0.0,-1,8.8,8.2,8.64,9.21,8.05,,9.22,,False,False,False
2018-01-25,1516838400,9.0,9.0,9.0,9.0,0,9.0,0.0,0.0,9.0,9.0,9.0,0.0,0.0,-1,9.0,8.4,8.59,9.2,8.07,,9.21,,False,False,False
2018-01-26,1516924800,9.0,9.0,9.0,9.0,0,9.0,0.0,0.0,9.0,9.0,9.0,0.0,0.0,-1,9.0,8.6,8.54,9.18,8.1,,9.2,,False,False,False
2018-01-29,1517184000,9.0,9.0,9.0,9.0,0,9.0,0.0,0.0,9.0,9.0,9.0,0.0,0.0,-1,9.0,8.7,8.5,9.17,8.12,,9.18,,False,False,False
2018-01-30,1517270400,9.0,9.0,9.0,9.0,0,9.0,0.0,0.0,9.0,9.0,9.0,0.0,0.0,-1,9.0,8.8,8.46,9.15,8.14,,9.17,,False,False,False
2018-01-31,1517356800,9.0,9.0,9.0,9.0,0,9.0,0.0,0.0,9.0,9.0,9.0,0.0,0.0,-1,9.0,8.9,8.46,9.14,8.16,,9.15,,False,False,False
2018-02-01,1517443200,9.0,9.0,9.0,9.0,0,9.0,0.0,0.0,9.0,9.0,9.0,0.0,0.0,-1,9.0,9.0,8.46,9.13,8.18,,9.14,,False,False,False
2018-02-02,1517529600,9.0,9.0,9.0,9.0,0,9.0,0.0,0.0,9.0,9.0,7.7,-1.3,-0.14,-1,9.0,9.0,8.47,9.11,8.2,,9.13,,False,False,False
2018-02-05,1517788800,7.7,7.7,7.7,7.7,500,9.0,-1.3,-0.14,9.0,9.0,7.7,0.0,0.0,-1,8.74,8.87,8.41,9.07,8.21,,9.11,,False,False,False
2018-02-06,1517875200,7.7,7.7,7.7,7.7,0,9.0,-1.3,-0.14,9.0,7.7,7.7,0.0,0.0,-1,8.48,8.74,8.4,9.03,8.22,,9.07,,False,False,False
2018-02-07,1517961600,7.7,7.7,7.7,7.7,0,9.0,-1.3,-0.14,7.7,7.7,7.7,0.0,0.0,-1,8.22,8.61,8.4,8.99,8.22,,9.03,,False,False,False
2018-02-08,1518048000,7.7,7.7,7.7,7.7,0,7.7,0.0,0.0,7.7,7.7,7.7,0.0,0.0,-1,7.96,8.48,8.44,8.95,8.23,,8.99,,False,False,False
2018-02-09,1518134400,7.7,7.7,7.7,7.7,0,7.7,0.0,0.0,7.7,7.7,7.7,0.0,0.0,-1,7.7,8.35,8.48,8.91,8.25,,8.95,,False,False,False
2018-02-12,1518393600,7.7,7.7,7.7,7.7,0,7.7,0.0,0.0,7.7,7.7,7.7,0.0,0.0,-1,7.7,8.22,8.46,8.9,8.26,,8.91,,False,False,False
2018-02-13,1518480000,7.7,7.7,7.7,7.7,0,7.7,0.0,0.0,7.7,7.7,7.7,0.0,0.0,-1,7.7,8.09,8.44,8.89,8.28,,8.9,,False,False,False
2018-02-21,1519171200,7.7,7.7,7.7,7.7,0,7.7,0.0,0.0,7.7,7.7,7.7,0.0,0.0,-1,7.7,7.96,8.43,8.88,8.3,,8.89,,False,False,False
2018-02-22,1519257600,7.7,7.7,7.7,7.7,0,7.7,0.0,0.0,7.7,7.7,7.7,0.0,0.0,-1,7.7,7.83,8.42,8.86,8.31,,8.88,,False,False,False
2018-02-23,1519344000,7.7,7.7,7.7,7.7,0,7.7,0.0,0.0,7.7,7.7,7.0,-0.7,-0.09,-1,7.7,7.7,8.35,8.83,8.33,,8.86,,False,False,False
2018-02-26,1519603200,7.0,7.0,7.0,7.0,500,7.7,-0.7,-0.09,7.7,7.7,7.0,0.0,0.0,-1,7.56,7.63,8.25,8.77,8.34,,8.83,,False,False,False
2018-02-27,1519689600,7.0,7.0,7.0,7.0,500,7.7,-0.7,-0.09,7.7,7.0,7.0,0.0,0.0,-1,7.42,7.56,8.15,8.71,8.35,,8.77,,False,False,False
2018-02-28,1519776000,7.0,7.0,7.0,7.0,0,7.7,-0.7,-0.09,7.0,7.0,7.0,0.0,0.0,-1,7.28,7.49,8.05,8.65,8.36,,8.71,,False,False,False
2018-03-01,1519862400,7.0,7.0,7.0,7.0,0,7.0,0.0,0.0,7.0,7.0,7.0,0.0,0.0,-1,7.14,7.42,7.95,8.6,8.37,,8.65,,False,False,False
2018-03-02,1519948800,7.0,7.0,7.0,7.0,0,7.0,0.0,0.0,7.0,7.0,7.8,0.8,0.11,1,7.0,7.35,7.85,8.54,8.38,,8.6,,False,False,False
2018-03-05,1520208000,7.8,7.8,7.8,7.8,1000,7.0,0.8,0.11,7.0,7.0,7.8,0.0,0.0,-1,7.16,7.36,7.79,8.5,8.4,,8.54,,False,False,False
2018-03-06,1520294400,7.8,7.8,7.8,7.8,0,7.0,0.8,0.11,7.0,7.8,7.8,0.0,0.0,-1,7.32,7.37,7.73,8.45,8.42,,8.5,,False,False,False
2018-03-07,1520380800,7.8,7.8,7.8,7.8,0,7.0,0.8,0.11,7.8,7.8,7.9,0.1,0.01,1,7.48,7.38,7.67,8.41,8.43,,8.45,,False,False,False
2018-03-08,1520467200,7.9,7.9,7.9,7.9,100,7.8,0.1,0.01,7.8,7.8,8.0,0.1,0.01,1,7.66,7.4,7.62,8.37,8.44,,8.41,,False,False,False
2018-03-09,1520553600,6.8,8.0,6.8,8.0,300,7.8,0.2,0.03,7.8,7.9,7.6,-0.4,-0.05,-1,7.86,7.43,7.56,8.33,8.46,,8.37,,False,False,False
2018-03-12,1520812800,7.6,7.6,7.6,7.6,0,7.8,-0.2,-0.03,7.9,8.0,7.6,0.0,0.0,-1,7.82,7.49,7.56,8.29,8.47,,8.33,,False,False,False
2018-03-13,1520899200,7.6,7.6,7.6,7.6,0,7.9,-0.3,-0.04,8.0,7.6,7.6,0.0,0.0,-1,7.78,7.55,7.56,8.24,8.48,,8.29,,False,False,False
2018-03-14,1520985600,7.6,7.6,7.6,7.6,0,8.0,-0.4,-0.05,7.6,7.6,7.6,0.0,0.0,-1,7.74,7.61,7.55,8.2,8.49,,8.24,,False,False,False
2018-03-15,1521072000,7.6,7.6,7.6,7.6,0,7.6,0.0,0.0,7.6,7.6,7.6,0.0,0.0,-1,7.68,7.67,7.54,8.15,8.5,,8.2,,False,False,False
2018-03-16,1521158400,7.6,7.6,7.6,7.6,0,7.6,0.0,0.0,7.6,7.6,7.6,0.0,0.0,-1,7.6,7.73,7.54,8.1,8.51,,8.15,,False,False,False
2018-03-19,1521417600,7.6,7.6,7.6,7.6,0,7.6,0.0,0.0,7.6,7.6,7.6,0.0,0.0,-1,7.6,7.71,7.53,8.06,8.52,,8.1,,False,False,False
2018-03-20,1521504000,7.6,7.6,7.6,7.6,0,7.6,0.0,0.0,7.6,7.6,7.6,0.0,0.0,-1,7.6,7.69,7.53,8.01,8.54,7.51,8.06,,False,True,False
2018-03-21,1521590400,7.6,7.6,7.6,7.6,0,7.6,0.0,0.0,7.6,7.6,7.6,0.0,0.0,-1,7.6,7.67,7.52,7.99,8.55,7.52,8.01,7.51,False,True,False
2018-03-22,1521676800,7.6,7.6,7.6,7.6,0,7.6,0.0,0.0,7.6,7.6,7.6,0.0,0.0,-1,7.6,7.64,7.52,7.96,8.56,7.53,7.99,7.52,False,True,False
2018-03-23,1521763200,7.6,7.6,7.6,7.6,0,7.6,0.0,0.0,7.6,7.6,7.6,0.0,0.0,-1,7.6,7.6,7.52,7.93,8.56,7.55,7.96,7.53,False,True,False
2018-03-26,1522022400,7.6,7.6,7.6,7.6,0,7.6,0.0,0.0,7.6,7.6,7.6,0.0,0.0,-1,7.6,7.6,7.54,7.91,8.57,7.56,7.93,7.55,False,True,False
2018-03-27,1522108800,7.6,7.6,7.6,7.6,0,7.6,0.0,0.0,7.6,7.6,7.6,0.0,0.0,-1,7.6,7.6,7.58,7.9,8.58,7.57,7.91,7.56,False,True,False
2018-03-28,1522195200,7.6,7.6,7.6,7.6,210,7.6,0.0,0.0,7.6,7.6,7.6,0.0,0.0,-1,7.6,7.6,7.6,7.9,8.58,7.59,7.9,7.57,False,True,False
2018-03-29,1522281600,7.6,7.6,7.6,7.6,0,7.6,0.0,0.0,7.6,7.6,7.5,-0.1,-0.01,-1,7.6,7.6,7.64,7.91,8.59,7.6,7.9,7.59,False,True,False
2018-03-30,1522368000,7.5,7.5,7.5,7.5,200,7.6,-0.1,-0.01,7.6,7.6,7.5,0.0,0.0,-1,7.58,7.59,7.66,7.92,8.59,7.61,7.91,7.6,False,True,False
2018-04-02,1522627200,7.5,7.5,7.5,7.5,0,7.6,-0.1,-0.01,7.6,7.5,7.5,0.0,0.0,-1,7.56,7.58,7.64,7.91,8.58,7.63,7.92,7.61,False,True,False
2018-04-03,1522713600,7.5,7.5,7.5,7.5,0,7.6,-0.1,-0.01,7.5,7.5,7.5,0.0,0.0,-1,7.54,7.57,7.63,7.9,8.58,7.64,7.91,7.63,False,True,False
2018-04-04,1522800000,7.5,7.5,7.5,7.5,0,7.5,0.0,0.0,7.5,7.5,7.5,0.0,0.0,-1,7.52,7.56,7.61,7.89,8.57,7.65,7.9,7.64,False,True,False
2018-04-05,1522886400,7.5,7.5,7.5,7.5,0,7.5,0.0,0.0,7.5,7.5,7.5,0.0,0.0,-1,7.5,7.55,7.59,7.88,8.56,7.67,7.89,7.65,False,True,False
2018-04-06,1522972800,7.5,7.5,7.5,7.5,0,7.5,0.0,0.0,7.5,7.5,7.5,0.0,0.0,-1,7.5,7.54,7.57,7.85,8.55,7.68,7.88,7.67,False,True,False
2018-04-09,1523232000,7.5,7.5,7.5,7.5,0,7.5,0.0,0.0,7.5,7.5,7.5,0.0,0.0,-1,7.5,7.53,7.56,7.82,8.53,7.69,7.85,7.68,False,True,False
2018-04-10,1523318400,7.5,7.5,7.5,7.5,0,7.5,0.0,0.0,7.5,7.5,7.5,0.0,0.0,-1,7.5,7.52,7.56,7.79,8.51,7.7,7.82,7.69,False,True,False
2018-04-11,1523404800,7.5,7.5,7.5,7.5,0,7.5,0.0,0.0,7.5,7.5,7.5,0.0,0.0,-1,7.5,7.51,7.56,7.76,8.49,7.72,7.79,7.7,False,True,False
2018-04-12,1523491200,7.5,7.5,7.5,7.5,0,7.5,0.0,0.0,7.5,7.5,7.5,0.0,0.0,-1,7.5,7.5,7.55,7.73,8.46,7.73,7.76,7.72,False,True,False
2018-04-13,1523577600,7.5,7.5,7.5,7.5,0,7.5,0.0,0.0,7.5,7.5,7.5,0.0,0.0,-1,7.5,7.5,7.54,7.7,8.44,7.74,7.73,7.73,True,False,False
2018-04-16,1523836800,7.5,7.5,7.5,7.5,1000,7.5,0.0,0.0,7.5,7.5,7.5,0.0,0.0,-1,7.5,7.5,7.54,7.67,8.42,7.76,7.7,7.74,True,False,False
2018-04-17,1523923200,7.5,7.5,7.5,7.5,1000,7.5,0.0,0.0,7.5,7.5,7.5,0.0,0.0,-1,7.5,7.5,7.53,7.64,8.4,7.77,7.67,7.76,True,False,False
2018-04-18,1524009600,7.5,7.5,7.5,7.5,0,7.5,0.0,0.0,7.5,7.5,7.5,0.0,0.0,-1,7.5,7.5,7.53,7.61,8.38,7.78,7.64,7.77,True,False,False
2018-04-19,1524096000,7.5,7.5,7.5,7.5,0,7.5,0.0,0.0,7.5,7.5,7.5,0.0,0.0,-1,7.5,7.5,7.52,7.58,8.36,7.8,7.61,7.78,True,False,False
2018-04-20,1524182400,7.5,7.5,7.5,7.5,0,7.5,0.0,0.0,7.5,7.5,7.5,0.0,0.0,-1,7.5,7.5,7.52,7.55,8.33,7.81,7.58,7.8,True,False,False
2018-04-23,1524441600,7.5,7.5,7.5,7.5,0,7.5,0.0,0.0,7.5,7.5,7.5,0.0,0.0,-1,7.5,7.5,7.51,7.55,8.31,7.82,7.55,7.81,True,False,False
2018-04-24,1524528000,7.5,7.5,7.5,7.5,0,7.5,0.0,0.0,7.5,7.5,7.5,0.0,0.0,-1,7.5,7.5,7.51,7.55,8.29,7.83,7.55,7.82,True,False,False
2018-04-26,1524700800,7.5,7.5,7.5,7.5,0,7.5,0.0,0.0,7.5,7.5,7.5,0.0,0.0,-1,7.5,7.5,7.5,7.54,8.27,7.85,7.55,7.83,True,False,False
2018-04-27,1524787200,7.5,7.5,7.5,7.5,0,7.5,0.0,0.0,7.5,7.5,7.5,0.0,0.0,-1,7.5,7.5,7.5,7.54,8.24,7.86,7.54,7.85,True,False,False
2018-05-02,1525219200,7.5,7.5,7.5,7.5,0,7.5,0.0,0.0,7.5,7.5,7.5,0.0,0.0,-1,7.5,7.5,7.5,7.53,8.22,7.86,7.54,7.86,True,False,False
2018-05-03,1525305600,7.5,7.5,7.5,7.5,0,7.5,0.0,0.0,7.5,7.5,7.5,0.0,0.0,-1,7.5,7.5,7.5,7.53,8.22,7.86,7.53,7.86,True,False,False
2018-05-04,1525392000,7.5,7.5,7.5,7.5,0,7.5,0.0,0.0,7.5,7.5,7.5,0.0,0.0,-1,7.5,7.5,7.5,7.53,8.21,7.86,7.53,7.86,True,False,False
2018-05-07,1525651200,7.5,7.5,7.5,7.5,0,7.5,0.0,0.0,7.5,7.5,7.5,0.0,0.0,-1,7.5,7.5,7.5,7.52,8.2,7.84,7.53,7.86,True,False,False
2018-05-08,1525737600,7.5,7.5,7.5,7.5,0,7.5,0.0,0.0,7.5,7.5,7.5,0.0,0.0,-1,7.5,7.5,7.5,7.52,8.19,7.83,7.52,7.84,True,False,False
2018-05-09,1525824000,7.5,7.5,7.5,7.5,0,7.5,0.0,0.0,7.5,7.5,7.5,0.0,0.0,-1,7.5,7.5,7.5,7.51,8.17,7.82,7.52,7.83,True,False,False
2018-05-10,1525910400,7.5,7.5,7.5,7.5,0,7.5,0.0,0.0,7.5,7.5,7.5,0.0,0.0,-1,7.5,7.5,7.5,7.52,8.15,7.82,7.51,7.82,True,False,False
2018-05-11,1525996800,7.5,7.5,7.5,7.5,0,7.5,0.0,0.0,7.5,7.5,7.5,0.0,0.0,-1,7.5,7.5,7.5,7.53,8.12,7.81,7.52,7.82,True,False,False
2018-05-14,1526256000,7.5,7.5,7.5,7.5,0,7.5,0.0,0.0,7.5,7.5,7.5,0.0,0.0,-1,7.5,7.5,7.5,7.54,8.1,7.8,7.53,7.81,True,False,False
2018-05-15,1526342400,7.5,7.5,7.5,7.5,0,7.5,0.0,0.0,7.5,7.5,7.5,0.0,0.0,-1,7.5,7.5,7.5,7.55,8.07,7.8,7.54,7.8,True,False,False
2018-05-16,1526428800,7.5,7.5,7.5,7.5,0,7.5,0.0,0.0,7.5,7.5,7.5,0.0,0.0,-1,7.5,7.5,7.5,7.56,8.05,7.8,7.55,7.8,True,False,False
2018-05-17,1526515200,7.5,7.5,7.5,7.5,0,7.5,0.0,0.0,7.5,7.5,7.5,0.0,0.0,-1,7.5,7.5,7.5,7.56,8.03,7.8,7.56,7.8,True,False,False
2018-05-18,1526601600,7.5,7.5,7.5,7.5,0,7.5,0.0,0.0,7.5,7.5,7.5,0.0,0.0,-1,7.5,7.5,7.5,7.55,8.0,7.8,7.56,7.8,True,False,False
2018-05-21,1526860800,7.5,7.5,7.5,7.5,0,7.5,0.0,0.0,7.5,7.5,7.5,0.0,0.0,-1,7.5,7.5,7.5,7.55,7.98,7.8,7.55,7.8,True,False,False
2018-05-22,1526947200,7.5,7.5,7.5,7.5,0,7.5,0.0,0.0,7.5,7.5,7.5,0.0,0.0,-1,7.5,7.5,7.5,7.54,7.96,7.8,7.55,7.8,True,False,False
2018-05-23,1527033600,7.5,7.5,7.5,7.5,0,7.5,0.0,0.0,7.5,7.5,7.5,0.0,0.0,-1,7.5,7.5,7.5,7.53,7.93,7.79,7.54,7.8,True,False,False
2018-05-24,1527120000,7.5,7.5,7.5,7.5,0,7.5,0.0,0.0,7.5,7.5,7.5,0.0,0.0,-1,7.5,7.5,7.5,7.53,7.91,7.8,7.53,7.79,True,False,False
2018-05-25,1527206400,7.5,7.5,7.5,7.5,0,7.5,0.0,0.0,7.5,7.5,7.5,0.0,0.0,-1,7.5,7.5,7.5,7.52,7.88,7.79,7.53,7.8,True,False,False
2018-05-28,1527465600,7.5,7.5,7.5,7.5,0,7.5,0.0,0.0,7.5,7.5,7.5,0.0,0.0,-1,7.5,7.5,7.5,7.52,7.86,7.79,7.52,7.79,True,False,False
2018-05-29,1527552000,7.5,7.5,7.5,7.5,0,7.5,0.0,0.0,7.5,7.5,7.5,0.0,0.0,-1,7.5,7.5,7.5,7.52,7.84,7.79,7.52,7.79,True,False,False
2018-05-30,1527638400,7.5,7.5,7.5,7.5,0,7.5,0.0,0.0,7.5,7.5,7.5,0.0,0.0,-1,7.5,7.5,7.5,7.52,7.81,7.78,7.52,7.79,True,False,False
2018-05-31,1527724800,7.5,7.5,7.5,7.5,0,7.5,0.0,0.0,7.5,7.5,7.5,0.0,0.0,-1,7.5,7.5,7.5,7.52,7.79,7.77,7.52,7.78,True,False,False
2018-06-01,1527811200,7.5,7.5,7.5,7.5,0,7.5,0.0,0.0,7.5,7.5,4.5,-3.0,-0.4,-1,7.5,7.5,7.5,7.51,7.76,7.77,7.52,7.77,True,False,False
2018-06-04,1528070400,4.5,4.5,4.5,4.5,100,7.5,-3.0,-0.4,7.5,7.5,4.8,0.3,0.07,1,6.9,7.2,7.35,7.45,7.72,7.76,7.51,7.77,True,False,False
2018-06-05,1528156800,5.1,5.1,4.8,4.8,2500,7.5,-2.7,-0.36,7.5,4.5,4.8,0.0,0.0,-1,6.36,6.93,7.22,7.4,7.68,7.75,7.45,7.76,True,False,False
2018-06-06,1528243200,4.8,4.8,4.8,4.8,0,7.5,-2.7,-0.36,4.5,4.8,5.0,0.2,0.04,1,5.82,6.66,7.08,7.34,7.64,7.74,7.4,7.75,True,False,False
2018-06-07,1528329600,5.0,5.0,5.0,5.0,100,4.5,0.5,0.11,4.8,4.8,5.0,0.0,0.0,-1,5.32,6.41,6.96,7.29,7.6,7.74,7.34,7.74,True,False,False
2018-06-08,1528416000,5.0,5.0,5.0,5.0,0,4.8,0.2,0.04,4.8,5.0,5.0,0.0,0.0,-1,4.82,6.16,6.83,7.24,7.57,7.73,7.29,7.74,True,False,False
2018-06-11,1528675200,5.0,5.0,5.0,5.0,10,4.8,0.2,0.04,5.0,5.0,5.0,0.0,0.0,-1,4.92,5.91,6.71,7.18,7.54,7.73,7.24,7.73,True,False,False
2018-06-12,1528761600,5.0,5.0,5.0,5.0,0,5.0,0.0,0.0,5.0,5.0,5.0,0.0,0.0,-1,4.96,5.66,6.58,7.13,7.52,7.72,7.18,7.73,True,False,False
2018-06-13,1528848000,5.0,5.0,5.0,5.0,0,5.0,0.0,0.0,5.0,5.0,5.3,0.3,0.06,1,5.0,5.41,6.46,7.08,7.5,7.71,7.13,7.72,True,False,False
2018-06-14,1528934400,5.3,5.3,5.3,5.3,100,5.0,0.3,0.06,5.0,5.0,5.3,0.0,0.0,-1,5.06,5.19,6.34,7.04,7.48,7.7,7.08,7.71,True,False,False
2018-06-15,1529020800,5.3,5.3,5.3,5.3,0,5.0,0.3,0.06,5.0,5.3,5.3,0.0,0.0,-1,5.12,4.97,6.24,6.99,7.45,7.7,7.04,7.7,True,False,False
2018-06-18,1529280000,5.3,5.3,5.3,5.3,0,5.0,0.3,0.06,5.3,5.3,5.3,0.0,0.0,-1,5.18,5.05,6.12,6.95,7.42,7.69,6.99,7.7,True,False,False
2018-06-19,1529366400,5.3,5.3,5.3,5.3,10,5.3,0.0,0.0,5.3,5.3,5.3,0.0,0.0,-1,5.24,5.1,6.02,6.91,7.4,7.68,6.95,7.69,True,False,False
2018-06-20,1529452800,5.3,5.3,5.3,5.3,0,5.3,0.0,0.0,5.3,5.3,5.3,0.0,0.0,-1,5.3,5.15,5.9,6.86,7.36,7.67,6.91,7.68,True,False,False
2018-06-21,1529539200,5.3,5.3,5.3,5.3,0,5.3,0.0,0.0,5.3,5.3,5.0,-0.3,-0.06,-1,5.3,5.18,5.8,6.82,7.32,7.66,6.86,7.67,True,False,False
2018-06-22,1529625600,5.0,5.0,5.0,5.0,100,5.3,-0.3,-0.06,5.3,5.3,5.0,0.0,0.0,-1,5.24,5.18,5.67,6.77,7.28,7.65,6.82,7.66,True,False,False
2018-06-25,1529884800,5.0,5.0,5.0,5.0,700,5.3,-0.3,-0.06,5.3,5.0,5.0,0.0,0.0,-1,5.18,5.18,5.54,6.72,7.24,7.64,6.77,7.65,True,False,False
2018-06-26,1529971200,5.0,5.0,5.0,5.0,0,5.3,-0.3,-0.06,5.0,5.0,5.0,0.0,0.0,-1,5.12,5.18,5.42,6.67,7.2,7.64,6.72,7.64,True,False,False
2018-06-27,1530057600,5.0,5.0,5.0,5.0,0,5.0,0.0,0.0,5.0,5.0,5.0,0.0,0.0,-1,5.06,5.18,5.3,6.62,7.16,7.63,6.67,7.64,True,False,False
2018-06-28,1530144000,5.7,5.7,5.0,5.0,200,5.0,0.0,0.0,5.0,5.0,5.0,0.0,0.0,-1,5.0,5.15,5.17,6.57,7.12,7.62,6.62,7.63,True,False,False
2018-06-29,1530230400,5.0,5.0,5.0,5.0,800,5.0,0.0,0.0,5.0,5.0,5.0,0.0,0.0,-1,5.0,5.12,5.04,6.52,7.08,7.61,6.57,7.62,True,False,False
2018-07-02,1530489600,5.0,5.0,5.0,5.0,0,5.0,0.0,0.0,5.0,5.0,5.0,0.0,0.0,-1,5.0,5.09,5.07,6.47,7.04,7.6,6.52,7.61,True,False,False
2018-07-03,1530576000,5.0,5.0,5.0,5.0,0,5.0,0.0,0.0,5.0,5.0,5.0,0.0,0.0,-1,5.0,5.06,5.08,6.42,7.0,7.59,6.47,7.6,True,False,False
2018-07-04,1530662400,5.0,5.0,5.0,5.0,0,5.0,0.0,0.0,5.0,5.0,5.0,0.0,0.0,-1,5.0,5.03,5.09,6.37,6.96,7.58,6.42,7.59,True,False,False
2018-07-05,1530748800,5.0,5.0,5.0,5.0,0,5.0,0.0,0.0,5.0,5.0,5.0,0.0,0.0,-1,5.0,5.0,5.09,6.32,6.93,7.57,6.37,7.58,True,False,False
2018-07-06,1530835200,5.0,5.0,5.0,5.0,0,5.0,0.0,0.0,5.0,5.0,5.0,0.0,0.0,-1,5.0,5.0,5.09,6.27,6.91,7.56,6.32,7.57,True,False,False
2018-07-09,1531094400,5.0,5.0,5.0,5.0,0,5.0,0.0,0.0,5.0,5.0,5.0,0.0,0.0,-1,5.0,5.0,5.09,6.22,6.88,7.55,6.27,7.56,True,False,False
2018-07-10,1531180800,5.0,5.0,5.0,5.0,0,5.0,0.0,0.0,5.0,5.0,5.0,0.0,0.0,-1,5.0,5.0,5.09,6.17,6.85,7.54,6.22,7.55,True,False,False
2018-07-11,1531267200,5.0,5.0,5.0,5.0,0,5.0,0.0,0.0,5.0,5.0,5.0,0.0,0.0,-1,5.0,5.0,5.09,6.12,6.83,7.54,6.17,7.54,True,False,False
2018-07-12,1531353600,5.0,5.0,5.0,5.0,0,5.0,0.0,0.0,5.0,5.0,5.0,0.0,0.0,-1,5.0,5.0,5.08,6.07,6.8,7.53,6.12,7.54,True,False,False
2018-07-13,1531440000,5.0,5.0,5.0,5.0,0,5.0,0.0,0.0,5.0,5.0,5.0,0.0,0.0,-1,5.0,5.0,5.06,6.02,6.77,7.53,6.07,7.53,True,False,False
2018-07-16,1531699200,5.0,5.0,5.0,5.0,0,5.0,0.0,0.0,5.0,5.0,5.0,0.0,0.0,-1,5.0,5.0,5.04,5.97,6.74,7.52,6.02,7.53,True,False,False
2018-07-17,1531785600,5.0,5.0,5.0,5.0,0,5.0,0.0,0.0,5.0,5.0,5.0,0.0,0.0,-1,5.0,5.0,5.03,5.92,6.72,7.52,5.97,7.52,True,False,False
2018-07-18,1531872000,5.0,5.0,5.0,5.0,400,5.0,0.0,0.0,5.0,5.0,5.0,0.0,0.0,-1,5.0,5.0,5.01,5.87,6.69,7.51,5.92,7.52,True,False,False
2018-07-19,1531958400,5.0,5.0,5.0,5.0,0,5.0,0.0,0.0,5.0,5.0,5.0,0.0,0.0,-1,5.0,5.0,5.0,5.82,6.67,7.51,5.87,7.51,True,False,False
2018-07-20,1532044800,5.0,5.0,5.0,5.0,0,5.0,0.0,0.0,5.0,5.0,5.0,0.0,0.0,-1,5.0,5.0,5.0,5.77,6.65,7.5,5.82,7.51,True,False,False
2018-07-23,1532304000,5.0,5.0,5.0,5.0,0,5.0,0.0,0.0,5.0,5.0,5.0,0.0,0.0,-1,5.0,5.0,5.0,5.72,6.63,7.5,5.77,7.5,True,False,False
2018-07-24,1532390400,5.0,5.0,5.0,5.0,0,5.0,0.0,0.0,5.0,5.0,5.0,0.0,0.0,-1,5.0,5.0,5.0,5.67,6.61,7.49,5.72,7.5,True,False,False
2018-07-25,1532476800,5.0,5.0,5.0,5.0,0,5.0,0.0,0.0,5.0,5.0,5.0,0.0,0.0,-1,5.0,5.0,5.0,5.62,6.59,7.49,5.67,7.49,True,False,False
2018-07-26,1532563200,5.0,5.0,5.0,5.0,0,5.0,0.0,0.0,5.0,5.0,5.0,0.0,0.0,-1,5.0,5.0,5.0,5.57,6.56,7.48,5.62,7.49,True,False,False
2018-07-27,1532649600,5.0,5.0,5.0,5.0,0,5.0,0.0,0.0,5.0,5.0,5.0,0.0,0.0,-1,5.0,5.0,5.0,5.52,6.54,7.48,5.57,7.48,True,False,False
2018-07-30,1532908800,5.0,5.0,5.0,5.0,0,5.0,0.0,0.0,5.0,5.0,5.0,0.0,0.0,-1,5.0,5.0,5.0,5.47,6.51,7.47,5.52,7.48,True,False,False
2018-07-31,1532995200,5.0,5.0,5.0,5.0,0,5.0,0.0,0.0,5.0,5.0,5.0,0.0,0.0,-1,5.0,5.0,5.0,5.42,6.48,7.46,5.47,7.47,True,False,False
2018-08-01,1533081600,5.0,5.0,5.0,5.0,0,5.0,0.0,0.0,5.0,5.0,5.0,0.0,0.0,-1,5.0,5.0,5.0,5.37,6.45,7.45,5.42,7.46,True,False,False
2018-08-02,1533168000,5.0,5.0,5.0,5.0,0,5.0,0.0,0.0,5.0,5.0,5.0,0.0,0.0,-1,5.0,5.0,5.0,5.32,6.42,7.45,5.37,7.45,True,False,False
2018-08-03,1533254400,5.0,5.0,5.0,5.0,0,5.0,0.0,0.0,5.0,5.0,5.0,0.0,0.0,-1,5.0,5.0,5.0,5.27,6.4,7.44,5.32,7.45,True,False,False
2018-08-06,1533513600,5.0,5.0,5.0,5.0,0,5.0,0.0,0.0,5.0,5.0,5.0,0.0,0.0,-1,5.0,5.0,5.0,5.22,6.37,7.43,5.27,7.44,True,False,False
2018-08-07,1533600000,5.0,5.0,5.0,5.0,0,5.0,0.0,0.0,5.0,5.0,5.0,0.0,0.0,-1,5.0,5.0,5.0,5.17,6.34,7.42,5.22,7.43,True,False,False
2018-08-08,1533686400,5.0,5.0,5.0,5.0,0,5.0,0.0,0.0,5.0,5.0,5.0,0.0,0.0,-1,5.0,5.0,5.0,5.12,6.32,7.42,5.17,7.42,True,False,False
2018-08-09,1533772800,5.0,5.0,5.0,5.0,0,5.0,0.0,0.0,5.0,5.0,5.0,0.0,0.0,-1,5.0,5.0,5.0,5.07,6.29,7.41,5.12,7.42,True,False,False
2018-08-10,1533859200,5.0,5.0,5.0,5.0,0,5.0,0.0,0.0,5.0,5.0,4.3,-0.7,-0.14,-1,5.0,5.0,5.0,5.02,6.27,7.4,5.07,7.41,True,False,False
2018-08-13,1534118400,4.3,4.3,4.3,4.3,900,5.0,-0.7,-0.14,5.0,5.0,4.3,0.0,0.0,-1,4.86,4.93,4.97,5.01,6.23,7.39,5.02,7.4,True,False,False
2018-08-14,1534204800,4.3,4.3,4.3,4.3,0,5.0,-0.7,-0.14,5.0,4.3,4.3,0.0,0.0,-1,4.72,4.86,4.93,5.0,6.2,7.38,5.01,7.39,True,False,False
2018-08-15,1534291200,4.3,4.3,4.3,4.3,0,5.0,-0.7,-0.14,4.3,4.3,4.3,0.0,0.0,-1,4.58,4.79,4.9,4.99,6.17,7.37,5.0,7.38,True,False,False
2018-08-16,1534377600,4.3,4.3,4.3,4.3,0,4.3,0.0,0.0,4.3,4.3,4.9,0.6,0.14,1,4.44,4.72,4.86,4.98,6.13,7.35,4.99,7.37,True,False,False
2018-08-17,1534464000,4.9,4.9,4.9,4.9,500,4.3,0.6,0.14,4.3,4.3,4.9,0.0,0.0,-1,4.42,4.71,4.86,4.98,6.11,7.34,4.98,7.35,True,False,False
2018-08-20,1534723200,4.9,4.9,4.9,4.9,0,4.3,0.6,0.14,4.3,4.9,4.9,0.0,0.0,-1,4.54,4.7,4.85,4.98,6.08,7.33,4.98,7.34,True,False,False
2018-08-21,1534809600,4.9,4.9,4.9,4.9,0,4.3,0.6,0.14,4.9,4.9,4.9,0.0,0.0,-1,4.66,4.69,4.85,4.97,6.05,7.32,4.98,7.33,True,False,False
2018-08-22,1534896000,4.9,4.9,4.9,4.9,0,4.9,0.0,0.0,4.9,4.9,4.9,0.0,0.0,-1,4.78,4.68,4.84,4.97,6.03,7.31,4.97,7.32,True,False,False
2018-08-23,1534982400,4.9,4.9,4.9,4.9,0,4.9,0.0,0.0,4.9,4.9,4.9,0.0,0.0,-1,4.9,4.67,4.84,4.96,6.0,7.29,4.97,7.31,True,False,False
2018-08-24,1535068800,4.9,4.9,4.9,4.9,0,4.9,0.0,0.0,4.9,4.9,4.9,0.0,0.0,-1,4.9,4.66,4.83,4.96,5.98,7.28,4.96,7.29,True,False,False
2018-08-27,1535328000,4.9,4.9,4.9,4.9,0,4.9,0.0,0.0,4.9,4.9,4.9,0.0,0.0,-1,4.9,4.72,4.82,4.95,5.95,7.26,4.96,7.28,True,False,False
2018-08-28,1535414400,4.9,4.9,4.9,4.9,0,4.9,0.0,0.0,4.9,4.9,4.9,0.0,0.0,-1,4.9,4.78,4.82,4.94,5.92,7.24,4.95,7.26,True,False,False
2018-08-29,1535500800,4.9,4.9,4.9,4.9,0,4.9,0.0,0.0,4.9,4.9,4.9,0.0,0.0,-1,4.9,4.84,4.82,4.93,5.9,7.22,4.94,7.24,True,False,False
2018-08-30,1535587200,4.9,4.9,4.9,4.9,0,4.9,0.0,0.0,4.9,4.9,4.9,0.0,0.0,-1,4.9,4.9,4.81,4.92,5.87,7.2,4.93,7.22,True,False,False
2018-08-31,1535673600,4.9,4.9,4.9,4.9,0,4.9,0.0,0.0,4.9,4.9,4.9,0.0,0.0,-1,4.9,4.9,4.81,4.92,5.84,7.18,4.92,7.2,True,False,False
2018-09-04,1536019200,4.9,4.9,4.9,4.9,0,4.9,0.0,0.0,4.9,4.9,4.9,0.0,0.0,-1,4.9,4.9,4.8,4.92,5.82,7.15,4.92,7.18,True,False,False
2018-09-05,1536105600,4.9,4.9,4.9,4.9,0,4.9,0.0,0.0,4.9,4.9,4.9,0.0,0.0,-1,4.9,4.9,4.8,4.92,5.79,7.13,4.92,7.15,True,False,False
2018-09-06,1536192000,4.9,4.9,4.9,4.9,0,4.9,0.0,0.0,4.9,4.9,4.9,0.0,0.0,-1,4.9,4.9,4.79,4.92,5.77,7.1,4.92,7.13,True,False,False
2018-09-07,1536278400,4.9,4.9,4.9,4.9,0,4.9,0.0,0.0,4.9,4.9,4.9,0.0,0.0,-1,4.9,4.9,4.78,4.91,5.74,7.08,4.92,7.1,True,False,False
2018-09-10,1536537600,4.9,4.9,4.9,4.9,0,4.9,0.0,0.0,4.9,4.9,4.9,0.0,0.0,-1,4.9,4.9,4.78,4.91,5.72,7.06,4.91,7.08,True,False,False
2018-09-11,1536624000,4.9,4.9,4.9,4.9,0,4.9,0.0,0.0,4.9,4.9,4.9,0.0,0.0,-1,4.9,4.9,4.81,4.91,5.69,7.03,4.91,7.06,True,False,False
2018-09-12,1536710400,4.9,4.9,4.9,4.9,0,4.9,0.0,0.0,4.9,4.9,4.9,0.0,0.0,-1,4.9,4.9,4.84,4.91,5.66,7.01,4.91,7.03,True,False,False
2018-09-13,1536796800,4.9,4.9,4.9,4.9,0,4.9,0.0,0.0,4.9,4.9,4.9,0.0,0.0,-1,4.9,4.9,4.87,4.91,5.64,6.98,4.91,7.01,True,False,False
2018-09-14,1536883200,4.9,4.9,4.9,4.9,0,4.9,0.0,0.0,4.9,4.9,4.9,0.0,0.0,-1,4.9,4.9,4.9,4.9,5.61,6.96,4.91,6.98,True,False,False
2018-09-17,1537142400,4.9,4.9,4.9,4.9,0,4.9,0.0,0.0,4.9,4.9,4.9,0.0,0.0,-1,4.9,4.9,4.9,4.9,5.58,6.94,4.9,6.96,True,False,False
2018-09-18,1537228800,4.9,4.9,4.9,4.9,0,4.9,0.0,0.0,4.9,4.9,4.9,0.0,0.0,-1,4.9,4.9,4.9,4.9,5.56,6.91,4.9,6.94,True,False,False
2018-09-19,1537315200,4.9,4.9,4.9,4.9,0,4.9,0.0,0.0,4.9,4.9,4.9,0.0,0.0,-1,4.9,4.9,4.9,4.9,5.53,6.89,4.9,6.91,True,False,False
2018-09-20,1537401600,4.9,4.9,4.9,4.9,0,4.9,0.0,0.0,4.9,4.9,5.0,0.1,0.02,1,4.9,4.9,4.9,4.9,5.51,6.86,4.9,6.89,True,False,False
2018-09-21,1537488000,5.0,5.0,5.0,5.0,100,4.9,0.1,0.02,4.9,4.9,5.0,0.0,0.0,-1,4.92,4.91,4.9,4.9,5.48,6.85,4.9,6.86,True,False,False
2018-09-24,1537747200,5.0,5.0,5.0,5.0,0,4.9,0.1,0.02,4.9,5.0,5.0,0.0,0.0,-1,4.94,4.92,4.91,4.9,5.46,6.83,4.9,6.85,True,False,False
2018-09-25,1537833600,5.0,5.0,5.0,5.0,0,4.9,0.1,0.02,5.0,5.0,5.0,0.0,0.0,-1,4.96,4.93,4.92,4.9,5.43,6.82,4.9,6.83,True,False,False
2018-09-26,1537920000,5.0,5.0,5.0,5.0,0,5.0,0.0,0.0,5.0,5.0,5.0,0.0,0.0,-1,4.98,4.94,4.92,4.9,5.41,6.8,4.9,6.82,True,False,False
2018-09-27,1538006400,5.0,5.0,5.0,5.0,0,5.0,0.0,0.0,5.0,5.0,5.0,0.0,0.0,-1,5.0,4.95,4.92,4.9,5.38,6.78,4.9,6.8,True,False,False
2018-09-28,1538092800,5.0,5.0,5.0,5.0,0,5.0,0.0,0.0,5.0,5.0,5.0,0.0,0.0,-1,5.0,4.96,4.93,4.9,5.36,6.75,4.9,6.78,True,False,False
2018-10-01,1538352000,5.0,5.0,5.0,5.0,0,5.0,0.0,0.0,5.0,5.0,5.0,0.0,0.0,-1,5.0,4.97,4.94,4.9,5.33,6.73,4.9,6.75,True,False,False
2018-10-02,1538438400,5.0,5.0,5.0,5.0,0,5.0,0.0,0.0,5.0,5.0,5.0,0.0,0.0,-1,5.0,4.98,4.94,4.9,5.31,6.7,4.9,6.73,True,False,False
2018-10-03,1538524800,5.0,5.0,5.0,5.0,0,5.0,0.0,0.0,5.0,5.0,5.0,0.0,0.0,-1,5.0,4.99,4.94,4.9,5.28,6.68,4.9,6.7,True,False,False
2018-10-04,1538611200,5.0,5.0,5.0,5.0,0,5.0,0.0,0.0,5.0,5.0,5.0,0.0,0.0,-1,5.0,5.0,4.95,4.9,5.26,6.65,4.9,6.68,True,False,False
2018-10-05,1538697600,5.0,5.0,5.0,5.0,0,5.0,0.0,0.0,5.0,5.0,5.0,0.0,0.0,-1,5.0,5.0,4.96,4.9,5.23,6.63,4.9,6.65,True,False,False
2018-10-08,1538956800,5.0,5.0,5.0,5.0,0,5.0,0.0,0.0,5.0,5.0,5.0,0.0,0.0,-1,5.0,5.0,4.96,4.9,5.21,6.6,4.9,6.63,True,False,False
2018-10-09,1539043200,5.0,5.0,5.0,5.0,500,5.0,0.0,0.0,5.0,5.0,5.0,0.0,0.0,-1,5.0,5.0,4.96,4.9,5.18,6.58,4.9,6.6,True,False,False
2018-10-10,1539129600,5.0,5.0,5.0,5.0,0,5.0,0.0,0.0,5.0,5.0,5.0,0.0,0.0,-1,5.0,5.0,4.97,4.9,5.16,6.56,4.9,6.58,True,False,False
2018-10-11,1539216000,5.0,5.0,5.0,5.0,0,5.0,0.0,0.0,5.0,5.0,5.0,0.0,0.0,-1,5.0,5.0,4.97,4.9,5.13,6.53,4.9,6.56,True,False,False
2018-10-12,1539302400,5.0,5.0,5.0,5.0,0,5.0,0.0,0.0,5.0,5.0,5.0,0.0,0.0,-1,5.0,5.0,4.98,4.9,5.11,6.51,4.9,6.53,True,False,False
2018-10-15,1539561600,5.0,5.0,5.0,5.0,0,5.0,0.0,0.0,5.0,5.0,5.0,0.0,0.0,-1,5.0,5.0,4.99,4.9,5.08,6.48,4.9,6.51,True,False,False
2018-10-16,1539648000,5.0,5.0,5.0,5.0,0,5.0,0.0,0.0,5.0,5.0,5.0,0.0,0.0,-1,5.0,5.0,4.99,4.9,5.06,6.46,4.9,6.48,True,False,False
2018-10-17,1539734400,5.0,5.0,5.0,5.0,300,5.0,0.0,0.0,5.0,5.0,5.0,0.0,0.0,-1,5.0,5.0,5.0,4.9,5.03,6.43,4.9,6.46,True,False,False
2018-10-18,1539820800,5.0,5.0,5.0,5.0,0,5.0,0.0,0.0,5.0,5.0,5.0,0.0,0.0,-1,5.0,5.0,5.0,4.9,5.01,6.41,4.9,6.43,True,False,False
2018-10-19,1539907200,5.0,5.0,5.0,5.0,0,5.0,0.0,0.0,5.0,5.0,5.0,0.0,0.0,-1,5.0,5.0,5.0,4.9,4.98,6.38,4.9,6.41,True,False,False
2018-10-22,1540166400,5.0,5.0,5.0,5.0,0,5.0,0.0,0.0,5.0,5.0,5.0,0.0,0.0,-1,5.0,5.0,5.0,4.9,4.96,6.36,4.9,6.38,True,False,False
2018-10-23,1540252800,5.0,5.0,5.0,5.0,0,5.0,0.0,0.0,5.0,5.0,5.0,0.0,0.0,-1,5.0,5.0,5.0,4.91,4.96,6.34,4.9,6.36,True,False,False
2018-10-24,1540339200,5.0,5.0,5.0,5.0,0,5.0,0.0,0.0,5.0,5.0,5.0,0.0,0.0,-1,5.0,5.0,5.0,4.92,4.96,6.32,4.91,6.34,True,False,False
2018-10-25,1540425600,5.0,5.0,5.0,5.0,0,5.0,0.0,0.0,5.0,5.0,5.0,0.0,0.0,-1,5.0,5.0,5.0,4.94,4.97,6.3,4.92,6.32,True,False,False
2018-10-26,1540512000,5.0,5.0,5.0,5.0,0,5.0,0.0,0.0,5.0,5.0,5.0,0.0,0.0,-1,5.0,5.0,5.0,4.95,4.97,6.28,4.94,6.3,True,False,False
2018-10-29,1540771200,5.0,5.0,5.0,5.0,0,5.0,0.0,0.0,5.0,5.0,5.0,0.0,0.0,-1,5.0,5.0,5.0,4.95,4.97,6.27,4.95,6.28,True,False,False
2018-10-30,1540857600,5.0,5.0,5.0,5.0,0,5.0,0.0,0.0,5.0,5.0,5.0,0.0,0.0,-1,5.0,5.0,5.0,4.96,4.97,6.25,4.95,6.27,True,False,False
2018-10-31,1540944000,5.0,5.0,5.0,5.0,0,5.0,0.0,0.0,5.0,5.0,5.5,0.5,0.1,1,5.0,5.0,5.0,4.96,4.97,6.24,4.96,6.25,True,False,False
2018-11-01,1541030400,5.5,5.5,5.5,5.5,100,5.0,0.5,0.1,5.0,5.0,5.5,0.0,0.0,-1,5.1,5.05,5.03,4.97,4.97,6.24,4.96,6.24,True,False,False
2018-11-02,1541116800,5.5,5.5,5.5,5.5,0,5.0,0.5,0.1,5.0,5.5,5.5,0.0,0.0,-1,5.2,5.1,5.05,4.98,4.97,6.22,4.97,6.24,True,False,False
2018-11-05,1541376000,5.5,5.5,5.5,5.5,0,5.0,0.5,0.1,5.5,5.5,5.5,0.0,0.0,-1,5.3,5.15,5.08,4.99,4.97,6.21,4.98,6.22,True,False,False
2018-11-06,1541462400,5.5,5.5,5.5,5.5,0,5.5,0.0,0.0,5.5,5.5,5.5,0.0,0.0,-1,5.4,5.2,5.1,5.01,4.98,6.2,4.99,6.21,True,False,False
2018-11-07,1541548800,5.5,5.5,5.5,5.5,0,5.5,0.0,0.0,5.5,5.5,5.5,0.0,0.0,-1,5.5,5.25,5.12,5.02,4.98,6.19,5.01,6.2,True,False,False
2018-11-08,1541635200,5.5,5.5,5.5,5.5,0,5.5,0.0,0.0,5.5,5.5,5.5,0.0,0.0,-1,5.5,5.3,5.15,5.03,4.98,6.17,5.02,6.19,True,False,False
2018-11-09,1541721600,5.5,5.5,5.5,5.5,0,5.5,0.0,0.0,5.5,5.5,5.5,0.0,0.0,-1,5.5,5.35,5.18,5.04,4.98,6.15,5.03,6.17,True,False,False
2018-11-12,1541980800,5.5,5.5,5.5,5.5,0,5.5,0.0,0.0,5.5,5.5,5.5,0.0,0.0,-1,5.5,5.4,5.2,5.05,4.99,6.13,5.04,6.15,True,False,False
2018-11-13,1542067200,5.5,5.5,5.5,5.5,0,5.5,0.0,0.0,5.5,5.5,5.5,0.0,0.0,-1,5.5,5.45,5.22,5.07,4.99,6.12,5.05,6.13,True,False,False
2018-11-14,1542153600,5.5,5.5,5.5,5.5,0,5.5,0.0,0.0,5.5,5.5,5.5,0.0,0.0,-1,5.5,5.5,5.25,5.08,5.0,6.1,5.07,6.12,True,False,False
2018-11-15,1542240000,5.5,5.5,5.5,5.5,0,5.5,0.0,0.0,5.5,5.5,5.5,0.0,0.0,-1,5.5,5.5,5.28,5.09,5.0,6.08,5.08,6.1,True,False,False
2018-11-16,1542326400,5.5,5.5,5.5,5.5,0,5.5,0.0,0.0,5.5,5.5,5.5,0.0,0.0,-1,5.5,5.5,5.3,5.1,5.01,6.06,5.09,6.08,True,False,False
2018-11-19,1542585600,5.5,5.5,5.5,5.5,0,5.5,0.0,0.0,5.5,5.5,5.5,0.0,0.0,-1,5.5,5.5,5.32,5.11,5.01,6.05,5.1,6.06,True,False,False
2018-11-20,1542672000,5.5,5.5,5.5,5.5,0,5.5,0.0,0.0,5.5,5.5,5.5,0.0,0.0,-1,5.5,5.5,5.35,5.13,5.02,6.03,5.11,6.05,True,False,False
2018-11-21,1542758400,5.5,5.5,5.5,5.5,0,5.5,0.0,0.0,5.5,5.5,5.5,0.0,0.0,-1,5.5,5.5,5.38,5.14,5.02,6.01,5.13,6.03,True,False,False
2018-11-22,1542844800,5.5,5.5,5.5,5.5,0,5.5,0.0,0.0,5.5,5.5,5.5,0.0,0.0,-1,5.5,5.5,5.4,5.15,5.03,5.99,5.14,6.01,True,False,False
2018-11-23,1542931200,5.5,5.5,5.5,5.5,0,5.5,0.0,0.0,5.5,5.5,5.5,0.0,0.0,-1,5.5,5.5,5.42,5.16,5.03,5.98,5.15,5.99,True,False,False
2018-11-26,1543190400,5.5,5.5,5.5,5.5,0,5.5,0.0,0.0,5.5,5.5,5.5,0.0,0.0,-1,5.5,5.5,5.45,5.17,5.04,5.97,5.16,5.98,True,False,False
2018-11-27,1543276800,5.5,5.5,5.5,5.5,0,5.5,0.0,0.0,5.5,5.5,5.5,0.0,0.0,-1,5.5,5.5,5.48,5.19,5.04,5.96,5.17,5.97,True,False,False
2018-11-28,1543363200,5.5,5.5,5.5,5.5,0,5.5,0.0,0.0,5.5,5.5,5.5,0.0,0.0,-1,5.5,5.5,5.5,5.2,5.05,5.95,5.19,5.96,True,False,False
2018-11-29,1543449600,5.5,5.5,5.5,5.5,0,5.5,0.0,0.0,5.5,5.5,5.5,0.0,0.0,-1,5.5,5.5,5.5,5.21,5.05,5.94,5.2,5.95,True,False,False
2018-11-30,1543536000,5.5,5.5,5.5,5.5,0,5.5,0.0,0.0,5.5,5.5,5.5,0.0,0.0,-1,5.5,5.5,5.5,5.22,5.06,5.93,5.21,5.94,True,False,False
2018-12-03,1543795200,5.5,5.5,5.5,5.5,0,5.5,0.0,0.0,5.5,5.5,5.5,0.0,0.0,-1,5.5,5.5,5.5,5.23,5.06,5.92,5.22,5.93,True,False,False
2018-12-04,1543881600,5.5,5.5,5.5,5.5,0,5.5,0.0,0.0,5.5,5.5,5.5,0.0,0.0,-1,5.5,5.5,5.5,5.24,5.07,5.91,5.23,5.92,True,False,False
2018-12-05,1543968000,5.5,5.5,5.5,5.5,0,5.5,0.0,0.0,5.5,5.5,5.5,0.0,0.0,-1,5.5,5.5,5.5,5.25,5.07,5.9,5.24,5.91,True,False,False
2018-12-06,1544054400,5.5,5.5,5.5,5.5,0,5.5,0.0,0.0,5.5,5.5,5.5,0.0,0.0,-1,5.5,5.5,5.5,5.26,5.08,5.88,5.25,5.9,True,False,False
2018-12-07,1544140800,5.5,5.5,5.5,5.5,0,5.5,0.0,0.0,5.5,5.5,5.5,0.0,0.0,-1,5.5,5.5,5.5,5.27,5.08,5.88,5.26,5.88,True,False,False
2018-12-10,1544400000,5.5,5.5,5.5,5.5,0,5.5,0.0,0.0,5.5,5.5,5.5,0.0,0.0,-1,5.5,5.5,5.5,5.28,5.09,5.87,5.27,5.88,True,False,False
2018-12-11,1544486400,5.5,5.5,5.5,5.5,0,5.5,0.0,0.0,5.5,5.5,5.5,0.0,0.0,-1,5.5,5.5,5.5,5.29,5.09,5.86,5.28,5.87,True,False,False
2018-12-12,1544572800,5.5,5.5,5.5,5.5,0,5.5,0.0,0.0,5.5,5.5,5.5,0.0,0.0,-1,5.5,5.5,5.5,5.3,5.1,5.85,5.29,5.86,True,False,False
2018-12-13,1544659200,5.5,5.5,5.5,5.5,0,5.5,0.0,0.0,5.5,5.5,5.5,0.0,0.0,-1,5.5,5.5,5.5,5.31,5.1,5.85,5.3,5.85,True,False,False
2018-12-14,1544745600,5.5,5.5,5.5,5.5,0,5.5,0.0,0.0,5.5,5.5,5.5,0.0,0.0,-1,5.5,5.5,5.5,5.32,5.11,5.84,5.31,5.85,True,False,False
2018-12-17,1545004800,5.5,5.5,5.5,5.5,0,5.5,0.0,0.0,5.5,5.5,5.5,0.0,0.0,-1,5.5,5.5,5.5,5.33,5.11,5.82,5.32,5.84,True,False,False
2018-12-18,1545091200,5.5,5.5,5.5,5.5,0,5.5,0.0,0.0,5.5,5.5,5.5,0.0,0.0,-1,5.5,5.5,5.5,5.34,5.12,5.81,5.33,5.82,True,False,False
2018-12-19,1545177600,5.5,5.5,5.5,5.5,0,5.5,0.0,0.0,5.5,5.5,5.5,0.0,0.0,-1,5.5,5.5,5.5,5.35,5.12,5.8,5.34,5.81,True,False,False
2018-12-20,1545264000,5.5,5.5,5.5,5.5,0,5.5,0.0,0.0,5.5,5.5,5.5,0.0,0.0,-1,5.5,5.5,5.5,5.36,5.13,5.79,5.35,5.8,True,False,False
2018-12-21,1545350400,5.5,5.5,5.5,5.5,0,5.5,0.0,0.0,5.5,5.5,5.5,0.0,0.0,-1,5.5,5.5,5.5,5.37,5.13,5.78,5.36,5.79,True,False,False
2018-12-24,1545609600,5.5,5.5,5.5,5.5,0,5.5,0.0,0.0,5.5,5.5,5.5,0.0,0.0,-1,5.5,5.5,5.5,5.38,5.14,5.77,5.37,5.78,True,False,False
2018-12-25,1545696000,5.5,5.5,5.5,5.5,0,5.5,0.0,0.0,5.5,5.5,5.5,0.0,0.0,-1,5.5,5.5,5.5,5.39,5.14,5.76,5.38,5.77,True,False,False
2018-12-26,1545782400,5.5,5.5,5.5,5.5,0,5.5,0.0,0.0,5.5,5.5,5.5,0.0,0.0,-1,5.5,5.5,5.5,5.4,5.15,5.75,5.39,5.76,True,False,False
2018-12-27,1545868800,5.5,5.5,5.5,5.5,0,5.5,0.0,0.0,5.5,5.5,5.5,0.0,0.0,-1,5.5,5.5,5.5,5.41,5.15,5.74,5.4,5.75,True,False,False
2018-12-28,1545955200,5.5,5.5,5.5,5.5,0,5.5,0.0,0.0,5.5,5.5,5.5,0.0,0.0,-1,5.5,5.5,5.5,5.42,5.16,5.72,5.41,5.74,True,False,False
2019-01-02,1546387200,5.5,5.5,5.5,5.5,0,5.5,0.0,0.0,5.5,5.5,5.5,0.0,0.0,-1,5.5,5.5,5.5,5.43,5.16,5.71,5.42,5.72,True,False,False
2019-01-03,1546473600,5.5,5.5,5.5,5.5,0,5.5,0.0,0.0,5.5,5.5,5.5,0.0,0.0,-1,5.5,5.5,5.5,5.44,5.18,5.7,5.43,5.71,True,False,False
2019-01-04,1546560000,5.5,5.5,5.5,5.5,0,5.5,0.0,0.0,5.5,5.5,5.5,0.0,0.0,-1,5.5,5.5,5.5,5.45,5.19,5.69,5.44,5.7,True,False,False
2019-01-07,1546819200,5.5,5.5,5.5,5.5,0,5.5,0.0,0.0,5.5,5.5,5.5,0.0,0.0,-1,5.5,5.5,5.5,5.46,5.2,5.68,5.45,5.69,True,False,False
2019-01-08,1546905600,5.5,5.5,5.5,5.5,0,5.5,0.0,0.0,5.5,5.5,5.5,0.0,0.0,-1,5.5,5.5,5.5,5.47,5.21,5.67,5.46,5.68,True,False,False
2019-01-09,1546992000,5.5,5.5,5.5,5.5,0,5.5,0.0,0.0,5.5,5.5,5.5,0.0,0.0,-1,5.5,5.5,5.5,5.48,5.22,5.66,5.47,5.67,True,False,False
2019-01-10,1547078400,5.5,5.5,5.5,5.5,0,5.5,0.0,0.0,5.5,5.5,5.5,0.0,0.0,-1,5.5,5.5,5.5,5.49,5.22,5.65,5.48,5.66,True,False,False
2019-01-11,1547164800,5.5,5.5,5.5,5.5,0,5.5,0.0,0.0,5.5,5.5,5.5,0.0,0.0,-1,5.5,5.5,5.5,5.5,5.23,5.64,5.49,5.65,True,False,False
2019-01-14,1547424000,5.5,5.5,5.5,5.5,0,5.5,0.0,0.0,5.5,5.5,5.5,0.0,0.0,-1,5.5,5.5,5.5,5.5,5.24,5.63,5.5,5.64,True,False,False
2019-01-15,1547510400,5.5,5.5,5.5,5.5,0,5.5,0.0,0.0,5.5,5.5,5.5,0.0,0.0,-1,5.5,5.5,5.5,5.5,5.24,5.62,5.5,5.63,True,False,False
2019-01-16,1547596800,5.5,5.5,5.5,5.5,0,5.5,0.0,0.0,5.5,5.5,5.5,0.0,0.0,-1,5.5,5.5,5.5,5.5,5.25,5.61,5.5,5.62,True,False,False
2019-01-17,1547683200,5.5,5.5,5.5,5.5,0,5.5,0.0,0.0,5.5,5.5,5.5,0.0,0.0,-1,5.5,5.5,5.5,5.5,5.25,5.6,5.5,5.61,True,False,False
2019-01-18,1547769600,5.5,5.5,5.5,5.5,0,5.5,0.0,0.0,5.5,5.5,5.5,0.0,0.0,-1,5.5,5.5,5.5,5.5,5.26,5.59,5.5,5.6,True,False,False
2019-01-21,1548028800,5.5,5.5,5.5,5.5,0,5.5,0.0,0.0,5.5,5.5,5.5,0.0,0.0,-1,5.5,5.5,5.5,5.5,5.26,5.58,5.5,5.59,True,False,False
2019-01-22,1548115200,5.5,5.5,5.5,5.5,0,5.5,0.0,0.0,5.5,5.5,5.5,0.0,0.0,-1,5.5,5.5,5.5,5.5,5.27,5.57,5.5,5.58,True,False,False
2019-01-23,1548201600,5.5,5.5,5.5,5.5,0,5.5,0.0,0.0,5.5,5.5,5.5,0.0,0.0,-1,5.5,5.5,5.5,5.5,5.28,5.56,5.5,5.57,True,False,False
2019-01-24,1548288000,5.5,5.5,5.5,5.5,0,5.5,0.0,0.0,5.5,5.5,5.5,0.0,0.0,-1,5.5,5.5,5.5,5.5,5.28,5.55,5.5,5.56,True,False,False
2019-01-25,1548374400,5.5,5.5,5.5,5.5,0,5.5,0.0,0.0,5.5,5.5,5.5,0.0,0.0,-1,5.5,5.5,5.5,5.5,5.29,5.54,5.5,5.55,True,False,False
2019-01-28,1548633600,5.5,5.5,5.5,5.5,0,5.5,0.0,0.0,5.5,5.5,5.5,0.0,0.0,-1,5.5,5.5,5.5,5.5,5.3,5.53,5.5,5.54,True,False,False
2019-01-29,1548720000,5.5,5.5,5.5,5.5,0,5.5,0.0,0.0,5.5,5.5,5.5,0.0,0.0,-1,5.5,5.5,5.5,5.5,5.3,5.52,5.5,5.53,True,False,False
2019-01-30,1548806400,5.5,5.5,5.5,5.5,0,5.5,0.0,0.0,5.5,5.5,5.5,0.0,0.0,-1,5.5,5.5,5.5,5.5,5.31,5.51,5.5,5.52,True,False,False
2019-01-31,1548892800,5.5,5.5,5.5,5.5,0,5.5,0.0,0.0,5.5,5.5,5.5,0.0,0.0,-1,5.5,5.5,5.5,5.5,5.31,5.5,5.5,5.51,True,True,True
2019-02-01,1548979200,5.5,5.5,5.5,5.5,0,5.5,0.0,0.0,5.5,5.5,5.5,0.0,0.0,-1,5.5,5.5,5.5,5.5,5.32,5.49,5.5,5.5,True,True,True
2019-02-11,1549843200,5.5,5.5,5.5,5.5,400,5.5,0.0,0.0,5.5,5.5,5.5,0.0,0.0,-1,5.5,5.5,5.5,5.5,5.32,5.48,5.5,5.49,False,True,False
2019-02-12,1549929600,5.5,5.5,5.5,5.5,0,5.5,0.0,0.0,5.5,5.5,5.5,0.0,0.0,-1,5.5,5.5,5.5,5.5,5.33,5.47,5.5,5.48,False,True,False
2019-02-13,1550016000,5.5,5.5,5.5,5.5,0,5.5,0.0,0.0,5.5,5.5,5.5,0.0,0.0,-1,5.5,5.5,5.5,5.5,5.34,5.46,5.5,5.47,False,True,False
2019-02-14,1550102400,5.5,5.5,5.5,5.5,0,5.5,0.0,0.0,5.5,5.5,5.5,0.0,0.0,-1,5.5,5.5,5.5,5.5,5.34,5.45,5.5,5.46,False,True,False
2019-02-15,1550188800,5.5,5.5,5.5,5.5,0,5.5,0.0,0.0,5.5,5.5,5.5,0.0,0.0,-1,5.5,5.5,5.5,5.5,5.35,5.44,5.5,5.45,False,True,False
2019-02-18,1550448000,5.5,5.5,5.5,5.5,0,5.5,0.0,0.0,5.5,5.5,5.5,0.0,0.0,-1,5.5,5.5,5.5,5.5,5.36,5.43,5.5,5.44,False,True,False
2019-02-19,1550534400,5.5,5.5,5.5,5.5,0,5.5,0.0,0.0,5.5,5.5,5.5,0.0,0.0,-1,5.5,5.5,5.5,5.5,5.36,5.42,5.5,5.43,False,True,False
2019-02-20,1550620800,5.5,5.5,5.5,5.5,0,5.5,0.0,0.0,5.5,5.5,5.5,0.0,0.0,-1,5.5,5.5,5.5,5.5,5.36,5.41,5.5,5.42,False,True,False
2019-02-21,1550707200,5.5,5.5,5.5,5.5,0,5.5,0.0,0.0,5.5,5.5,5.5,0.0,0.0,-1,5.5,5.5,5.5,5.5,5.37,5.4,5.5,5.41,False,True,False
2019-02-22,1550793600,5.5,5.5,5.5,5.5,0,5.5,0.0,0.0,5.5,5.5,5.5,0.0,0.0,-1,5.5,5.5,5.5,5.5,5.38,5.39,5.5,5.4,False,True,False
2019-02-25,1551052800,5.5,5.5,5.5,5.5,0,5.5,0.0,0.0,5.5,5.5,5.5,0.0,0.0,-1,5.5,5.5,5.5,5.5,5.38,5.38,5.5,5.39,False,True,False
2019-02-26,1551139200,5.5,5.5,5.5,5.5,0,5.5,0.0,0.0,5.5,5.5,5.5,0.0,0.0,-1,5.5,5.5,5.5,5.5,5.38,5.37,5.5,5.38,False,True,False
2019-02-27,1551225600,5.5,5.5,5.5,5.5,0,5.5,0.0,0.0,5.5,5.5,5.5,0.0,0.0,-1,5.5,5.5,5.5,5.5,5.39,5.36,5.5,5.37,False,True,False
2019-02-28,1551312000,5.5,5.5,5.5,5.5,0,5.5,0.0,0.0,5.5,5.5,5.5,0.0,0.0,-1,5.5,5.5,5.5,5.5,5.4,5.35,5.5,5.36,False,True,False
2019-03-01,1551398400,5.5,5.5,5.5,5.5,0,5.5,0.0,0.0,5.5,5.5,5.5,0.0,0.0,-1,5.5,5.5,5.5,5.5,5.4,5.34,5.5,5.35,False,True,False
2019-03-04,1551657600,5.5,5.5,5.5,5.5,0,5.5,0.0,0.0,5.5,5.5,5.0,-0.5,-0.09,-1,5.5,5.5,5.5,5.5,5.4,5.33,5.5,5.34,False,True,False
2019-03-05,1551744000,5.0,5.0,5.0,5.0,1000,5.5,-0.5,-0.09,5.5,5.5,5.0,0.0,0.0,-1,5.4,5.45,5.48,5.49,5.4,5.32,5.5,5.33,False,True,False
2019-03-06,1551830400,5.0,5.0,5.0,5.0,0,5.5,-0.5,-0.09,5.5,5.0,5.0,0.0,0.0,-1,5.3,5.4,5.45,5.48,5.4,5.31,5.49,5.32,False,True,False
2019-03-07,1551916800,5.0,5.0,5.0,5.0,0,5.5,-0.5,-0.09,5.0,5.0,5.0,0.0,0.0,-1,5.2,5.35,5.42,5.47,5.4,5.29,5.48,5.31,False,True,False
2019-03-08,1552003200,5.0,5.0,5.0,5.0,0,5.0,0.0,0.0,5.0,5.0,5.0,0.0,0.0,-1,5.1,5.3,5.4,5.46,5.4,5.28,5.47,5.29,False,True,False
2019-03-11,1552262400,5.0,5.0,5.0,5.0,100,5.0,0.0,0.0,5.0,5.0,5.0,0.0,0.0,-1,5.0,5.25,5.38,5.45,5.4,5.27,5.46,5.28,False,True,False
2019-03-12,1552348800,5.0,5.0,5.0,5.0,0,5.0,0.0,0.0,5.0,5.0,5.0,0.0,0.0,-1,5.0,5.2,5.35,5.44,5.4,5.26,5.45,5.27,False,True,False
2019-03-13,1552435200,5.0,5.0,5.0,5.0,0,5.0,0.0,0.0,5.0,5.0,5.0,0.0,0.0,-1,5.0,5.15,5.32,5.43,5.4,5.24,5.44,5.26,False,True,False
2019-03-14,1552521600,5.0,5.0,5.0,5.0,0,5.0,0.0,0.0,5.0,5.0,5.0,0.0,0.0,-1,5.0,5.1,5.3,5.42,5.4,5.23,5.43,5.24,False,True,False
2019-03-15,1552608000,5.0,5.0,5.0,5.0,0,5.0,0.0,0.0,5.0,5.0,5.0,0.0,0.0,-1,5.0,5.05,5.28,5.41,5.4,5.22,5.42,5.23,False,True,False
2019-03-18,1552867200,5.0,5.0,5.0,5.0,0,5.0,0.0,0.0,5.0,5.0,5.0,0.0,0.0,-1,5.0,5.0,5.25,5.4,5.4,5.21,5.41,5.22,False,True,False
2019-03-19,1552953600,5.0,5.0,5.0,5.0,0,5.0,0.0,0.0,5.0,5.0,5.7,0.7,0.14,1,5.0,5.0,5.22,5.39,5.4,5.19,5.4,5.21,False,True,False
2019-03-20,1553040000,5.7,5.7,5.7,5.7,100,5.0,0.7,0.14,5.0,5.0,5.7,0.0,0.0,-1,5.14,5.07,5.24,5.39,5.41,5.18,5.39,5.19,False,True,False
2019-03-21,1553126400,5.7,5.7,5.7,5.7,0,5.0,0.7,0.14,5.0,5.7,5.7,0.0,0.0,-1,5.28,5.14,5.24,5.4,5.42,5.19,5.39,5.18,False,True,False
2019-03-22,1553212800,5.7,5.7,5.7,5.7,0,5.0,0.7,0.14,5.7,5.7,5.7,0.0,0.0,-1,5.42,5.21,5.26,5.4,5.43,5.2,5.4,5.19,False,True,False
2019-03-25,1553472000,5.7,5.7,5.7,5.7,0,5.7,0.0,0.0,5.7,5.7,5.7,0.0,0.0,-1,5.56,5.28,5.26,5.41,5.43,5.2,5.4,5.2,False,True,False
2019-03-26,1553558400,5.7,5.7,5.7,5.7,0,5.7,0.0,0.0,5.7,5.7,5.7,0.0,0.0,-1,5.7,5.35,5.28,5.41,5.44,5.2,5.41,5.2,False,True,False
2019-03-27,1553644800,5.7,5.7,5.7,5.7,0,5.7,0.0,0.0,5.7,5.7,5.7,0.0,0.0,-1,5.7,5.42,5.28,5.41,5.45,5.21,5.41,5.2,False,True,False
2019-03-28,1553731200,5.7,5.7,5.7,5.7,0,5.7,0.0,0.0,5.7,5.7,5.7,0.0,0.0,-1,5.7,5.49,5.3,5.42,5.45,5.21,5.41,5.21,False,True,False
2019-03-29,1553817600,5.7,5.7,5.7,5.7,0,5.7,0.0,0.0,5.7,5.7,5.7,0.0,0.0,-1,5.7,5.56,5.31,5.42,5.46,5.21,5.42,5.21,False,True,False
2019-04-01,1554076800,5.7,5.7,5.7,5.7,0,5.7,0.0,0.0,5.7,5.7,5.7,0.0,0.0,-1,5.7,5.63,5.32,5.43,5.46,5.22,5.42,5.21,False,True,False
2019-04-02,1554163200,5.7,5.7,5.7,5.7,0,5.7,0.0,0.0,5.7,5.7,5.0,-0.7,-0.12,-1,5.7,5.7,5.35,5.43,5.46,5.22,5.43,5.22,False,True,False
2019-04-03,1554249600,4.9,5.0,4.9,5.0,400,5.7,-0.7,-0.12,5.7,5.7,5.0,0.0,0.0,-1,5.56,5.63,5.35,5.42,5.46,5.22,5.43,5.22,False,True,False
2019-04-04,1554336000,5.0,5.0,5.0,5.0,500,5.7,-0.7,-0.12,5.7,5.0,5.0,0.0,0.0,-1,5.42,5.56,5.35,5.41,5.46,5.22,5.42,5.22,False,True,False
2019-04-05,1554422400,5.0,5.0,5.0,5.0,0,5.7,-0.7,-0.12,5.0,5.0,5.0,0.0,0.0,-1,5.28,5.49,5.35,5.4,5.45,5.21,5.41,5.22,False,True,False
2019-04-08,1554681600,5.0,5.0,5.0,5.0,300,5.0,0.0,0.0,5.0,5.0,5.0,0.0,0.0,-1,5.14,5.42,5.35,5.39,5.44,5.21,5.4,5.21,False,True,False
2019-04-09,1554768000,5.0,5.0,5.0,5.0,0,5.0,0.0,0.0,5.0,5.0,5.0,0.0,0.0,-1,5.0,5.35,5.35,5.38,5.44,5.21,5.39,5.21,False,True,False
2019-04-10,1554854400,5.0,5.0,5.0,5.0,0,5.0,0.0,0.0,5.0,5.0,5.0,0.0,0.0,-1,5.0,5.28,5.35,5.37,5.44,5.21,5.38,5.21,False,True,False
2019-04-11,1554940800,5.0,5.0,5.0,5.0,300,5.0,0.0,0.0,5.0,5.0,5.0,0.0,0.0,-1,5.0,5.21,5.35,5.36,5.43,5.21,5.37,5.21,False,True,False
2019-04-12,1555027200,5.0,5.0,5.0,5.0,0,5.0,0.0,0.0,5.0,5.0,5.0,0.0,0.0,-1,5.0,5.14,5.35,5.35,5.42,5.21,5.36,5.21,False,True,False
2019-04-16,1555372800,5.0,5.0,5.0,5.0,500,5.0,0.0,0.0,5.0,5.0,5.0,0.0,0.0,-1,5.0,5.07,5.35,5.34,5.42,5.21,5.35,5.21,False,True,False
2019-04-17,1555459200,5.0,5.0,5.0,5.0,0,5.0,0.0,0.0,5.0,5.0,5.0,0.0,0.0,-1,5.0,5.0,5.35,5.33,5.42,5.21,5.34,5.21,False,True,False
2019-04-18,1555545600,5.0,5.0,5.0,5.0,0,5.0,0.0,0.0,5.0,5.0,5.0,0.0,0.0,-1,5.0,5.0,5.32,5.32,5.41,5.21,5.33,5.21,False,True,False
2019-04-19,1555632000,5.0,5.0,5.0,5.0,0,5.0,0.0,0.0,5.0,5.0,5.0,0.0,0.0,-1,5.0,5.0,5.28,5.31,5.4,5.21,5.32,5.21,False,True,False
2019-04-22,1555891200,5.0,5.0,5.0,5.0,0,5.0,0.0,0.0,5.0,5.0,5.0,0.0,0.0,-1,5.0,5.0,5.24,5.3,5.4,5.21,5.31,5.21,False,True,False
2019-04-23,1555977600,5.0,5.0,5.0,5.0,0,5.0,0.0,0.0,5.0,5.0,5.0,0.0,0.0,-1,5.0,5.0,5.21,5.29,5.4,5.21,5.3,5.21,False,True,False
2019-04-24,1556064000,5.0,5.0,5.0,5.0,0,5.0,0.0,0.0,5.0,5.0,5.0,0.0,0.0,-1,5.0,5.0,5.18,5.28,5.39,5.21,5.29,5.21,False,True,False
2019-04-25,1556150400,5.0,5.0,5.0,5.0,0,5.0,0.0,0.0,5.0,5.0,5.0,0.0,0.0,-1,5.0,5.0,5.14,5.27,5.38,5.21,5.28,5.21,False,True,False
2019-04-26,1556236800,5.0,5.0,5.0,5.0,0,5.0,0.0,0.0,5.0,5.0,5.0,0.0,0.0,-1,5.0,5.0,5.1,5.26,5.38,5.21,5.27,5.21,False,True,False
2019-05-02,1556755200,5.0,5.0,5.0,5.0,0,5.0,0.0,0.0,5.0,5.0,5.0,0.0,0.0,-1,5.0,5.0,5.07,5.25,5.38,5.21,5.26,5.21,False,True,False
2019-05-03,1556841600,5.0,5.0,5.0,5.0,0,5.0,0.0,0.0,5.0,5.0,5.0,0.0,0.0,-1,5.0,5.0,5.04,5.24,5.37,5.21,5.25,5.21,False,True,False
2019-05-06,1557100800,5.0,5.0,5.0,5.0,0,5.0,0.0,0.0,5.0,5.0,5.0,0.0,0.0,-1,5.0,5.0,5.0,5.23,5.36,5.21,5.24,5.21,False,True,False
2019-05-07,1557187200,5.0,5.0,5.0,5.0,0,5.0,0.0,0.0,5.0,5.0,5.0,0.0,0.0,-1,5.0,5.0,5.0,5.22,5.36,5.21,5.23,5.21,False,True,False
2019-05-08,1557273600,5.0,5.0,5.0,5.0,0,5.0,0.0,0.0,5.0,5.0,5.0,0.0,0.0,-1,5.0,5.0,5.0,5.21,5.36,5.21,5.22,5.21,False,True,False
2019-05-09,1557360000,5.0,5.0,5.0,5.0,0,5.0,0.0,0.0,5.0,5.0,5.0,0.0,0.0,-1,5.0,5.0,5.0,5.2,5.35,5.21,5.21,5.21,True,False,False
2019-05-10,1557446400,5.0,5.0,5.0,5.0,0,5.0,0.0,0.0,5.0,5.0,5.0,0.0,0.0,-1,5.0,5.0,5.0,5.19,5.34,5.21,5.2,5.21,True,False,False
2019-05-13,1557705600,5.0,5.0,5.0,5.0,0,5.0,0.0,0.0,5.0,5.0,5.0,0.0,0.0,-1,5.0,5.0,5.0,5.18,5.34,5.21,5.19,5.21,True,False,False
2019-05-14,1557792000,5.0,5.0,5.0,5.0,0,5.0,0.0,0.0,5.0,5.0,5.0,0.0,0.0,-1,5.0,5.0,5.0,5.17,5.34,5.21,5.18,5.21,True,False,False
2019-05-15,1557878400,5.0,5.0,5.0,5.0,0,5.0,0.0,0.0,5.0,5.0,5.0,0.0,0.0,-1,5.0,5.0,5.0,5.16,5.33,5.21,5.17,5.21,True,False,False
2019-05-16,1557964800,5.0,5.0,5.0,5.0,0,5.0,0.0,0.0,5.0,5.0,5.0,0.0,0.0,-1,5.0,5.0,5.0,5.15,5.32,5.21,5.16,5.21,True,False,False
2019-05-17,1558051200,5.0,5.0,5.0,5.0,0,5.0,0.0,0.0,5.0,5.0,5.7,0.7,0.14,1,5.0,5.0,5.0,5.14,5.32,5.21,5.15,5.21,True,False,False
2019-05-20,1558310400,5.7,5.7,5.7,5.7,108,5.0,0.7,0.14,5.0,5.0,6.5,0.8,0.14,1,5.14,5.07,5.04,5.15,5.32,5.22,5.14,5.21,True,False,False
2019-05-21,1558396800,6.5,6.5,6.5,6.5,100,5.0,1.5,0.3,5.0,5.7,6.5,0.0,0.0,-1,5.44,5.22,5.11,5.18,5.33,5.22,5.15,5.22,True,False,False
2019-05-22,1558483200,6.5,6.5,6.5,6.5,0,5.0,1.5,0.3,5.7,6.5,6.5,0.0,0.0,-1,5.74,5.37,5.18,5.21,5.34,5.23,5.18,5.22,True,False,False
2019-05-23,1558569600,6.5,6.5,6.5,6.5,0,5.7,0.8,0.14,6.5,6.5,6.5,0.0,0.0,-1,6.04,5.52,5.26,5.24,5.35,5.24,5.21,5.23,True,True,True
2019-05-24,1558656000,6.5,6.5,6.5,6.5,0,6.5,0.0,0.0,6.5,6.5,5.6,-0.9,-0.14,-1,6.34,5.67,5.34,5.27,5.36,5.24,5.24,5.24,True,True,True
2019-05-27,1558915200,5.6,5.6,5.6,5.6,800,6.5,-0.9,-0.14,6.5,6.5,5.5,-0.1,-0.02,-1,6.32,5.73,5.36,5.29,5.36,5.25,5.27,5.24,False,True,False
2019-05-28,1559001600,5.5,5.5,5.5,5.5,1000,6.5,-1.0,-0.15,6.5,5.6,5.5,0.0,0.0,-1,6.12,5.78,5.39,5.3,5.36,5.25,5.29,5.25,False,True,False
2019-05-29,1559088000,5.5,5.5,5.5,5.5,0,6.5,-1.0,-0.15,5.6,5.5,5.5,0.0,0.0,-1,5.92,5.83,5.42,5.31,5.36,5.25,5.3,5.25,False,True,False
2019-05-30,1559174400,5.5,5.5,5.5,5.5,0,5.6,-0.1,-0.02,5.5,5.5,5.5,0.0,0.0,-1,5.72,5.88,5.44,5.32,5.36,5.26,5.31,5.25,False,True,False
2019-05-31,1559260800,5.5,5.5,5.5,5.5,0,5.5,0.0,0.0,5.5,5.5,5.5,0.0,0.0,-1,5.52,5.93,5.46,5.33,5.36,5.26,5.32,5.26,False,True,False
2019-06-03,1559520000,5.5,5.5,5.5,5.5,0,5.5,0.0,0.0,5.5,5.5,5.0,-0.5,-0.09,-1,5.5,5.91,5.49,5.34,5.36,5.26,5.33,5.26,False,True,False
2019-06-04,1559606400,5.0,5.0,5.0,5.0,2000,5.5,-0.5,-0.09,5.5,5.5,5.0,0.0,0.0,-1,5.4,5.76,5.49,5.32,5.36,5.26,5.34,5.26,False,True,False
2019-06-05,1559692800,5.0,5.0,5.0,5.0,300,5.5,-0.5,-0.09,5.5,5.0,5.0,0.0,0.0,-1,5.3,5.61,5.49,5.31,5.35,5.26,5.32,5.26,False,True,False
2019-06-06,1559779200,5.0,5.0,5.0,5.0,0,5.5,-0.5,-0.09,5.0,5.0,5.0,0.0,0.0,-1,5.2,5.46,5.49,5.29,5.35,5.27,5.31,5.26,False,True,False
2019-06-07,1559865600,5.0,5.0,5.0,5.0,500,5.0,0.0,0.0,5.0,5.0,5.0,0.0,0.0,-1,5.1,5.31,5.49,5.28,5.34,5.27,5.29,5.27,False,True,False
2019-06-10,1560124800,5.0,5.0,5.0,5.0,1000,5.0,0.0,0.0,5.0,5.0,5.0,0.0,0.0,-1,5.0,5.25,5.49,5.27,5.34,5.27,5.28,5.27,False,True,False
2019-06-11,1560211200,5.0,5.0,5.0,5.0,0,5.0,0.0,0.0,5.0,5.0,5.0,0.0,0.0,-1,5.0,5.2,5.49,5.25,5.33,5.28,5.27,5.27,True,False,False
2019-06-12,1560297600,5.0,5.0,5.0,5.0,0,5.0,0.0,0.0,5.0,5.0,5.0,0.0,0.0,-1,5.0,5.15,5.49,5.24,5.33,5.28,5.25,5.28,True,False,False
2019-06-13,1560384000,5.0,5.0,5.0,5.0,500,5.0,0.0,0.0,5.0,5.0,5.0,0.0,0.0,-1,5.0,5.1,5.49,5.22,5.32,5.28,5.24,5.28,True,False,False
2019-06-14,1560470400,5.0,5.0,5.0,5.0,0,5.0,0.0,0.0,5.0,5.0,5.0,0.0,0.0,-1,5.0,5.05,5.49,5.21,5.32,5.28,5.22,5.28,True,False,False
2019-06-17,1560729600,5.0,5.0,5.0,5.0,1500,5.0,0.0,0.0,5.0,5.0,5.0,0.0,0.0,-1,5.0,5.0,5.46,5.2,5.31,5.28,5.21,5.28,True,False,False
2019-06-18,1560816000,5.0,5.0,5.0,5.0,0,5.0,0.0,0.0,5.0,5.0,5.0,0.0,0.0,-1,5.0,5.0,5.38,5.2,5.31,5.28,5.2,5.28,True,False,False
2019-06-19,1560902400,5.0,5.0,5.0,5.0,0,5.0,0.0,0.0,5.0,5.0,5.0,0.0,0.0,-1,5.0,5.0,5.3,5.2,5.3,5.28,5.2,5.28,True,False,False
2019-06-20,1560988800,5.0,5.0,5.0,5.0,0,5.0,0.0,0.0,5.0,5.0,5.0,0.0,0.0,-1,5.0,5.0,5.23,5.2,5.3,5.28,5.2,5.28,True,False,False
2019-06-21,1561075200,5.0,5.0,5.0,5.0,0,5.0,0.0,0.0,5.0,5.0,5.0,0.0,0.0,-1,5.0,5.0,5.15,5.2,5.29,5.28,5.2,5.28,True,False,False
2019-06-24,1561334400,5.0,5.0,5.0,5.0,0,5.0,0.0,0.0,5.0,5.0,5.0,0.0,0.0,-1,5.0,5.0,5.12,5.2,5.29,5.28,5.2,5.28,True,False,False
2019-06-25,1561420800,5.0,5.0,5.0,5.0,0,5.0,0.0,0.0,5.0,5.0,5.0,0.0,0.0,-1,5.0,5.0,5.1,5.2,5.28,5.28,5.2,5.28,True,False,False
2019-06-26,1561507200,5.0,5.0,5.0,5.0,0,5.0,0.0,0.0,5.0,5.0,5.0,0.0,0.0,-1,5.0,5.0,5.08,5.2,5.28,5.28,5.2,5.28,True,False,False
2019-06-27,1561593600,5.0,5.0,5.0,5.0,0,5.0,0.0,0.0,5.0,5.0,5.0,0.0,0.0,-1,5.0,5.0,5.05,5.2,5.27,5.28,5.2,5.28,True,False,False
2019-06-28,1561680000,5.0,5.0,5.0,5.0,0,5.0,0.0,0.0,5.0,5.0,5.0,0.0,0.0,-1,5.0,5.0,5.03,5.2,5.27,5.28,5.2,5.28,True,False,False
2019-07-01,1561939200,5.0,5.0,5.0,5.0,0,5.0,0.0,0.0,5.0,5.0,5.0,0.0,0.0,-1,5.0,5.0,5.0,5.2,5.26,5.28,5.2,5.28,True,False,False
2019-07-02,1562025600,5.0,5.0,5.0,5.0,0,5.0,0.0,0.0,5.0,5.0,5.0,0.0,0.0,-1,5.0,5.0,5.0,5.2,5.26,5.28,5.2,5.28,True,False,False
2019-07-03,1562112000,5.0,5.0,5.0,5.0,0,5.0,0.0,0.0,5.0,5.0,5.0,0.0,0.0,-1,5.0,5.0,5.0,5.2,5.25,5.28,5.2,5.28,True,False,False
2019-07-04,1562198400,5.0,5.0,5.0,5.0,0,5.0,0.0,0.0,5.0,5.0,5.0,0.0,0.0,-1,5.0,5.0,5.0,5.2,5.25,5.28,5.2,5.28,True,False,False
2019-07-05,1562284800,5.0,5.0,5.0,5.0,0,5.0,0.0,0.0,5.0,5.0,5.0,0.0,0.0,-1,5.0,5.0,5.0,5.2,5.24,5.28,5.2,5.28,True,False,False
2019-07-08,1562544000,5.0,5.0,5.0,5.0,0,5.0,0.0,0.0,5.0,5.0,5.0,0.0,0.0,-1,5.0,5.0,5.0,5.2,5.24,5.28,5.2,5.28,True,False,False
2019-07-09,1562630400,5.0,5.0,5.0,5.0,0,5.0,0.0,0.0,5.0,5.0,5.0,0.0,0.0,-1,5.0,5.0,5.0,5.2,5.23,5.28,5.2,5.28,True,False,False
2019-07-10,1562716800,5.0,5.0,5.0,5.0,0,5.0,0.0,0.0,5.0,5.0,5.7,0.7,0.14,1,5.0,5.0,5.0,5.2,5.23,5.29,5.2,5.28,True,False,False
2019-07-11,1562803200,5.0,5.7,5.0,5.7,1400,5.0,0.7,0.14,5.0,5.0,5.3,-0.4,-0.07,-1,5.14,5.07,5.04,5.21,5.23,5.29,5.2,5.29,True,False,False
2019-07-12,1562889600,5.3,5.3,5.3,5.3,0,5.0,0.3,0.06,5.0,5.7,5.3,0.0,0.0,-1,5.2,5.1,5.05,5.22,5.23,5.29,5.21,5.29,True,False,False
2019-07-15,1563148800,5.3,5.3,5.3,5.3,0,5.0,0.3,0.06,5.7,5.3,5.3,0.0,0.0,-1,5.26,5.13,5.07,5.22,5.23,5.29,5.22,5.29,True,False,False
2019-07-16,1563235200,5.3,5.3,5.3,5.3,0,5.7,-0.4,-0.07,5.3,5.3,5.3,0.0,0.0,-1,5.32,5.16,5.08,5.23,5.22,5.29,5.22,5.29,True,False,False
2019-07-17,1563321600,5.3,5.3,5.3,5.3,0,5.3,0.0,0.0,5.3,5.3,5.3,0.0,0.0,-1,5.38,5.19,5.1,5.23,5.22,5.3,5.23,5.29,True,False,False
2019-07-18,1563408000,5.3,5.3,5.3,5.3,0,5.3,0.0,0.0,5.3,5.3,5.3,0.0,0.0,-1,5.3,5.22,5.11,5.24,5.22,5.3,5.23,5.3,True,False,False
2019-07-19,1563494400,5.3,5.3,5.3,5.3,0,5.3,0.0,0.0,5.3,5.3,5.3,0.0,0.0,-1,5.3,5.25,5.12,5.25,5.22,5.3,5.24,5.3,True,False,False
2019-07-22,1563753600,5.3,5.3,5.3,5.3,0,5.3,0.0,0.0,5.3,5.3,5.0,-0.3,-0.06,-1,5.3,5.28,5.14,5.25,5.22,5.3,5.25,5.3,True,False,False
2019-07-23,1563840000,5.0,5.0,5.0,5.0,100,5.3,-0.3,-0.06,5.3,5.3,5.0,0.0,0.0,-1,5.24,5.28,5.14,5.25,5.21,5.3,5.25,5.3,True,False,False
2019-07-24,1563926400,5.0,5.0,5.0,5.0,0,5.3,-0.3,-0.06,5.3,5.0,5.0,0.0,0.0,-1,5.18,5.28,5.14,5.25,5.21,5.3,5.25,5.3,True,False,False
2019-07-25,1564012800,5.0,5.0,5.0,5.0,0,5.3,-0.3,-0.06,5.0,5.0,5.0,0.0,0.0,-1,5.12,5.21,5.14,5.25,5.2,5.3,5.25,5.3,True,False,False
2019-07-26,1564099200,5.0,5.0,5.0,5.0,0,5.0,0.0,0.0,5.0,5.0,5.0,0.0,0.0,-1,5.06,5.18,5.14,5.25,5.2,5.3,5.25,5.3,True,False,False
2019-07-29,1564358400,5.0,5.0,5.0,5.0,0,5.0,0.0,0.0,5.0,5.0,5.0,0.0,0.0,-1,5.0,5.15,5.14,5.24,5.2,5.3,5.25,5.3,True,False,False
2019-07-30,1564444800,5.0,5.0,5.0,5.0,100,5.0,0.0,0.0,5.0,5.0,5.0,0.0,0.0,-1,5.0,5.12,5.14,5.21,5.2,5.3,5.24,5.3,True,False,False
2019-07-31,1564531200,5.0,5.0,5.0,5.0,1300,5.0,0.0,0.0,5.0,5.0,5.0,0.0,0.0,-1,5.0,5.09,5.14,5.18,5.2,5.3,5.21,5.3,True,False,False
2019-08-01,1564617600,5.0,5.0,5.0,5.0,1000,5.0,0.0,0.0,5.0,5.0,5.0,0.0,0.0,-1,5.0,5.06,5.14,5.15,5.2,5.3,5.18,5.3,True,False,False
2019-08-02,1564704000,5.0,5.0,5.0,5.0,0,5.0,0.0,0.0,5.0,5.0,5.0,0.0,0.0,-1,5.0,5.03,5.14,5.12,5.2,5.3,5.15,5.3,True,False,False
2019-08-05,1564963200,5.0,5.0,5.0,5.0,0,5.0,0.0,0.0,5.0,5.0,5.0,0.0,0.0,-1,5.0,5.0,5.14,5.11,5.2,5.3,5.12,5.3,True,False,False
2019-08-06,1565049600,5.0,5.0,5.0,5.0,2000,5.0,0.0,0.0,5.0,5.0,5.0,0.0,0.0,-1,5.0,5.0,5.14,5.1,5.2,5.3,5.11,5.3,True,False,False
2019-08-07,1565136000,5.0,5.0,5.0,5.0,0,5.0,0.0,0.0,5.0,5.0,5.0,0.0,0.0,-1,5.0,5.0,5.14,5.09,5.2,5.3,5.1,5.3,True,False,False
2019-08-08,1565222400,5.0,5.0,5.0,5.0,0,5.0,0.0,0.0,5.0,5.0,5.0,0.0,0.0,-1,5.0,5.0,5.1,5.08,5.2,5.3,5.09,5.3,True,False,False
2019-08-09,1565308800,5.0,5.0,5.0,5.0,0,5.0,0.0,0.0,5.0,5.0,5.0,0.0,0.0,-1,5.0,5.0,5.09,5.07,5.2,5.3,5.08,5.3,True,False,False
2019-08-12,1565568000,5.0,5.0,5.0,5.0,0,5.0,0.0,0.0,5.0,5.0,5.0,0.0,0.0,-1,5.0,5.0,5.08,5.06,5.2,5.3,5.07,5.3,True,False,False
2019-08-13,1565654400,5.0,5.0,5.0,5.0,0,5.0,0.0,0.0,5.0,5.0,5.0,0.0,0.0,-1,5.0,5.0,5.06,5.06,5.19,5.3,5.06,5.3,True,False,False
2019-08-14,1565740800,5.0,5.0,5.0,5.0,0,5.0,0.0,0.0,5.0,5.0,5.0,0.0,0.0,-1,5.0,5.0,5.04,5.06,5.18,5.3,5.06,5.3,True,False,False
2019-08-15,1565827200,5.0,5.0,5.0,5.0,100,5.0,0.0,0.0,5.0,5.0,5.0,0.0,0.0,-1,5.0,5.0,5.03,5.06,5.18,5.3,5.06,5.3,True,False,False
2019-08-16,1565913600,5.0,5.0,5.0,5.0,0,5.0,0.0,0.0,5.0,5.0,5.0,0.0,0.0,-1,5.0,5.0,5.02,5.06,5.17,5.3,5.06,5.3,True,False,False
2019-08-19,1566172800,5.0,5.0,5.0,5.0,0,5.0,0.0,0.0,5.0,5.0,5.0,0.0,0.0,-1,5.0,5.0,5.0,5.06,5.16,5.3,5.06,5.3,True,False,False
2019-08-20,1566259200,5.0,5.0,5.0,5.0,0,5.0,0.0,0.0,5.0,5.0,5.0,0.0,0.0,-1,5.0,5.0,5.0,5.06,5.15,5.3,5.06,5.3,True,False,False
2019-08-21,1566345600,5.0,5.0,5.0,5.0,0,5.0,0.0,0.0,5.0,5.0,5.0,0.0,0.0,-1,5.0,5.0,5.0,5.06,5.15,5.3,5.06,5.3,True,False,False
2019-08-22,1566432000,5.0,5.0,5.0,5.0,0,5.0,0.0,0.0,5.0,5.0,5.0,0.0,0.0,-1,5.0,5.0,5.0,5.06,5.14,5.3,5.06,5.3,True,False,False
2019-08-23,1566518400,5.0,5.0,5.0,5.0,0,5.0,0.0,0.0,5.0,5.0,5.0,0.0,0.0,-1,5.0,5.0,5.0,5.06,5.13,5.3,5.06,5.3,True,False,False
2019-08-26,1566777600,5.0,5.0,5.0,5.0,0,5.0,0.0,0.0,5.0,5.0,5.0,0.0,0.0,-1,5.0,5.0,5.0,5.06,5.13,5.3,5.06,5.3,True,False,False
2019-08-27,1566864000,5.0,5.0,5.0,5.0,0,5.0,0.0,0.0,5.0,5.0,5.0,0.0,0.0,-1,5.0,5.0,5.0,5.06,5.13,5.29,5.06,5.3,True,False,False
2019-08-28,1566950400,5.0,5.0,5.0,5.0,0,5.0,0.0,0.0,5.0,5.0,5.0,0.0,0.0,-1,5.0,5.0,5.0,5.06,5.13,5.29,5.06,5.29,True,False,False
2019-08-29,1567036800,5.0,5.0,5.0,5.0,200,5.0,0.0,0.0,5.0,5.0,5.0,0.0,0.0,-1,5.0,5.0,5.0,5.06,5.13,5.29,5.06,5.29,True,False,False
2019-08-30,1567123200,5.0,5.0,5.0,5.0,0,5.0,0.0,0.0,5.0,5.0,5.0,0.0,0.0,-1,5.0,5.0,5.0,5.06,5.13,5.29,5.06,5.29,True,False,False
2019-09-03,1567468800,5.0,5.0,5.0,5.0,0,5.0,0.0,0.0,5.0,5.0,5.0,0.0,0.0,-1,5.0,5.0,5.0,5.06,5.13,5.28,5.06,5.29,True,False,False
2019-09-04,1567555200,5.0,5.0,5.0,5.0,1000,5.0,0.0,0.0,5.0,5.0,5.0,0.0,0.0,-1,5.0,5.0,5.0,5.06,5.13,5.28,5.06,5.28,True,False,False
2019-09-05,1567641600,5.0,5.0,5.0,5.0,0,5.0,0.0,0.0,5.0,5.0,5.0,0.0,0.0,-1,5.0,5.0,5.0,5.06,5.13,5.28,5.06,5.28,True,False,False
2019-09-06,1567728000,5.0,5.0,5.0,5.0,0,5.0,0.0,0.0,5.0,5.0,5.0,0.0,0.0,-1,5.0,5.0,5.0,5.06,5.13,5.28,5.06,5.28,True,False,False
2019-09-09,1567987200,5.0,5.0,5.0,5.0,0,5.0,0.0,0.0,5.0,5.0,5.0,0.0,0.0,-1,5.0,5.0,5.0,5.06,5.13,5.27,5.06,5.28,True,False,False
2019-09-10,1568073600,5.0,5.0,5.0,5.0,0,5.0,0.0,0.0,5.0,5.0,5.0,0.0,0.0,-1,5.0,5.0,5.0,5.06,5.13,5.27,5.06,5.27,True,False,False
2019-09-11,1568160000,5.0,5.0,5.0,5.0,0,5.0,0.0,0.0,5.0,5.0,5.0,0.0,0.0,-1,5.0,5.0,5.0,5.06,5.13,5.27,5.06,5.27,True,False,False
2019-09-12,1568246400,5.0,5.0,5.0,5.0,0,5.0,0.0,0.0,5.0,5.0,5.0,0.0,0.0,-1,5.0,5.0,5.0,5.06,5.13,5.27,5.06,5.27,True,False,False
2019-09-13,1568332800,5.0,5.0,5.0,5.0,0,5.0,0.0,0.0,5.0,5.0,5.0,0.0,0.0,-1,5.0,5.0,5.0,5.06,5.13,5.26,5.06,5.27,True,False,False
2019-09-16,1568592000,5.0,5.0,5.0,5.0,0,5.0,0.0,0.0,5.0,5.0,4.9,-0.1,-0.02,-1,5.0,5.0,5.0,5.06,5.13,5.26,5.06,5.26,True,False,False
2019-09-17,1568678400,4.9,4.9,4.9,4.9,100,5.0,-0.1,-0.02,5.0,5.0,4.9,0.0,0.0,-1,4.98,4.99,4.99,5.05,5.12,5.26,5.06,5.26,True,False,False
2019-09-18,1568764800,4.9,4.9,4.9,4.9,0,5.0,-0.1,-0.02,5.0,4.9,4.9,0.0,0.0,-1,4.96,4.98,4.99,5.05,5.12,5.25,5.05,5.26,True,False,False
2019-09-19,1568851200,4.9,4.9,4.9,4.9,0,5.0,-0.1,-0.02,4.9,4.9,4.9,0.0,0.0,-1,4.94,4.97,4.99,5.05,5.12,5.25,5.05,5.25,True,False,False
2019-09-20,1568937600,4.9,4.9,4.9,4.9,0,4.9,0.0,0.0,4.9,4.9,4.9,0.0,0.0,-1,4.92,4.96,4.98,5.03,5.12,5.25,5.05,5.25,True,False,False
2019-09-23,1569196800,4.9,4.9,4.9,4.9,0,4.9,0.0,0.0,4.9,4.9,4.9,0.0,0.0,-1,4.9,4.95,4.97,5.03,5.12,5.25,5.03,5.25,True,False,False
2019-09-24,1569283200,4.9,4.9,4.9,4.9,0,4.9,0.0,0.0,4.9,4.9,4.9,0.0,0.0,-1,4.9,4.94,4.97,5.02,5.12,5.24,5.03,5.25,True,False,False
2019-09-25,1569369600,4.9,4.9,4.9,4.9,0,4.9,0.0,0.0,4.9,4.9,4.9,0.0,0.0,-1,4.9,4.93,4.97,5.01,5.12,5.24,5.02,5.24,True,False,False
2019-09-26,1569456000,4.9,4.9,4.9,4.9,0,4.9,0.0,0.0,4.9,4.9,4.9,0.0,0.0,-1,4.9,4.92,4.96,5.0,5.12,5.24,5.01,5.24,True,False,False
2019-09-27,1569542400,4.9,4.9,4.9,4.9,0,4.9,0.0,0.0,4.9,4.9,4.9,0.0,0.0,-1,4.9,4.91,4.96,4.99,5.12,5.23,5.0,5.24,True,False,False
2019-09-30,1569801600,4.9,4.9,4.9,4.9,300,4.9,0.0,0.0,4.9,4.9,4.9,0.0,0.0,-1,4.9,4.9,4.95,4.99,5.12,5.23,4.99,5.23,True,False,False
2019-10-01,1569888000,4.9,4.9,4.9,4.9,0,4.9,0.0,0.0,4.9,4.9,4.9,0.0,0.0,-1,4.9,4.9,4.94,4.98,5.12,5.23,4.99,5.23,True,False,False
2019-10-02,1569974400,4.9,4.9,4.9,4.9,0,4.9,0.0,0.0,4.9,4.9,4.9,0.0,0.0,-1,4.9,4.9,4.94,4.98,5.11,5.22,4.98,5.23,True,False,False
2019-10-03,1570060800,4.9,4.9,4.9,4.9,0,4.9,0.0,0.0,4.9,4.9,4.9,0.0,0.0,-1,4.9,4.9,4.94,4.97,5.11,5.22,4.98,5.22,True,False,False
2019-10-04,1570147200,4.9,4.9,4.9,4.9,0,4.9,0.0,0.0,4.9,4.9,4.9,0.0,0.0,-1,4.9,4.9,4.93,4.97,5.11,5.22,4.97,5.22,True,False,False
2019-10-07,1570406400,4.9,4.9,4.9,4.9,0,4.9,0.0,0.0,4.9,4.9,4.9,0.0,0.0,-1,4.9,4.9,4.92,4.97,5.11,5.22,4.97,5.22,True,False,False
2019-10-08,1570492800,4.9,4.9,4.9,4.9,0,4.9,0.0,0.0,4.9,4.9,4.9,0.0,0.0,-1,4.9,4.9,4.92,4.97,5.1,5.21,4.97,5.22,True,False,False
2019-10-09,1570579200,4.9,4.9,4.9,4.9,0,4.9,0.0,0.0,4.9,4.9,4.9,0.0,0.0,-1,4.9,4.9,4.92,4.97,5.09,5.21,4.97,5.21,True,False,False
2019-10-10,1570665600,4.9,4.9,4.9,4.9,0,4.9,0.0,0.0,4.9,4.9,4.9,0.0,0.0,-1,4.9,4.9,4.91,4.96,5.07,5.21,4.97,5.21,True,False,False
2019-10-11,1570752000,4.9,4.9,4.9,4.9,0,4.9,0.0,0.0,4.9,4.9,4.9,0.0,0.0,-1,4.9,4.9,4.9,4.96,5.06,5.2,4.96,5.21,True,False,False
2019-10-14,1571011200,4.9,4.9,4.9,4.9,0,4.9,0.0,0.0,4.9,4.9,4.9,0.0,0.0,-1,4.9,4.9,4.9,4.96,5.04,5.2,4.96,5.2,True,False,False
2019-10-15,1571097600,4.9,4.9,4.9,4.9,0,4.9,0.0,0.0,4.9,4.9,4.9,0.0,0.0,-1,4.9,4.9,4.9,4.96,5.03,5.2,4.96,5.2,True,False,False
2019-10-16,1571184000,4.9,4.9,4.9,4.9,0,4.9,0.0,0.0,4.9,4.9,4.9,0.0,0.0,-1,4.9,4.9,4.9,4.96,5.03,5.19,4.96,5.2,True,False,False
2019-10-17,1571270400,4.9,4.9,4.9,4.9,0,4.9,0.0,0.0,4.9,4.9,4.8,-0.1,-0.02,-1,4.9,4.9,4.9,4.95,5.02,5.19,4.96,5.19,True,False,False
2019-10-18,1571356800,4.8,4.8,4.8,4.8,1100,4.9,-0.1,-0.02,4.9,4.9,4.8,0.0,0.0,-1,4.88,4.89,4.9,4.95,5.01,5.19,4.95,5.19,True,False,False
2019-10-21,1571616000,4.8,4.8,4.8,4.8,0,4.9,-0.1,-0.02,4.9,4.8,4.8,0.0,0.0,-1,4.86,4.88,4.89,4.95,5.01,5.18,4.95,5.19,True,False,False
2019-10-22,1571702400,4.8,4.8,4.8,4.8,0,4.9,-0.1,-0.02,4.8,4.8,4.8,0.0,0.0,-1,4.84,4.87,4.88,4.94,5.0,5.18,4.95,5.18,True,False,False
2019-10-23,1571788800,4.8,4.8,4.8,4.8,0,4.8,0.0,0.0,4.8,4.8,4.8,0.0,0.0,-1,4.82,4.86,4.88,4.94,5.0,5.18,4.94,5.18,True,False,False
2019-10-24,1571875200,4.8,4.8,4.8,4.8,0,4.8,0.0,0.0,4.8,4.8,4.8,0.0,0.0,-1,4.8,4.85,4.88,4.93,5.0,5.17,4.94,5.18,True,False,False
2019-10-25,1571961600,4.8,4.8,4.8,4.8,0,4.8,0.0,0.0,4.8,4.8,4.8,0.0,0.0,-1,4.8,4.84,4.87,4.93,4.99,5.17,4.93,5.17,True,False,False
2019-10-28,1572220800,4.8,4.8,4.8,4.8,0,4.8,0.0,0.0,4.8,4.8,4.8,0.0,0.0,-1,4.8,4.83,4.86,4.93,4.99,5.17,4.93,5.17,True,False,False
2019-10-29,1572307200,4.8,4.8,4.8,4.8,0,4.8,0.0,0.0,4.8,4.8,4.8,0.0,0.0,-1,4.8,4.82,4.86,4.92,4.99,5.16,4.93,5.17,True,False,False
2019-10-30,1572393600,4.8,4.8,4.8,4.8,0,4.8,0.0,0.0,4.8,4.8,4.8,0.0,0.0,-1,4.8,4.81,4.86,4.92,4.99,5.16,4.92,5.16,True,False,False
2019-10-31,1572480000,4.8,4.8,4.8,4.8,0,4.8,0.0,0.0,4.8,4.8,4.8,0.0,0.0,-1,4.8,4.8,4.85,4.91,4.99,5.16,4.92,5.16,True,False,False
2019-11-01,1572566400,4.8,4.8,4.8,4.8,0,4.8,0.0,0.0,4.8,4.8,4.8,0.0,0.0,-1,4.8,4.8,4.85,4.91,4.98,5.15,4.91,5.16,True,False,False
2019-11-04,1572825600,4.8,4.8,4.8,4.8,0,4.8,0.0,0.0,4.8,4.8,4.8,0.0,0.0,-1,4.8,4.8,4.84,4.91,4.98,5.15,4.91,5.15,True,False,False
2019-11-05,1572912000,4.8,4.8,4.8,4.8,0,4.8,0.0,0.0,4.8,4.8,4.8,0.0,0.0,-1,4.8,4.8,4.84,4.9,4.98,5.15,4.91,5.15,True,False,False
2019-11-06,1572998400,4.8,4.8,4.8,4.8,0,4.8,0.0,0.0,4.8,4.8,4.8,0.0,0.0,-1,4.8,4.8,4.83,4.9,4.98,5.14,4.9,5.15,True,False,False
2019-11-07,1573084800,4.8,4.8,4.8,4.8,0,4.8,0.0,0.0,4.8,4.8,4.8,0.0,0.0,-1,4.8,4.8,4.82,4.89,4.97,5.14,4.9,5.14,True,False,False
2019-11-08,1573171200,4.8,4.8,4.8,4.8,0,4.8,0.0,0.0,4.8,4.8,4.8,0.0,0.0,-1,4.8,4.8,4.82,4.89,4.97,5.14,4.89,5.14,True,False,False
2019-11-11,1573430400,4.8,4.8,4.8,4.8,0,4.8,0.0,0.0,4.8,4.8,4.8,0.0,0.0,-1,4.8,4.8,4.81,4.89,4.97,5.13,4.89,5.14,True,False,False
2019-11-12,1573516800,4.8,4.8,4.8,4.8,0,4.8,0.0,0.0,4.8,4.8,4.8,0.0,0.0,-1,4.8,4.8,4.81,4.88,4.97,5.13,4.89,5.13,True,False,False
2019-11-13,1573603200,4.8,4.8,4.8,4.8,0,4.8,0.0,0.0,4.8,4.8,4.8,0.0,0.0,-1,4.8,4.8,4.8,4.88,4.97,5.12,4.88,5.13,True,False,False
2019-11-14,1573689600,4.8,4.8,4.8,4.8,0,4.8,0.0,0.0,4.8,4.8,4.8,0.0,0.0,-1,4.8,4.8,4.8,4.87,4.96,5.12,4.88,5.12,True,False,False
2019-11-15,1573776000,4.8,4.8,4.8,4.8,0,4.8,0.0,0.0,4.8,4.8,4.8,0.0,0.0,-1,4.8,4.8,4.8,4.87,4.96,5.12,4.87,5.12,True,False,False
2019-11-18,1574035200,4.8,4.8,4.8,4.8,0,4.8,0.0,0.0,4.8,4.8,4.8,0.0,0.0,-1,4.8,4.8,4.8,4.87,4.96,5.11,4.87,5.12,True,False,False
2019-11-19,1574121600,4.8,4.8,4.8,4.8,0,4.8,0.0,0.0,4.8,4.8,4.8,0.0,0.0,-1,4.8,4.8,4.8,4.86,4.96,5.11,4.87,5.11,True,False,False
2019-11-20,1574208000,4.8,4.8,4.8,4.8,0,4.8,0.0,0.0,4.8,4.8,4.8,0.0,0.0,-1,4.8,4.8,4.8,4.86,4.96,5.11,4.86,5.11,True,False,False
2019-11-21,1574294400,4.8,4.8,4.8,4.8,0,4.8,0.0,0.0,4.8,4.8,4.8,0.0,0.0,-1,4.8,4.8,4.8,4.85,4.96,5.1,4.86,5.11,True,False,False
2019-11-22,1574380800,4.8,4.8,4.8,4.8,0,4.8,0.0,0.0,4.8,4.8,4.8,0.0,0.0,-1,4.8,4.8,4.8,4.85,4.95,5.1,4.85,5.1,True,False,False
2019-11-25,1574640000,4.8,4.8,4.8,4.8,0,4.8,0.0,0.0,4.8,4.8,4.8,0.0,0.0,-1,4.8,4.8,4.8,4.85,4.95,5.1,4.85,5.1,True,False,False
2019-11-26,1574726400,4.8,4.8,4.8,4.8,0,4.8,0.0,0.0,4.8,4.8,5.6,0.8,0.17,1,4.8,4.8,4.8,4.84,4.95,5.09,4.85,5.1,True,False,False
2019-11-27,1574812800,5.6,5.6,5.6,5.6,500,4.8,0.8,0.17,4.8,4.8,5.6,0.0,0.0,-1,4.96,4.88,4.84,4.86,4.96,5.09,4.84,5.09,True,False,False
2019-11-28,1574899200,5.6,5.6,5.6,5.6,0,4.8,0.8,0.17,4.8,5.6,5.6,0.0,0.0,-1,5.12,4.96,4.88,4.87,4.96,5.09,4.86,5.09,True,False,False
2019-11-29,1574985600,5.6,5.6,5.6,5.6,0,4.8,0.8,0.17,5.6,5.6,5.7,0.1,0.02,1,5.28,5.04,4.92,4.89,4.96,5.1,4.87,5.09,True,False,False
2019-12-02,1575244800,5.7,5.7,5.7,5.7,100,5.6,0.1,0.02,5.6,5.6,5.7,0.0,0.0,-1,5.46,5.13,4.96,4.9,4.96,5.1,4.89,5.1,True,False,False
2019-12-03,1575331200,5.7,5.7,5.7,5.7,0,5.6,0.1,0.02,5.6,5.7,5.7,0.0,0.0,-1,5.64,5.22,5.01,4.92,4.97,5.1,4.9,5.1,True,False,False
2019-12-04,1575417600,5.7,5.7,5.7,5.7,0,5.6,0.1,0.02,5.7,5.7,5.7,0.0,0.0,-1,5.66,5.31,5.06,4.93,4.97,5.1,4.92,5.1,True,False,False
2019-12-05,1575504000,5.7,5.7,5.7,5.7,0,5.7,0.0,0.0,5.7,5.7,5.7,0.0,0.0,-1,5.68,5.4,5.1,4.95,4.98,5.1,4.93,5.1,True,False,False
2019-12-06,1575590400,5.7,5.7,5.7,5.7,0,5.7,0.0,0.0,5.7,5.7,5.7,0.0,0.0,-1,5.7,5.49,5.14,4.97,4.98,5.1,4.95,5.1,True,False,False
2019-12-09,1575849600,5.7,5.7,5.7,5.7,0,5.7,0.0,0.0,5.7,5.7,5.7,0.0,0.0,-1,5.7,5.58,5.19,4.98,4.98,5.1,4.97,5.1,True,False,False
2019-12-10,1575936000,5.7,5.7,5.7,5.7,0,5.7,0.0,0.0,5.7,5.7,5.7,0.0,0.0,-1,5.7,5.67,5.24,5.0,4.99,5.1,4.98,5.1,True,False,False
2019-12-11,1576022400,5.7,5.7,5.7,5.7,0,5.7,0.0,0.0,5.7,5.7,5.7,0.0,0.0,-1,5.7,5.68,5.28,5.01,5.0,5.1,5.0,5.1,True,False,False
2019-12-12,1576108800,5.7,5.7,5.7,5.7,0,5.7,0.0,0.0,5.7,5.7,5.7,0.0,0.0,-1,5.7,5.69,5.32,5.03,5.0,5.1,5.01,5.1,True,False,False
2019-12-13,1576195200,5.7,5.7,5.7,5.7,0,5.7,0.0,0.0,5.7,5.7,5.7,0.0,0.0,-1,5.7,5.7,5.37,5.05,5.01,5.11,5.03,5.1,True,False,False
2019-12-16,1576454400,5.7,5.7,5.7,5.7,0,5.7,0.0,0.0,5.7,5.7,5.7,0.0,0.0,-1,5.7,5.7,5.42,5.06,5.02,5.11,5.05,5.11,True,False,False
2019-12-17,1576540800,5.7,5.7,5.7,5.7,0,5.7,0.0,0.0,5.7,5.7,5.7,0.0,0.0,-1,5.7,5.7,5.46,5.08,5.02,5.11,5.06,5.11,True,False,False
2019-12-18,1576627200,5.7,5.7,5.7,5.7,0,5.7,0.0,0.0,5.7,5.7,5.7,0.0,0.0,-1,5.7,5.7,5.51,5.09,5.03,5.11,5.08,5.11,True,False,False
2019-12-19,1576713600,5.7,5.7,5.7,5.7,0,5.7,0.0,0.0,5.7,5.7,5.7,0.0,0.0,-1,5.7,5.7,5.55,5.11,5.04,5.12,5.09,5.11,True,False,False
2019-12-20,1576800000,5.7,5.7,5.7,5.7,0,5.7,0.0,0.0,5.7,5.7,5.7,0.0,0.0,-1,5.7,5.7,5.6,5.13,5.04,5.12,5.11,5.12,True,True,True
2019-12-23,1577059200,5.7,5.7,5.7,5.7,0,5.7,0.0,0.0,5.7,5.7,5.7,0.0,0.0,-1,5.7,5.7,5.64,5.14,5.05,5.12,5.13,5.12,False,True,False
2019-12-24,1577145600,5.7,5.7,5.7,5.7,0,5.7,0.0,0.0,5.7,5.7,5.7,0.0,0.0,-1,5.7,5.7,5.68,5.16,5.06,5.13,5.14,5.12,False,True,False
2019-12-25,1577232000,5.7,5.7,5.7,5.7,0,5.7,0.0,0.0,5.7,5.7,5.7,0.0,0.0,-1,5.7,5.7,5.69,5.17,5.07,5.13,5.16,5.13,False,True,False
2019-12-26,1577318400,5.7,5.7,5.7,5.7,0,5.7,0.0,0.0,5.7,5.7,5.7,0.0,0.0,-1,5.7,5.7,5.7,5.19,5.07,5.13,5.17,5.13,False,True,False
2019-12-27,1577404800,5.7,5.7,5.7,5.7,0,5.7,0.0,0.0,5.7,5.7,5.7,0.0,0.0,-1,5.7,5.7,5.7,5.21,5.08,5.14,5.19,5.13,False,True,False
2019-12-30,1577664000,5.7,5.7,5.7,5.7,0,5.7,0.0,0.0,5.7,5.7,5.7,0.0,0.0,-1,5.7,5.7,5.7,5.23,5.09,5.14,5.21,5.14,False,True,False
2019-12-31,1577750400,5.7,5.7,5.7,5.7,0,5.7,0.0,0.0,5.7,5.7,5.7,0.0,0.0,-1,5.7,5.7,5.7,5.24,5.09,5.14,5.23,5.14,False,True,False
2020-01-02,1577923200,5.7,5.7,5.7,5.7,0,5.7,0.0,0.0,5.7,5.7,5.7,0.0,0.0,-1,5.7,5.7,5.7,5.26,5.1,5.14,5.24,5.14,False,True,False
2020-01-03,1578009600,5.7,5.7,5.7,5.7,0,5.7,0.0,0.0,5.7,5.7,5.7,0.0,0.0,-1,5.7,5.7,5.7,5.28,5.11,5.14,5.26,5.14,False,True,False
2020-01-06,1578268800,5.7,5.7,5.7,5.7,0,5.7,0.0,0.0,5.7,5.7,5.7,0.0,0.0,-1,5.7,5.7,5.7,5.3,5.11,5.14,5.28,5.14,False,True,False
2020-01-07,1578355200,5.7,5.7,5.7,5.7,0,5.7,0.0,0.0,5.7,5.7,5.7,0.0,0.0,-1,5.7,5.7,5.7,5.32,5.12,5.14,5.3,5.14,False,True,False
2020-01-08,1578441600,5.7,5.7,5.7,5.7,0,5.7,0.0,0.0,5.7,5.7,5.7,0.0,0.0,-1,5.7,5.7,5.7,5.33,5.13,5.14,5.32,5.14,False,True,False
2020-01-09,1578528000,5.7,5.7,5.7,5.7,0,5.7,0.0,0.0,5.7,5.7,5.7,0.0,0.0,-1,5.7,5.7,5.7,5.35,5.14,5.14,5.33,5.14,False,True,False
2020-01-10,1578614400,5.7,5.7,5.7,5.7,0,5.7,0.0,0.0,5.7,5.7,5.7,0.0,0.0,-1,5.7,5.7,5.7,5.37,5.14,5.14,5.35,5.14,False,True,False
2020-01-13,1578873600,5.7,5.7,5.7,5.7,0,5.7,0.0,0.0,5.7,5.7,5.7,0.0,0.0,-1,5.7,5.7,5.7,5.39,5.15,5.14,5.37,5.14,False,True,False
2020-01-14,1578960000,5.7,5.7,5.7,5.7,0,5.7,0.0,0.0,5.7,5.7,5.7,0.0,0.0,-1,5.7,5.7,5.7,5.41,5.16,5.14,5.39,5.14,False,True,False
2020-01-15,1579046400,5.7,5.7,5.7,5.7,0,5.7,0.0,0.0,5.7,5.7,5.7,0.0,0.0,-1,5.7,5.7,5.7,5.42,5.16,5.14,5.41,5.14,False,True,False
2020-01-16,1579132800,5.7,5.7,5.7,5.7,0,5.7,0.0,0.0,5.7,5.7,5.7,0.0,0.0,-1,5.7,5.7,5.7,5.44,5.17,5.15,5.42,5.14,False,True,False
2020-01-17,1579219200,5.7,5.7,5.7,5.7,0,5.7,0.0,0.0,5.7,5.7,5.7,0.0,0.0,-1,5.7,5.7,5.7,5.46,5.18,5.15,5.44,5.15,False,True,False
2020-01-20,1579478400,5.7,5.7,5.7,5.7,0,5.7,0.0,0.0,5.7,5.7,5.7,0.0,0.0,-1,5.7,5.7,5.7,5.48,5.18,5.16,5.46,5.15,False,True,False
2020-01-21,1579564800,5.7,5.7,5.7,5.7,0,5.7,0.0,0.0,5.7,5.7,5.7,0.0,0.0,-1,5.7,5.7,5.7,5.5,5.19,5.16,5.48,5.16,False,True,False
2020-01-22,1579651200,5.7,5.7,5.7,5.7,0,5.7,0.0,0.0,5.7,5.7,5.7,0.0,0.0,-1,5.7,5.7,5.7,5.51,5.2,5.16,5.5,5.16,False,True,False
2020-01-30,1580342400,5.7,5.7,5.7,5.7,0,5.7,0.0,0.0,5.7,5.7,5.7,0.0,0.0,-1,5.7,5.7,5.7,5.53,5.2,5.17,5.51,5.16,False,True,False
2020-01-31,1580428800,5.7,5.7,5.7,5.7,0,5.7,0.0,0.0,5.7,5.7,5.7,0.0,0.0,-1,5.7,5.7,5.7,5.55,5.21,5.17,5.53,5.17,False,True,False
2020-02-03,1580688000,5.7,5.7,5.7,5.7,0,5.7,0.0,0.0,5.7,5.7,5.7,0.0,0.0,-1,5.7,5.7,5.7,5.57,5.22,5.17,5.55,5.17,False,True,False
2020-02-04,1580774400,5.7,5.7,5.7,5.7,0,5.7,0.0,0.0,5.7,5.7,5.7,0.0,0.0,-1,5.7,5.7,5.7,5.59,5.23,5.18,5.57,5.17,False,True,False
2020-02-05,1580860800,5.7,5.7,5.7,5.7,0,5.7,0.0,0.0,5.7,5.7,5.7,0.0,0.0,-1,5.7,5.7,5.7,5.6,5.23,5.18,5.59,5.18,False,True,False
2020-02-06,1580947200,5.7,5.7,5.7,5.7,0,5.7,0.0,0.0,5.7,5.7,5.7,0.0,0.0,-1,5.7,5.7,5.7,5.62,5.24,5.18,5.6,5.18,False,True,False
2020-02-07,1581033600,5.7,5.7,5.7,5.7,0,5.7,0.0,0.0,5.7,5.7,5.7,0.0,0.0,-1,5.7,5.7,5.7,5.64,5.25,5.19,5.62,5.18,False,True,False
2020-02-10,1581292800,5.7,5.7,5.7,5.7,0,5.7,0.0,0.0,5.7,5.7,5.7,0.0,0.0,-1,5.7,5.7,5.7,5.66,5.25,5.19,5.64,5.19,False,True,False
2020-02-11,1581379200,5.7,5.7,5.7,5.7,0,5.7,0.0,0.0,5.7,5.7,5.7,0.0,0.0,-1,5.7,5.7,5.7,5.68,5.26,5.19,5.66,5.19,False,True,False
2020-02-12,1581465600,5.7,5.7,5.7,5.7,0,5.7,0.0,0.0,5.7,5.7,5.7,0.0,0.0,-1,5.7,5.7,5.7,5.69,5.27,5.2,5.68,5.19,False,True,False
2020-02-13,1581552000,5.7,5.7,5.7,5.7,0,5.7,0.0,0.0,5.7,5.7,5.7,0.0,0.0,-1,5.7,5.7,5.7,5.7,5.28,5.2,5.69,5.2,False,True,False
2020-02-14,1581638400,5.7,5.7,5.7,5.7,0,5.7,0.0,0.0,5.7,5.7,5.7,0.0,0.0,-1,5.7,5.7,5.7,5.7,5.28,5.2,5.7,5.2,False,True,False
2020-02-17,1581897600,5.7,5.7,5.7,5.7,0,5.7,0.0,0.0,5.7,5.7,5.7,0.0,0.0,-1,5.7,5.7,5.7,5.7,5.29,5.21,5.7,5.2,False,True,False
2020-02-18,1581984000,5.7,5.7,5.7,5.7,0,5.7,0.0,0.0,5.7,5.7,5.7,0.0,0.0,-1,5.7,5.7,5.7,5.7,5.3,5.21,5.7,5.21,False,True,False
2020-02-19,1582070400,5.7,5.7,5.7,5.7,0,5.7,0.0,0.0,5.7,5.7,5.7,0.0,0.0,-1,5.7,5.7,5.7,5.7,5.31,5.21,5.7,5.21,False,True,False
2020-02-20,1582156800,5.7,5.7,5.7,5.7,0,5.7,0.0,0.0,5.7,5.7,5.7,0.0,0.0,-1,5.7,5.7,5.7,5.7,5.32,5.22,5.7,5.21,False,True,False
2020-02-21,1582243200,5.7,5.7,5.7,5.7,0,5.7,0.0,0.0,5.7,5.7,5.7,0.0,0.0,-1,5.7,5.7,5.7,5.7,5.32,5.22,5.7,5.22,False,True,False
2020-02-24,1582502400,5.7,5.7,5.7,5.7,0,5.7,0.0,0.0,5.7,5.7,5.6,-0.1,-0.02,-1,5.7,5.7,5.7,5.7,5.33,5.22,5.7,5.22,False,True,False
2020-02-25,1582588800,5.6,5.6,5.6,5.6,0,5.7,-0.1,-0.02,5.7,5.7,5.6,0.0,0.0,-1,5.68,5.69,5.7,5.7,5.34,5.23,5.7,5.22,False,True,False
2020-02-26,1582675200,5.6,5.6,5.6,5.6,0,5.7,-0.1,-0.02,5.7,5.6,5.6,0.0,0.0,-1,5.66,5.68,5.69,5.7,5.35,5.23,5.7,5.23,False,True,False
2020-02-27,1582761600,5.6,5.6,5.6,5.6,0,5.7,-0.1,-0.02,5.6,5.6,5.6,0.0,0.0,-1,5.64,5.67,5.68,5.69,5.35,5.23,5.7,5.23,False,True,False
2020-02-28,1582848000,5.6,5.6,5.6,5.6,0,5.6,0.0,0.0,5.6,5.6,5.6,0.0,0.0,-1,5.62,5.66,5.68,5.69,5.36,5.24,5.69,5.23,False,True,False
2020-03-02,1583107200,5.6,5.6,5.6,5.6,0,5.6,0.0,0.0,5.6,5.6,6.0,0.4,0.07,1,5.6,5.65,5.68,5.69,5.37,5.24,5.69,5.24,False,True,False
2020-03-03,1583193600,6.0,6.0,6.0,6.0,1000,5.6,0.4,0.07,5.6,5.6,6.0,0.0,0.0,-1,5.68,5.68,5.69,5.7,5.38,5.24,5.69,5.24,False,True,False
2020-03-04,1583280000,6.0,6.0,6.0,6.0,0,5.6,0.4,0.07,5.6,6.0,6.0,0.0,0.0,-1,5.76,5.71,5.7,5.7,5.39,5.25,5.7,5.24,False,True,False
2020-03-05,1583366400,6.0,6.0,6.0,6.0,0,5.6,0.4,0.07,6.0,6.0,6.0,0.0,0.0,-1,5.84,5.74,5.72,5.71,5.4,5.24,5.7,5.25,False,True,False
2020-03-06,1583452800,6.0,6.0,6.0,6.0,0,6.0,0.0,0.0,6.0,6.0,6.0,0.0,0.0,-1,5.92,5.77,5.74,5.71,5.41,5.24,5.71,5.24,False,True,False
2020-03-09,1583712000,6.0,6.0,6.0,6.0,0,6.0,0.0,0.0,6.0,6.0,6.0,0.0,0.0,-1,6.0,5.8,5.75,5.72,5.42,5.24,5.71,5.24,False,True,False
2020-03-10,1583798400,6.0,6.0,6.0,6.0,0,6.0,0.0,0.0,6.0,6.0,6.0,0.0,0.0,-1,6.0,5.84,5.76,5.73,5.43,5.24,5.72,5.24,False,True,False
2020-03-11,1583884800,6.0,6.0,6.0,6.0,0,6.0,0.0,0.0,6.0,6.0,6.0,0.0,0.0,-1,6.0,5.88,5.78,5.73,5.44,5.24,5.73,5.24,False,True,False
2020-03-12,1583971200,6.0,6.0,6.0,6.0,0,6.0,0.0,0.0,6.0,6.0,6.0,0.0,0.0,-1,6.0,5.92,5.8,5.74,5.46,5.24,5.73,5.24,False,True,False
2020-03-13,1584057600,6.0,6.0,6.0,6.0,0,6.0,0.0,0.0,6.0,6.0,6.0,0.0,0.0,-1,6.0,5.96,5.81,5.74,5.47,5.24,5.74,5.24,False,True,False
2020-03-16,1584316800,6.0,6.0,6.0,6.0,0,6.0,0.0,0.0,6.0,6.0,6.0,0.0,0.0,-1,6.0,6.0,5.82,5.75,5.48,5.25,5.74,5.24,False,True,False
2020-03-17,1584403200,6.0,6.0,6.0,6.0,0,6.0,0.0,0.0,6.0,6.0,6.0,0.0,0.0,-1,6.0,6.0,5.84,5.76,5.49,5.25,5.75,5.25,False,True,False
2020-03-18,1584489600,6.0,6.0,6.0,6.0,0,6.0,0.0,0.0,6.0,6.0,6.0,0.0,0.0,-1,6.0,6.0,5.86,5.76,5.5,5.25,5.76,5.25,False,True,False
2020-03-19,1584576000,6.0,6.0,6.0,6.0,0,6.0,0.0,0.0,6.0,6.0,6.0,0.0,0.0,-1,6.0,6.0,5.87,5.77,5.52,5.26,5.76,5.25,False,True,False
2020-03-20,1584662400,6.0,6.0,6.0,6.0,0,6.0,0.0,0.0,6.0,6.0,6.0,0.0,0.0,-1,6.0,6.0,5.88,5.77,5.53,5.26,5.77,5.26,False,True,False
2020-03-23,1584921600,6.0,6.0,6.0,6.0,0,6.0,0.0,0.0,6.0,6.0,6.0,0.0,0.0,-1,6.0,6.0,5.9,5.78,5.54,5.27,5.77,5.26,False,True,False
2020-03-24,1585008000,6.0,6.0,6.0,6.0,0,6.0,0.0,0.0,6.0,6.0,6.0,0.0,0.0,-1,6.0,6.0,5.92,5.79,5.55,5.27,5.78,5.27,False,True,False
2020-03-25,1585094400,6.0,6.0,6.0,6.0,0,6.0,0.0,0.0,6.0,6.0,6.0,0.0,0.0,-1,6.0,6.0,5.94,5.79,5.56,5.28,5.79,5.27,False,True,False
2020-03-26,1585180800,6.0,6.0,6.0,6.0,0,6.0,0.0,0.0,6.0,6.0,6.0,0.0,0.0,-1,6.0,6.0,5.96,5.8,5.58,5.28,5.79,5.28,False,True,False
2020-03-27,1585267200,6.0,6.0,6.0,6.0,0,6.0,0.0,0.0,6.0,6.0,6.0,0.0,0.0,-1,6.0,6.0,5.98,5.8,5.59,5.29,5.8,5.28,False,True,False
2020-03-30,1585526400,6.0,6.0,6.0,6.0,0,6.0,0.0,0.0,6.0,6.0,6.0,0.0,0.0,-1,6.0,6.0,6.0,5.81,5.6,5.29,5.8,5.29,False,True,False
2020-03-31,1585612800,6.0,6.0,6.0,6.0,0,6.0,0.0,0.0,6.0,6.0,6.0,0.0,0.0,-1,6.0,6.0,6.0,5.82,5.61,5.3,5.81,5.29,False,True,False
2020-04-01,1585699200,6.0,6.0,6.0,6.0,0,6.0,0.0,0.0,6.0,6.0,6.0,0.0,0.0,-1,6.0,6.0,6.0,5.82,5.62,5.3,5.82,5.3,False,True,False
2020-04-03,1585872000,6.0,6.0,6.0,6.0,0,6.0,0.0,0.0,6.0,6.0,6.0,0.0,0.0,-1,6.0,6.0,6.0,5.83,5.64,5.31,5.82,5.3,False,True,False
2020-04-06,1586131200,6.0,6.0,6.0,6.0,0,6.0,0.0,0.0,6.0,6.0,6.0,0.0,0.0,-1,6.0,6.0,6.0,5.83,5.65,5.31,5.83,5.31,False,True,False
2020-04-07,1586217600,6.0,6.0,6.0,6.0,0,6.0,0.0,0.0,6.0,6.0,6.0,0.0,0.0,-1,6.0,6.0,6.0,5.84,5.66,5.32,5.83,5.31,False,True,False
2020-04-08,1586304000,6.0,6.0,6.0,6.0,0,6.0,0.0,0.0,6.0,6.0,6.0,0.0,0.0,-1,6.0,6.0,6.0,5.85,5.67,5.32,5.84,5.32,False,True,False
2020-04-09,1586390400,6.0,6.0,6.0,6.0,0,6.0,0.0,0.0,6.0,6.0,6.0,0.0,0.0,-1,6.0,6.0,6.0,5.85,5.68,5.33,5.85,5.32,False,True,False
2020-04-10,1586476800,6.0,6.0,6.0,6.0,0,6.0,0.0,0.0,6.0,6.0,6.0,0.0,0.0,-1,6.0,6.0,6.0,5.86,5.7,5.33,5.85,5.33,False,True,False
2020-04-13,1586736000,6.0,6.0,6.0,6.0,0,6.0,0.0,0.0,6.0,6.0,6.0,0.0,0.0,-1,6.0,6.0,6.0,5.86,5.71,5.34,5.86,5.33,False,True,False
2020-04-14,1586822400,6.0,6.0,6.0,6.0,0,6.0,0.0,0.0,6.0,6.0,6.0,0.0,0.0,-1,6.0,6.0,6.0,5.87,5.72,5.34,5.86,5.34,False,True,False
2020-04-15,1586908800,6.0,6.0,6.0,6.0,0,6.0,0.0,0.0,6.0,6.0,6.0,0.0,0.0,-1,6.0,6.0,6.0,5.88,5.73,5.35,5.87,5.34,False,True,False
2020-04-16,1586995200,6.0,6.0,6.0,6.0,0,6.0,0.0,0.0,6.0,6.0,6.0,0.0,0.0,-1,6.0,6.0,6.0,5.88,5.74,5.35,5.88,5.35,False,True,False
2020-04-17,1587081600,6.0,6.0,6.0,6.0,0,6.0,0.0,0.0,6.0,6.0,6.0,0.0,0.0,-1,6.0,6.0,6.0,5.89,5.76,5.36,5.88,5.35,False,True,False
2020-04-20,1587340800,6.0,6.0,6.0,6.0,0,6.0,0.0,0.0,6.0,6.0,6.0,0.0,0.0,-1,6.0,6.0,6.0,5.89,5.77,5.36,5.89,5.36,False,True,False
2020-04-21,1587427200,6.0,6.0,6.0,6.0,0,6.0,0.0,0.0,6.0,6.0,6.0,0.0,0.0,-1,6.0,6.0,6.0,5.9,5.78,5.37,5.89,5.36,False,True,False
2020-04-22,1587513600,6.0,6.0,6.0,6.0,0,6.0,0.0,0.0,6.0,6.0,6.0,0.0,0.0,-1,6.0,6.0,6.0,5.91,5.79,5.37,5.9,5.37,False,True,False
2020-04-23,1587600000,6.0,6.0,6.0,6.0,0,6.0,0.0,0.0,6.0,6.0,6.0,0.0,0.0,-1,6.0,6.0,6.0,5.91,5.8,5.38,5.91,5.37,False,True,False
2020-04-24,1587686400,6.0,6.0,6.0,6.0,0,6.0,0.0,0.0,6.0,6.0,6.0,0.0,0.0,-1,6.0,6.0,6.0,5.92,5.81,5.38,5.91,5.38,False,True,False
2020-04-27,1587945600,6.0,6.0,6.0,6.0,0,6.0,0.0,0.0,6.0,6.0,6.0,0.0,0.0,-1,6.0,6.0,6.0,5.92,5.81,5.39,5.92,5.38,False,True,False
2020-04-28,1588032000,6.0,6.0,6.0,6.0,0,6.0,0.0,0.0,6.0,6.0,6.0,0.0,0.0,-1,6.0,6.0,6.0,5.93,5.82,5.39,5.92,5.39,False,True,False
2020-04-29,1588118400,6.0,6.0,6.0,6.0,0,6.0,0.0,0.0,6.0,6.0,6.0,0.0,0.0,-1,6.0,6.0,6.0,5.94,5.82,5.39,5.93,5.39,False,True,False
2020-05-04,1588550400,6.0,6.0,6.0,6.0,0,6.0,0.0,0.0,6.0,6.0,6.0,0.0,0.0,-1,6.0,6.0,6.0,5.94,5.82,5.39,5.94,5.39,False,True,False
2020-05-05,1588636800,6.0,6.0,6.0,6.0,0,6.0,0.0,0.0,6.0,6.0,6.0,0.0,0.0,-1,6.0,6.0,6.0,5.95,5.82,5.4,5.94,5.39,False,True,False
2020-05-06,1588723200,6.0,6.0,6.0,6.0,0,6.0,0.0,0.0,6.0,6.0,6.0,0.0,0.0,-1,6.0,6.0,6.0,5.95,5.83,5.4,5.95,5.4,False,True,False
2020-05-07,1588809600,6.0,6.0,6.0,6.0,0,6.0,0.0,0.0,6.0,6.0,6.0,0.0,0.0,-1,6.0,6.0,6.0,5.96,5.83,5.4,5.95,5.4,False,True,False
2020-05-08,1588896000,6.0,6.0,6.0,6.0,0,6.0,0.0,0.0,6.0,6.0,6.0,0.0,0.0,-1,6.0,6.0,6.0,5.97,5.83,5.41,5.96,5.4,False,True,False
2020-05-11,1589155200,6.0,6.0,6.0,6.0,0,6.0,0.0,0.0,6.0,6.0,6.0,0.0,0.0,-1,6.0,6.0,6.0,5.98,5.84,5.41,5.97,5.41,False,True,False
2020-05-12,1589241600,6.0,6.0,6.0,6.0,0,6.0,0.0,0.0,6.0,6.0,6.0,0.0,0.0,-1,6.0,6.0,6.0,5.98,5.84,5.42,5.98,5.41,False,True,False
2020-05-13,1589328000,6.0,6.0,6.0,6.0,0,6.0,0.0,0.0,6.0,6.0,6.0,0.0,0.0,-1,6.0,6.0,6.0,5.99,5.84,5.42,5.98,5.42,False,True,False
2020-05-14,1589414400,6.0,6.0,6.0,6.0,0,6.0,0.0,0.0,6.0,6.0,6.0,0.0,0.0,-1,6.0,6.0,6.0,6.0,5.84,5.43,5.99,5.42,False,True,False
2020-05-15,1589500800,6.0,6.0,6.0,6.0,0,6.0,0.0,0.0,6.0,6.0,6.0,0.0,0.0,-1,6.0,6.0,6.0,6.0,5.85,5.43,6.0,5.43,False,True,False
2020-05-18,1589760000,6.0,6.0,6.0,6.0,0,6.0,0.0,0.0,6.0,6.0,6.0,0.0,0.0,-1,6.0,6.0,6.0,6.0,5.85,5.44,6.0,5.43,False,True,False
2020-05-19,1589846400,6.0,6.0,6.0,6.0,0,6.0,0.0,0.0,6.0,6.0,6.0,0.0,0.0,-1,6.0,6.0,6.0,6.0,5.85,5.44,6.0,5.44,False,True,False
2020-05-20,1589932800,6.0,6.0,6.0,6.0,0,6.0,0.0,0.0,6.0,6.0,6.0,0.0,0.0,-1,6.0,6.0,6.0,6.0,5.86,5.45,6.0,5.44,False,True,False
2020-05-21,1590019200,6.0,6.0,6.0,6.0,0,6.0,0.0,0.0,6.0,6.0,6.0,0.0,0.0,-1,6.0,6.0,6.0,6.0,5.86,5.45,6.0,5.45,False,True,False
2020-05-22,1590105600,6.0,6.0,6.0,6.0,0,6.0,0.0,0.0,6.0,6.0,6.0,0.0,0.0,-1,6.0,6.0,6.0,6.0,5.86,5.46,6.0,5.45,False,True,False
2020-05-25,1590364800,6.0,6.0,6.0,6.0,0,6.0,0.0,0.0,6.0,6.0,6.0,0.0,0.0,-1,6.0,6.0,6.0,6.0,5.87,5.46,6.0,5.46,False,True,False
2020-05-26,1590451200,6.0,6.0,6.0,6.0,0,6.0,0.0,0.0,6.0,6.0,6.0,0.0,0.0,-1,6.0,6.0,6.0,6.0,5.87,5.47,6.0,5.46,False,True,False
2020-05-27,1590537600,6.0,6.0,6.0,6.0,0,6.0,0.0,0.0,6.0,6.0,6.0,0.0,0.0,-1,6.0,6.0,6.0,6.0,5.87,5.47,6.0,5.47,False,True,False
2020-05-28,1590624000,6.0,6.0,6.0,6.0,0,6.0,0.0,0.0,6.0,6.0,8.4,2.4,0.4,1,6.0,6.0,6.0,6.0,5.88,5.48,6.0,5.47,False,True,False
2020-05-29,1590710400,8.4,8.4,8.4,8.4,500,6.0,2.4,0.4,6.0,6.0,8.4,0.0,0.0,-1,6.48,6.24,6.12,6.05,5.9,5.49,6.0,5.48,False,True,False
2020-06-01,1590969600,8.4,8.4,8.4,8.4,0,6.0,2.4,0.4,6.0,8.4,8.4,0.0,0.0,-1,6.96,6.48,6.24,6.1,5.93,5.51,6.05,5.49,False,True,False
2020-06-02,1591056000,8.4,8.4,8.4,8.4,500,6.0,2.4,0.4,8.4,8.4,8.4,0.0,0.0,-1,7.44,6.72,6.36,6.14,5.96,5.53,6.1,5.51,False,True,False
2020-06-03,1591142400,8.4,8.4,8.4,8.4,0,8.4,0.0,0.0,8.4,8.4,8.4,0.0,0.0,-1,7.92,6.96,6.48,6.19,5.98,5.54,6.14,5.53,False,True,False
2020-06-04,1591228800,8.4,8.4,8.4,8.4,0,8.4,0.0,0.0,8.4,8.4,8.4,0.0,0.0,-1,8.4,7.2,6.6,6.24,6.01,5.56,6.19,5.54,False,True,False
2020-06-05,1591315200,8.4,8.4,8.4,8.4,0,8.4,0.0,0.0,8.4,8.4,8.4,0.0,0.0,-1,8.4,7.44,6.72,6.29,6.04,5.58,6.24,5.56,False,True,False
2020-06-08,1591574400,8.4,8.4,8.4,8.4,0,8.4,0.0,0.0,8.4,8.4,8.4,0.0,0.0,-1,8.4,7.68,6.84,6.34,6.06,5.6,6.29,5.58,False,True,False
2020-06-09,1591660800,8.4,8.4,8.4,8.4,0,8.4,0.0,0.0,8.4,8.4,8.4,0.0,0.0,-1,8.4,7.92,6.96,6.38,6.09,5.61,6.34,5.6,False,True,False
2020-06-10,1591747200,8.4,8.4,8.4,8.4,0,8.4,0.0,0.0,8.4,8.4,8.4,0.0,0.0,-1,8.4,8.16,7.08,6.43,6.12,5.63,6.38,5.61,False,True,False
2020-06-11,1591833600,8.4,8.4,8.4,8.4,0,8.4,0.0,0.0,8.4,8.4,8.4,0.0,0.0,-1,8.4,8.4,7.2,6.48,6.14,5.65,6.43,5.63,False,True,False
2020-06-12,1591920000,8.4,8.4,8.4,8.4,0,8.4,0.0,0.0,8.4,8.4,8.4,0.0,0.0,-1,8.4,8.4,7.32,6.53,6.17,5.66,6.48,5.65,False,True,False
2020-06-15,1592179200,8.4,8.4,8.4,8.4,0,8.4,0.0,0.0,8.4,8.4,8.4,0.0,0.0,-1,8.4,8.4,7.44,6.58,6.2,5.68,6.53,5.66,False,True,False
2020-06-16,1592265600,8.4,8.4,8.4,8.4,0,8.4,0.0,0.0,8.4,8.4,8.4,0.0,0.0,-1,8.4,8.4,7.56,6.62,6.23,5.7,6.58,5.68,False,True,False
2020-06-17,1592352000,8.4,8.4,8.4,8.4,0,8.4,0.0,0.0,8.4,8.4,8.4,0.0,0.0,-1,8.4,8.4,7.68,6.67,6.25,5.72,6.62,5.7,False,True,False
2020-06-18,1592438400,8.4,8.4,8.4,8.4,0,8.4,0.0,0.0,8.4,8.4,8.4,0.0,0.0,-1,8.4,8.4,7.8,6.72,6.28,5.73,6.67,5.72,False,True,False
2020-06-19,1592524800,8.4,8.4,8.4,8.4,0,8.4,0.0,0.0,8.4,8.4,8.4,0.0,0.0,-1,8.4,8.4,7.92,6.77,6.31,5.75,6.72,5.73,False,True,False
2020-06-22,1592784000,8.4,8.4,8.4,8.4,0,8.4,0.0,0.0,8.4,8.4,8.4,0.0,0.0,-1,8.4,8.4,8.04,6.82,6.33,5.77,6.77,5.75,False,True,False
2020-06-23,1592870400,8.4,8.4,8.4,8.4,0,8.4,0.0,0.0,8.4,8.4,8.4,0.0,0.0,-1,8.4,8.4,8.16,6.86,6.36,5.78,6.82,5.77,False,True,False
2020-06-24,1592956800,8.4,8.4,8.4,8.4,0,8.4,0.0,0.0,8.4,8.4,8.4,0.0,0.0,-1,8.4,8.4,8.28,6.91,6.39,5.8,6.86,5.78,False,True,False
2020-06-25,1593043200,8.4,8.4,8.4,8.4,0,8.4,0.0,0.0,8.4,8.4,8.4,0.0,0.0,-1,8.4,8.4,8.4,6.96,6.42,5.82,6.91,5.8,False,True,False
2020-06-26,1593129600,8.4,8.4,8.4,8.4,0,8.4,0.0,0.0,8.4,8.4,8.4,0.0,0.0,-1,8.4,8.4,8.4,7.01,6.44,5.83,6.96,5.82,False,True,False
2020-06-29,1593388800,8.4,8.4,8.4,8.4,0,8.4,0.0,0.0,8.4,8.4,8.4,0.0,0.0,-1,8.4,8.4,8.4,7.06,6.47,5.85,7.01,5.83,False,True,False
2020-06-30,1593475200,8.4,8.4,8.4,8.4,0,8.4,0.0,0.0,8.4,8.4,8.4,0.0,0.0,-1,8.4,8.4,8.4,7.1,6.5,5.87,7.06,5.85,False,True,False
2020-07-01,1593561600,8.4,8.4,8.4,8.4,0,8.4,0.0,0.0,8.4,8.4,8.4,0.0,0.0,-1,8.4,8.4,8.4,7.15,6.52,5.88,7.1,5.87,False,True,False
2020-07-02,1593648000,8.4,8.4,8.4,8.4,0,8.4,0.0,0.0,8.4,8.4,8.4,0.0,0.0,-1,8.4,8.4,8.4,7.2,6.55,5.9,7.15,5.88,False,True,False
2020-07-03,1593734400,8.4,8.4,8.4,8.4,0,8.4,0.0,0.0,8.4,8.4,8.4,0.0,0.0,-1,8.4,8.4,8.4,7.25,6.58,5.92,7.2,5.9,False,True,False
2020-07-06,1593993600,8.4,8.4,8.4,8.4,0,8.4,0.0,0.0,8.4,8.4,8.4,0.0,0.0,-1,8.4,8.4,8.4,7.3,6.6,5.94,7.25,5.92,False,True,False
2020-07-07,1594080000,8.4,8.4,8.4,8.4,0,8.4,0.0,0.0,8.4,8.4,8.4,0.0,0.0,-1,8.4,8.4,8.4,7.34,6.63,5.95,7.3,5.94,False,True,False
2020-07-08,1594166400,8.4,8.4,8.4,8.4,0,8.4,0.0,0.0,8.4,8.4,8.4,0.0,0.0,-1,8.4,8.4,8.4,7.39,6.66,5.97,7.34,5.95,False,True,False
2020-07-09,1594252800,8.4,8.4,8.4,8.4,0,8.4,0.0,0.0,8.4,8.4,8.4,0.0,0.0,-1,8.4,8.4,8.4,7.44,6.69,5.99,7.39,5.97,False,True,False
2020-07-10,1594339200,8.4,8.4,8.4,8.4,0,8.4,0.0,0.0,8.4,8.4,8.4,0.0,0.0,-1,8.4,8.4,8.4,7.49,6.71,6.01,7.44,5.99,False,True,False
2020-07-13,1594598400,8.4,8.4,8.4,8.4,0,8.4,0.0,0.0,8.4,8.4,8.4,0.0,0.0,-1,8.4,8.4,8.4,7.54,6.74,6.02,7.49,6.01,False,True,False
2020-07-14,1594684800,8.4,8.4,8.4,8.4,0,8.4,0.0,0.0,8.4,8.4,8.4,0.0,0.0,-1,8.4,8.4,8.4,7.58,6.77,6.04,7.54,6.02,False,True,False
2020-07-15,1594771200,8.4,8.4,8.4,8.4,0,8.4,0.0,0.0,8.4,8.4,8.4,0.0,0.0,-1,8.4,8.4,8.4,7.63,6.79,6.06,7.58,6.04,False,True,False
2020-07-16,1594857600,8.4,8.4,8.4,8.4,0,8.4,0.0,0.0,8.4,8.4,8.4,0.0,0.0,-1,8.4,8.4,8.4,7.68,6.82,6.08,7.63,6.06,False,True,False
2020-07-17,1594944000,8.4,8.4,8.4,8.4,0,8.4,0.0,0.0,8.4,8.4,8.4,0.0,0.0,-1,8.4,8.4,8.4,7.73,6.85,6.09,7.68,6.08,False,True,False
2020-07-20,1595203200,8.4,8.4,8.4,8.4,0,8.4,0.0,0.0,8.4,8.4,8.4,0.0,0.0,-1,8.4,8.4,8.4,7.78,6.88,6.11,7.73,6.09,False,True,False
2020-07-21,1595289600,8.4,8.4,8.4,8.4,0,8.4,0.0,0.0,8.4,8.4,8.4,0.0,0.0,-1,8.4,8.4,8.4,7.82,6.9,6.13,7.78,6.11,False,True,False
2020-07-22,1595376000,8.4,8.4,8.4,8.4,0,8.4,0.0,0.0,8.4,8.4,8.4,0.0,0.0,-1,8.4,8.4,8.4,7.87,6.93,6.15,7.82,6.13,False,True,False
2020-07-23,1595462400,8.4,8.4,8.4,8.4,0,8.4,0.0,0.0,8.4,8.4,8.4,0.0,0.0,-1,8.4,8.4,8.4,7.92,6.96,6.16,7.87,6.15,False,True,False
2020-07-24,1595548800,8.4,8.4,8.4,8.4,0,8.4,0.0,0.0,8.4,8.4,8.4,0.0,0.0,-1,8.4,8.4,8.4,7.97,6.98,6.18,7.92,6.16,False,True,False
2020-07-27,1595808000,8.4,8.4,8.4,8.4,0,8.4,0.0,0.0,8.4,8.4,8.4,0.0,0.0,-1,8.4,8.4,8.4,8.02,7.01,6.2,7.97,6.18,False,True,False
2020-07-28,1595894400,8.4,8.4,8.4,8.4,0,8.4,0.0,0.0,8.4,8.4,8.4,0.0,0.0,-1,8.4,8.4,8.4,8.06,7.03,6.22,8.02,6.2,False,True,False
2020-07-29,1595980800,8.4,8.4,8.4,8.4,0,8.4,0.0,0.0,8.4,8.4,8.4,0.0,0.0,-1,8.4,8.4,8.4,8.11,7.06,6.23,8.06,6.22,False,True,False
2020-07-30,1596067200,8.4,8.4,8.4,8.4,0,8.4,0.0,0.0,8.4,8.4,8.4,0.0,0.0,-1,8.4,8.4,8.4,8.16,7.08,6.25,8.11,6.23,False,True,False
2020-07-31,1596153600,8.4,8.4,8.4,8.4,0,8.4,0.0,0.0,8.4,8.4,8.4,0.0,0.0,-1,8.4,8.4,8.4,8.21,7.1,6.27,8.16,6.25,False,True,False
2020-08-03,1596412800,8.4,8.4,8.4,8.4,0,8.4,0.0,0.0,8.4,8.4,8.4,0.0,0.0,-1,8.4,8.4,8.4,8.26,7.13,6.29,8.21,6.27,False,True,False
2020-08-04,1596499200,8.4,8.4,8.4,8.4,0,8.4,0.0,0.0,8.4,8.4,8.4,0.0,0.0,-1,8.4,8.4,8.4,8.3,7.15,6.3,8.26,6.29,False,True,False
2020-08-05,1596585600,8.4,8.4,8.4,8.4,0,8.4,0.0,0.0,8.4,8.4,8.4,0.0,0.0,-1,8.4,8.4,8.4,8.35,7.18,6.32,8.3,6.3,False,True,False
2020-08-06,1596672000,8.4,8.4,8.4,8.4,0,8.4,0.0,0.0,8.4,8.4,8.4,0.0,0.0,-1,8.4,8.4,8.4,8.4,7.2,6.34,8.35,6.32,False,True,False
2020-08-07,1596758400,8.4,8.4,8.4,8.4,0,8.4,0.0,0.0,8.4,8.4,8.4,0.0,0.0,-1,8.4,8.4,8.4,8.4,7.22,6.36,8.4,6.34,False,True,False
2020-08-10,1597017600,8.4,8.4,8.4,8.4,0,8.4,0.0,0.0,8.4,8.4,8.4,0.0,0.0,-1,8.4,8.4,8.4,8.4,7.25,6.38,8.4,6.36,False,True,False
2020-08-11,1597104000,8.4,8.4,8.4,8.4,0,8.4,0.0,0.0,8.4,8.4,8.4,0.0,0.0,-1,8.4,8.4,8.4,8.4,7.27,6.39,8.4,6.38,False,True,False
2020-08-12,1597190400,8.4,8.4,8.4,8.4,0,8.4,0.0,0.0,8.4,8.4,8.4,0.0,0.0,-1,8.4,8.4,8.4,8.4,7.3,6.41,8.4,6.39,False,True,False
2020-08-13,1597276800,8.4,8.4,8.4,8.4,0,8.4,0.0,0.0,8.4,8.4,8.4,0.0,0.0,-1,8.4,8.4,8.4,8.4,7.32,6.43,8.4,6.41,False,True,False
2020-08-14,1597363200,8.4,8.4,8.4,8.4,0,8.4,0.0,0.0,8.4,8.4,8.4,0.0,0.0,-1,8.4,8.4,8.4,8.4,7.34,6.45,8.4,6.43,False,True,False
2020-08-17,1597622400,8.4,8.4,8.4,8.4,0,8.4,0.0,0.0,8.4,8.4,8.4,0.0,0.0,-1,8.4,8.4,8.4,8.4,7.37,6.47,8.4,6.45,False,True,False
2020-08-18,1597708800,8.4,8.4,8.4,8.4,0,8.4,0.0,0.0,8.4,8.4,8.4,0.0,0.0,-1,8.4,8.4,8.4,8.4,7.39,6.48,8.4,6.47,False,True,False
2020-08-19,1597795200,8.4,8.4,8.4,8.4,0,8.4,0.0,0.0,8.4,8.4,8.4,0.0,0.0,-1,8.4,8.4,8.4,8.4,7.42,6.5,8.4,6.48,False,True,False
2020-08-20,1597881600,8.4,8.4,8.4,8.4,0,8.4,0.0,0.0,8.4,8.4,8.4,0.0,0.0,-1,8.4,8.4,8.4,8.4,7.44,6.52,8.4,6.5,False,True,False
2020-08-21,1597968000,8.4,8.4,8.4,8.4,0,8.4,0.0,0.0,8.4,8.4,8.4,0.0,0.0,-1,8.4,8.4,8.4,8.4,7.46,6.54,8.4,6.52,False,True,False
2020-08-24,1598227200,8.4,8.4,8.4,8.4,0,8.4,0.0,0.0,8.4,8.4,5.1,-3.3,-0.39,-1,8.4,8.4,8.4,8.4,7.49,6.56,8.4,6.54,False,True,False
2020-08-25,1598313600,5.1,5.1,5.1,5.1,500,8.4,-3.3,-0.39,8.4,8.4,5.1,0.0,0.0,-1,7.74,8.07,8.24,8.33,7.48,6.56,8.4,6.56,False,True,False
2020-08-26,1598400000,5.1,5.1,5.1,5.1,0,8.4,-3.3,-0.39,8.4,5.1,5.1,0.0,0.0,-1,7.08,7.74,8.07,8.27,7.47,6.56,8.33,6.56,False,True,False
2020-08-27,1598486400,5.1,5.1,5.1,5.1,0,8.4,-3.3,-0.39,5.1,5.1,5.1,0.0,0.0,-1,6.42,7.41,7.9,8.2,7.46,6.56,8.27,6.56,False,True,False
2020-08-28,1598572800,5.1,5.1,5.1,5.1,0,5.1,0.0,0.0,5.1,5.1,5.1,0.0,0.0,-1,5.76,7.08,7.74,8.14,7.45,6.56,8.2,6.56,False,True,False
2020-08-31,1598832000,5.1,5.1,5.1,5.1,400,5.1,0.0,0.0,5.1,5.1,5.1,0.0,0.0,-1,5.1,6.75,7.58,8.07,7.44,6.56,8.14,6.56,False,True,False
2020-09-01,1598918400,5.1,5.1,5.1,5.1,0,5.1,0.0,0.0,5.1,5.1,5.1,0.0,0.0,-1,5.1,6.42,7.41,8.0,7.43,6.56,8.07,6.56,False,True,False
2020-09-03,1599091200,5.1,5.1,5.1,5.1,0,5.1,0.0,0.0,5.1,5.1,5.1,0.0,0.0,-1,5.1,6.09,7.24,7.94,7.43,6.57,8.0,6.56,False,True,False
2020-09-04,1599177600,5.1,5.1,5.1,5.1,0,5.1,0.0,0.0,5.1,5.1,5.1,0.0,0.0,-1,5.1,5.76,7.08,7.87,7.42,6.57,7.94,6.57,False,True,False
2020-09-07,1599436800,5.1,5.1,5.1,5.1,0,5.1,0.0,0.0,5.1,5.1,5.1,0.0,0.0,-1,5.1,5.43,6.92,7.81,7.41,6.57,7.87,6.57,False,True,False
2020-09-08,1599523200,5.1,5.1,5.1,5.1,0,5.1,0.0,0.0,5.1,5.1,5.1,0.0,0.0,-1,5.1,5.1,6.75,7.74,7.4,6.57,7.81,6.57,False,True,False
2020-09-09,1599609600,5.1,5.1,5.1,5.1,0,5.1,0.0,0.0,5.1,5.1,5.5,0.4,0.08,1,5.1,5.1,6.58,7.67,7.39,6.57,7.74,6.57,False,True,False
2020-09-10,1599696000,5.5,5.5,5.5,5.5,200,5.1,0.4,0.08,5.1,5.1,5.5,0.0,0.0,-1,5.18,5.14,6.44,7.62,7.38,6.58,7.67,6.57,False,True,False
2020-09-11,1599782400,5.5,5.5,5.5,5.5,0,5.1,0.4,0.08,5.1,5.5,5.5,0.0,0.0,-1,5.26,5.18,6.3,7.56,7.38,6.58,7.62,6.58,False,True,False
2020-09-14,1600041600,5.5,5.5,5.5,5.5,0,5.1,0.4,0.08,5.5,5.5,5.5,0.0,0.0,-1,5.34,5.22,6.15,7.5,7.37,6.58,7.56,6.58,False,True,False
2020-09-15,1600128000,5.5,5.5,5.5,5.5,0,5.5,0.0,0.0,5.5,5.5,5.5,0.0,0.0,-1,5.42,5.26,6.0,7.44,7.37,6.59,7.5,6.58,False,True,False
2020-09-16,1600214400,5.5,5.5,5.5,5.5,0,5.5,0.0,0.0,5.5,5.5,5.5,0.0,0.0,-1,5.5,5.3,5.86,7.38,7.36,6.59,7.44,6.59,False,True,False
2020-09-17,1600300800,5.5,5.5,5.5,5.5,0,5.5,0.0,0.0,5.5,5.5,5.5,0.0,0.0,-1,5.5,5.34,5.72,7.33,7.36,6.58,7.38,6.59,False,True,False
2020-09-18,1600387200,5.5,5.5,5.5,5.5,0,5.5,0.0,0.0,5.5,5.5,5.5,0.0,0.0,-1,5.5,5.38,5.57,7.27,7.35,6.58,7.33,6.58,False,True,False
2020-09-21,1600646400,5.5,5.5,5.5,5.5,0,5.5,0.0,0.0,5.5,5.5,5.4,-0.1,-0.02,-1,5.5,5.42,5.42,7.21,7.35,6.58,7.27,6.58,False,True,False
2020-09-22,1600732800,5.4,5.4,5.4,5.4,300,5.5,-0.1,-0.02,5.5,5.5,5.4,0.0,0.0,-1,5.48,5.45,5.28,7.15,7.34,6.58,7.21,6.58,False,True,False
2020-09-23,1600819200,5.4,5.4,5.4,5.4,0,5.5,-0.1,-0.02,5.5,5.4,5.4,0.0,0.0,-1,5.46,5.48,5.29,7.09,7.34,6.58,7.15,6.58,False,True,False
2020-09-24,1600905600,5.4,5.4,5.4,5.4,0,5.5,-0.1,-0.02,5.4,5.4,5.4,0.0,0.0,-1,5.44,5.47,5.31,7.03,7.33,6.58,7.09,6.58,False,True,False
2020-09-25,1600992000,5.4,5.4,5.4,5.4,0,5.4,0.0,0.0,5.4,5.4,5.4,0.0,0.0,-1,5.42,5.46,5.32,6.97,7.33,6.58,7.03,6.58,False,True,False
2020-09-28,1601251200,5.4,5.4,5.4,5.4,0,5.4,0.0,0.0,5.4,5.4,5.4,0.0,0.0,-1,5.4,5.45,5.34,6.91,7.32,6.58,6.97,6.58,False,True,False
2020-09-29,1601337600,5.4,5.4,5.4,5.4,0,5.4,0.0,0.0,5.4,5.4,5.4,0.0,0.0,-1,5.4,5.44,5.35,6.85,7.31,6.57,6.91,6.58,False,True,False
2020-09-30,1601424000,5.4,5.4,5.4,5.4,0,5.4,0.0,0.0,5.4,5.4,5.4,0.0,0.0,-1,5.4,5.43,5.36,6.79,7.31,6.57,6.85,6.57,False,True,False
2020-10-01,1601510400,5.4,5.4,5.4,5.4,0,5.4,0.0,0.0,5.4,5.4,5.4,0.0,0.0,-1,5.4,5.42,5.38,6.73,7.3,6.57,6.79,6.57,False,True,False
2020-10-02,1601596800,5.4,5.4,5.4,5.4,0,5.4,0.0,0.0,5.4,5.4,5.4,0.0,0.0,-1,5.4,5.41,5.4,6.67,7.3,6.57,6.73,6.57,False,True,False
2020-10-05,1601856000,5.4,5.4,5.4,5.4,0,5.4,0.0,0.0,5.4,5.4,5.4,0.0,0.0,-1,5.4,5.4,5.41,6.61,7.29,6.57,6.67,6.57,False,True,False
2020-10-06,1601942400,5.4,5.4,5.4,5.4,0,5.4,0.0,0.0,5.4,5.4,5.4,0.0,0.0,-1,5.4,5.4,5.43,6.55,7.28,6.57,6.61,6.57,False,False,False
2020-10-07,1602028800,5.4,5.4,5.4,5.4,0,5.4,0.0,0.0,5.4,5.4,5.4,0.0,0.0,-1,5.4,5.4,5.44,6.49,7.28,6.57,6.55,6.57,True,False,False
2020-10-08,1602115200,5.4,5.4,5.4,5.4,0,5.4,0.0,0.0,5.4,5.4,5.4,0.0,0.0,-1,5.4,5.4,5.44,6.43,7.27,6.56,6.49,6.57,True,False,False
2020-10-09,1602201600,5.4,5.4,5.4,5.4,0,5.4,0.0,0.0,5.4,5.4,5.4,0.0,0.0,-1,5.4,5.4,5.43,6.37,7.27,6.56,6.43,6.56,True,False,False
2020-10-12,1602460800,5.4,5.4,5.4,5.4,0,5.4,0.0,0.0,5.4,5.4,5.4,0.0,0.0,-1,5.4,5.4,5.42,6.31,7.26,6.56,6.37,6.56,True,False,False
2020-10-13,1602547200,5.4,5.4,5.4,5.4,0,5.4,0.0,0.0,5.4,5.4,5.4,0.0,0.0,-1,5.4,5.4,5.42,6.25,7.25,6.56,6.31,6.56,True,False,False
2020-10-14,1602633600,5.4,5.4,5.4,5.4,0,5.4,0.0,0.0,5.4,5.4,5.4,0.0,0.0,-1,5.4,5.4,5.42,6.19,7.25,6.56,6.25,6.56,True,False,False
2020-10-15,1602720000,5.4,5.4,5.4,5.4,0,5.4,0.0,0.0,5.4,5.4,5.4,0.0,0.0,-1,5.4,5.4,5.41,6.13,7.24,6.56,6.19,6.56,True,False,False
2020-10-16,1602806400,5.4,5.4,5.4,5.4,0,5.4,0.0,0.0,5.4,5.4,5.4,0.0,0.0,-1,5.4,5.4,5.4,6.07,7.24,6.56,6.13,6.56,True,False,False
2020-10-19,1603065600,5.4,5.4,5.4,5.4,0,5.4,0.0,0.0,5.4,5.4,5.4,0.0,0.0,-1,5.4,5.4,5.4,6.01,7.2,6.55,6.07,6.56,True,False,False
2020-10-20,1603152000,5.4,5.4,5.4,5.4,0,5.4,0.0,0.0,5.4,5.4,5.4,0.0,0.0,-1,5.4,5.4,5.4,5.95,7.18,6.55,6.01,6.55,True,False,False
2020-10-21,1603238400,5.4,5.4,5.4,5.4,0,5.4,0.0,0.0,5.4,5.4,5.4,0.0,0.0,-1,5.4,5.4,5.4,5.89,7.14,6.55,5.95,6.55,True,False,False
2020-10-22,1603324800,5.4,5.4,5.4,5.4,0,5.4,0.0,0.0,5.4,5.4,5.4,0.0,0.0,-1,5.4,5.4,5.4,5.83,7.12,6.55,5.89,6.55,True,False,False
2020-10-23,1603411200,5.4,5.4,5.4,5.4,0,5.4,0.0,0.0,5.4,5.4,5.4,0.0,0.0,-1,5.4,5.4,5.4,5.77,7.09,6.55,5.83,6.55,True,False,False
2020-10-26,1603670400,5.4,5.4,5.4,5.4,0,5.4,0.0,0.0,5.4,5.4,5.4,0.0,0.0,-1,5.4,5.4,5.4,5.71,7.06,6.55,5.77,6.55,True,False,False
2020-10-27,1603756800,5.4,5.4,5.4,5.4,0,5.4,0.0,0.0,5.4,5.4,5.0,-0.4,-0.07,-1,5.4,5.4,5.4,5.65,7.02,6.54,5.71,6.55,True,False,False
2020-10-28,1603843200,5.0,5.0,5.0,5.0,100,5.4,-0.4,-0.07,5.4,5.4,5.0,0.0,0.0,-1,5.32,5.36,5.38,5.58,6.99,6.54,5.65,6.54,True,False,False
2020-10-29,1603929600,5.0,5.0,5.0,5.0,0,5.4,-0.4,-0.07,5.4,5.0,5.0,0.0,0.0,-1,5.24,5.32,5.36,5.51,6.96,6.54,5.58,6.54,True,False,False
2020-10-30,1604016000,5.0,5.0,5.0,5.0,0,5.4,-0.4,-0.07,5.0,5.0,5.0,0.0,0.0,-1,5.16,5.28,5.34,5.45,6.92,6.53,5.51,6.54,True,False,False
2020-11-02,1604275200,5.0,5.0,5.0,5.0,0,5.0,0.0,0.0,5.0,5.0,5.0,0.0,0.0,-1,5.08,5.24,5.32,5.38,6.89,6.53,5.45,6.53,True,False,False
2020-11-03,1604361600,5.0,5.0,5.0,5.0,0,5.0,0.0,0.0,5.0,5.0,5.0,0.0,0.0,-1,5.0,5.2,5.3,5.31,6.86,6.53,5.38,6.53,True,False,False
2020-11-04,1604448000,5.0,5.0,5.0,5.0,0,5.0,0.0,0.0,5.0,5.0,5.0,0.0,0.0,-1,5.0,5.16,5.28,5.31,6.82,6.52,5.31,6.53,True,False,False
2020-11-05,1604534400,5.0,5.0,5.0,5.0,0,5.0,0.0,0.0,5.0,5.0,5.0,0.0,0.0,-1,5.0,5.12,5.26,5.31,6.79,6.52,5.31,6.52,True,False,False
2020-11-06,1604620800,5.0,5.0,5.0,5.0,0,5.0,0.0,0.0,5.0,5.0,5.0,0.0,0.0,-1,5.0,5.08,5.24,5.3,6.75,6.52,5.31,6.52,True,False,False
2020-11-09,1604880000,5.0,5.0,5.0,5.0,0,5.0,0.0,0.0,5.0,5.0,5.0,0.0,0.0,-1,5.0,5.04,5.22,5.3,6.72,6.51,5.3,6.52,True,False,False
2020-11-10,1604966400,5.0,5.0,5.0,5.0,0,5.0,0.0,0.0,5.0,5.0,5.0,0.0,0.0,-1,5.0,5.0,5.2,5.3,6.68,6.51,5.3,6.51,True,False,False
2020-11-11,1605052800,5.0,5.0,5.0,5.0,0,5.0,0.0,0.0,5.0,5.0,5.0,0.0,0.0,-1,5.0,5.0,5.18,5.3,6.65,6.51,5.3,6.51,True,False,False
2020-11-12,1605139200,5.0,5.0,5.0,5.0,0,5.0,0.0,0.0,5.0,5.0,5.0,0.0,0.0,-1,5.0,5.0,5.16,5.3,6.62,6.5,5.3,6.51,True,False,False
2020-11-13,1605225600,5.0,5.0,5.0,5.0,0,5.0,0.0,0.0,5.0,5.0,5.0,0.0,0.0,-1,5.0,5.0,5.14,5.29,6.58,6.5,5.3,6.5,True,False,False
2020-11-16,1605484800,5.0,5.0,5.0,5.0,0,5.0,0.0,0.0,5.0,5.0,5.0,0.0,0.0,-1,5.0,5.0,5.12,5.29,6.55,6.5,5.29,6.5,True,False,False
2020-11-17,1605571200,5.0,5.0,5.0,5.0,0,5.0,0.0,0.0,5.0,5.0,5.0,0.0,0.0,-1,5.0,5.0,5.1,5.29,6.52,6.49,5.29,6.5,True,False,False
2020-11-18,1605657600,5.0,5.0,5.0,5.0,0,5.0,0.0,0.0,5.0,5.0,5.0,0.0,0.0,-1,5.0,5.0,5.08,5.29,6.48,6.49,5.29,6.49,True,False,False
2020-11-19,1605744000,5.0,5.0,5.0,5.0,0,5.0,0.0,0.0,5.0,5.0,5.0,0.0,0.0,-1,5.0,5.0,5.06,5.28,6.45,6.48,5.29,6.49,True,False,False
2020-11-20,1605830400,5.0,5.0,5.0,5.0,0,5.0,0.0,0.0,5.0,5.0,5.0,0.0,0.0,-1,5.0,5.0,5.04,5.27,6.41,6.48,5.28,6.48,True,False,False
2020-11-23,1606089600,5.0,5.0,5.0,5.0,0,5.0,0.0,0.0,5.0,5.0,5.0,0.0,0.0,-1,5.0,5.0,5.02,5.26,6.38,6.48,5.27,6.48,True,False,False
2020-11-24,1606176000,5.0,5.0,5.0,5.0,0,5.0,0.0,0.0,5.0,5.0,5.0,0.0,0.0,-1,5.0,5.0,5.0,5.25,6.34,6.47,5.26,6.48,True,False,False
2020-11-25,1606262400,5.0,5.0,5.0,5.0,0,5.0,0.0,0.0,5.0,5.0,5.0,0.0,0.0,-1,5.0,5.0,5.0,5.24,6.31,6.47,5.25,6.47,True,False,False
2020-11-26,1606348800,5.0,5.0,5.0,5.0,0,5.0,0.0,0.0,5.0,5.0,5.0,0.0,0.0,-1,5.0,5.0,5.0,5.23,6.28,6.47,5.24,6.47,True,False,False
2020-11-27,1606435200,5.0,5.0,5.0,5.0,0,5.0,0.0,0.0,5.0,5.0,5.0,0.0,0.0,-1,5.0,5.0,5.0,5.22,6.24,6.46,5.23,6.47,True,False,False
2020-11-30,1606694400,5.0,5.0,5.0,5.0,0,5.0,0.0,0.0,5.0,5.0,5.0,0.0,0.0,-1,5.0,5.0,5.0,5.21,6.21,6.46,5.22,6.46,True,False,False
2020-12-01,1606780800,5.0,5.0,5.0,5.0,0,5.0,0.0,0.0,5.0,5.0,5.0,0.0,0.0,-1,5.0,5.0,5.0,5.2,6.18,6.46,5.21,6.46,True,False,False
2020-12-02,1606867200,5.0,5.0,5.0,5.0,0,5.0,0.0,0.0,5.0,5.0,5.0,0.0,0.0,-1,5.0,5.0,5.0,5.19,6.14,6.45,5.2,6.46,True,False,False
2020-12-03,1606953600,5.0,5.0,5.0,5.0,0,5.0,0.0,0.0,5.0,5.0,5.0,0.0,0.0,-1,5.0,5.0,5.0,5.18,6.11,6.45,5.19,6.45,True,False,False
2020-12-04,1607040000,5.0,5.0,5.0,5.0,0,5.0,0.0,0.0,5.0,5.0,5.0,0.0,0.0,-1,5.0,5.0,5.0,5.18,6.07,6.45,5.18,6.45,True,False,False
2020-12-07,1607299200,5.0,5.0,5.0,5.0,0,5.0,0.0,0.0,5.0,5.0,5.5,0.5,0.1,1,5.0,5.0,5.0,5.17,6.04,6.44,5.18,6.45,True,False,False
2020-12-08,1607385600,5.5,5.5,5.5,5.5,100,5.0,0.5,0.1,5.0,5.0,5.5,0.0,0.0,-1,5.1,5.05,5.03,5.17,6.01,6.44,5.17,6.44,True,False,False
2020-12-09,1607472000,5.5,5.5,5.5,5.5,0,5.0,0.5,0.1,5.0,5.5,5.5,0.0,0.0,-1,5.2,5.1,5.05,5.17,5.98,6.44,5.17,6.44,True,False,False
2020-12-10,1607558400,5.5,5.5,5.5,5.5,0,5.0,0.5,0.1,5.5,5.5,5.5,0.0,0.0,-1,5.3,5.15,5.08,5.17,5.95,6.44,5.17,6.44,True,False,False
2020-12-11,1607644800,5.5,5.5,5.5,5.5,0,5.5,0.0,0.0,5.5,5.5,5.5,0.0,0.0,-1,5.4,5.2,5.1,5.18,5.92,6.44,5.17,6.44,True,False,False
2020-12-14,1607904000,5.5,5.5,5.5,5.5,1000,5.5,0.0,0.0,5.5,5.5,5.5,0.0,0.0,-1,5.5,5.25,5.12,5.18,5.89,6.44,5.18,6.44,True,False,False
2020-12-15,1607990400,5.5,5.5,5.5,5.5,0,5.5,0.0,0.0,5.5,5.5,5.5,0.0,0.0,-1,5.5,5.3,5.15,5.18,5.86,6.44,5.18,6.44,True,False,False
2020-12-16,1608076800,5.5,5.5,5.5,5.5,100,5.5,0.0,0.0,5.5,5.5,5.5,0.0,0.0,-1,5.5,5.35,5.18,5.18,5.84,6.43,5.18,6.44,True,False,False
2020-12-17,1608163200,5.5,5.5,5.5,5.5,0,5.5,0.0,0.0,5.5,5.5,5.5,0.0,0.0,-1,5.5,5.4,5.2,5.18,5.81,6.43,5.18,6.43,True,False,False
2020-12-18,1608249600,5.5,5.5,5.5,5.5,0,5.5,0.0,0.0,5.5,5.5,5.5,0.0,0.0,-1,5.5,5.45,5.22,5.19,5.78,6.43,5.18,6.43,True,False,False
2020-12-21,1608508800,5.5,5.5,5.5,5.5,0,5.5,0.0,0.0,5.5,5.5,5.5,0.0,0.0,-1,5.5,5.5,5.25,5.19,5.75,6.43,5.19,6.43,True,False,False
2020-12-22,1608595200,5.5,5.5,5.5,5.5,0,5.5,0.0,0.0,5.5,5.5,5.5,0.0,0.0,-1,5.5,5.5,5.28,5.19,5.72,6.42,5.19,6.43,True,False,False
2020-12-23,1608681600,5.5,5.5,5.5,5.5,0,5.5,0.0,0.0,5.5,5.5,5.5,0.0,0.0,-1,5.5,5.5,5.3,5.19,5.69,6.42,5.19,6.42,True,False,False
2020-12-24,1608768000,5.5,5.5,5.5,5.5,0,5.5,0.0,0.0,5.5,5.5,5.5,0.0,0.0,-1,5.5,5.5,5.32,5.19,5.66,6.42,5.19,6.42,True,False,False
2020-12-25,1608854400,5.5,5.5,5.5,5.5,0,5.5,0.0,0.0,5.5,5.5,5.5,0.0,0.0,-1,5.5,5.5,5.35,5.2,5.63,6.42,5.19,6.42,True,False,False
2020-12-28,1609113600,5.5,5.5,5.5,5.5,0,5.5,0.0,0.0,5.5,5.5,5.5,0.0,0.0,-1,5.5,5.5,5.38,5.2,5.6,6.41,5.2,6.42,True,False,False
2020-12-29,1609200000,5.5,5.5,5.5,5.5,0,5.5,0.0,0.0,5.5,5.5,5.5,0.0,0.0,-1,5.5,5.5,5.4,5.2,5.58,6.41,5.2,6.41,True,False,False
2020-12-30,1609286400,5.5,5.5,5.5,5.5,0,5.5,0.0,0.0,5.5,5.5,5.5,0.0,0.0,-1,5.5,5.5,5.42,5.2,5.55,6.41,5.2,6.41,True,False,False
2020-12-31,1609372800,5.5,5.5,5.5,5.5,0,5.5,0.0,0.0,5.5,5.5,5.5,0.0,0.0,-1,5.5,5.5,5.45,5.2,5.52,6.41,5.2,6.41,True,False,False
2021-01-04,1609718400,5.5,5.5,5.5,5.5,0,5.5,0.0,0.0,5.5,5.5,6.3,0.8,0.15,1,5.5,5.5,5.48,5.21,5.49,6.4,5.2,6.41,True,False,False
2021-01-05,1609804800,6.3,6.3,6.3,6.3,300,5.5,0.8,0.15,5.5,5.5,7.2,0.9,0.14,1,5.66,5.58,5.54,5.22,5.47,6.41,5.21,6.4,True,False,False
2021-01-06,1609891200,7.2,7.2,7.2,7.2,200,5.5,1.7,0.31,5.5,6.3,8.0,0.8,0.11,1,6.0,5.75,5.62,5.26,5.46,6.41,5.22,6.41,True,False,False
2021-01-07,1609977600,8.0,8.0,8.0,8.0,100,5.5,2.5,0.45,6.3,7.2,8.5,0.5,0.06,1,6.5,6.0,5.75,5.32,5.45,6.42,5.26,6.41,True,False,False
2021-01-08,1610064000,8.5,8.5,8.5,8.5,100,6.3,2.2,0.35,7.2,8.0,8.5,0.0,0.0,-1,7.1,6.3,5.9,5.39,5.45,6.43,5.32,6.42,True,False,False
2021-01-11,1610323200,8.5,8.5,8.5,8.5,0,7.2,1.3,0.18,8.0,8.5,8.5,0.0,0.0,-1,7.7,6.6,6.05,5.46,5.45,6.45,5.39,6.43,True,False,False
2021-01-12,1610409600,8.5,8.5,8.5,8.5,0,8.0,0.5,0.06,8.5,8.5,8.5,0.0,0.0,-1,8.14,6.9,6.2,5.53,5.45,6.46,5.46,6.45,True,False,False
2021-01-13,1610496000,8.5,8.5,8.5,8.5,0,8.5,0.0,0.0,8.5,8.5,8.5,0.0,0.0,-1,8.4,7.2,6.35,5.6,5.46,6.47,5.53,6.46,True,False,False
2021-01-14,1610582400,8.5,8.5,8.5,8.5,800,8.5,0.0,0.0,8.5,8.5,8.5,0.0,0.0,-1,8.5,7.5,6.5,5.67,5.49,6.48,5.6,6.47,True,False,False
2021-01-15,1610668800,8.5,8.5,8.5,8.5,0,8.5,0.0,0.0,8.5,8.5,8.5,0.0,0.0,-1,8.5,7.8,6.65,5.74,5.52,6.5,5.67,6.48,True,False,False
2021-01-18,1610928000,8.5,8.5,8.5,8.5,400,8.5,0.0,0.0,8.5,8.5,8.5,0.0,0.0,-1,8.5,8.1,6.8,5.81,5.56,6.51,5.74,6.5,True,False,False
2021-01-19,1611014400,8.5,8.5,8.5,8.5,0,8.5,0.0,0.0,8.5,8.5,8.5,0.0,0.0,-1,8.5,8.32,6.95,5.88,5.59,6.52,5.81,6.51,True,False,False
2021-01-20,1611100800,8.5,8.5,8.5,8.5,0,8.5,0.0,0.0,8.5,8.5,8.5,0.0,0.0,-1,8.5,8.45,7.1,5.95,5.62,6.53,5.88,6.52,True,False,False
2021-01-21,1611187200,8.5,8.5,8.5,8.5,0,8.5,0.0,0.0,8.5,8.5,8.5,0.0,0.0,-1,8.5,8.5,7.25,6.02,5.66,6.55,5.95,6.53,True,False,False
2021-01-22,1611273600,8.5,8.5,8.5,8.5,0,8.5,0.0,0.0,8.5,8.5,8.5,0.0,0.0,-1,8.5,8.5,7.4,6.09,5.69,6.56,6.02,6.55,True,False,False
2021-01-25,1611532800,8.5,8.5,8.5,8.5,0,8.5,0.0,0.0,8.5,8.5,8.5,0.0,0.0,-1,8.5,8.5,7.55,6.16,5.73,6.57,6.09,6.56,True,False,False
2021-01-26,1611619200,8.5,8.5,8.5,8.5,0,8.5,0.0,0.0,8.5,8.5,8.5,0.0,0.0,-1,8.5,8.5,7.7,6.23,5.76,6.58,6.16,6.57,True,False,False
2021-01-27,1611705600,8.5,8.5,8.5,8.5,0,8.5,0.0,0.0,8.5,8.5,8.5,0.0,0.0,-1,8.5,8.5,7.85,6.3,5.8,6.6,6.23,6.58,True,False,False
2021-01-28,1611792000,8.5,8.5,8.5,8.5,0,8.5,0.0,0.0,8.5,8.5,8.5,0.0,0.0,-1,8.5,8.5,8.0,6.37,5.83,6.61,6.3,6.6,True,False,False
2021-01-29,1611878400,8.5,8.5,8.5,8.5,0,8.5,0.0,0.0,8.5,8.5,8.5,0.0,0.0,-1,8.5,8.5,8.15,6.44,5.86,6.62,6.37,6.61,True,False,False
2021-02-01,1612137600,8.5,8.5,8.5,8.5,0,8.5,0.0,0.0,8.5,8.5,8.5,0.0,0.0,-1,8.5,8.5,8.3,6.51,5.89,6.63,6.44,6.62,True,False,False
2021-02-02,1612224000,8.5,8.5,8.5,8.5,0,8.5,0.0,0.0,8.5,8.5,8.5,0.0,0.0,-1,8.5,8.5,8.41,6.58,5.92,6.65,6.51,6.63,True,False,False
2021-02-03,1612310400,8.5,8.5,8.5,8.5,0,8.5,0.0,0.0,8.5,8.5,8.5,0.0,0.0,-1,8.5,8.5,8.48,6.65,5.95,6.66,6.58,6.65,True,False,False
2021-02-04,1612396800,8.5,8.5,8.5,8.5,0,8.5,0.0,0.0,8.5,8.5,8.5,0.0,0.0,-1,8.5,8.5,8.5,6.72,5.98,6.67,6.65,6.66,True,True,True
2021-02-05,1612483200,8.5,8.5,8.5,8.5,0,8.5,0.0,0.0,8.5,8.5,8.5,0.0,0.0,-1,8.5,8.5,8.5,6.79,6.01,6.68,6.72,6.67,False,True,False
2021-02-08,1612742400,8.5,8.5,8.5,8.5,100,8.5,0.0,0.0,8.5,8.5,8.5,0.0,0.0,-1,8.5,8.5,8.5,6.86,6.04,6.7,6.79,6.68,False,True,False
2021-02-09,1612828800,8.5,8.5,8.5,8.5,0,8.5,0.0,0.0,8.5,8.5,8.5,0.0,0.0,-1,8.5,8.5,8.5,6.93,6.07,6.71,6.86,6.7,False,True,False
2021-02-18,1613606400,8.5,8.5,8.5,8.5,0,8.5,0.0,0.0,8.5,8.5,8.5,0.0,0.0,-1,8.5,8.5,8.5,7.0,6.1,6.72,6.93,6.71,False,True,False
2021-02-19,1613692800,8.5,8.5,8.5,8.5,0,8.5,0.0,0.0,8.5,8.5,8.5,0.0,0.0,-1,8.5,8.5,8.5,7.07,6.13,6.73,7.0,6.72,False,True,False
2021-02-22,1613952000,8.5,8.5,8.5,8.5,0,8.5,0.0,0.0,8.5,8.5,9.7,1.2,0.14,1,8.5,8.5,8.5,7.14,6.16,6.75,7.07,6.73,False,True,False
2021-02-23,1614038400,9.7,9.7,9.7,9.7,100,8.5,1.2,0.14,8.5,8.5,8.3,-1.4,-0.14,-1,8.74,8.62,8.56,7.23,6.2,6.76,7.14,6.75,False,True,False
2021-02-24,1614124800,8.3,8.3,8.3,8.3,3200,8.5,-0.2,-0.02,8.5,9.7,8.3,0.0,0.0,-1,8.7,8.6,8.55,7.3,6.23,6.78,7.23,6.76,False,True,False
2021-02-25,1614211200,8.3,8.3,8.3,8.3,0,8.5,-0.2,-0.02,9.7,8.3,8.3,0.0,0.0,-1,8.66,8.58,8.54,7.36,6.26,6.79,7.3,6.78,False,True,False
2021-02-26,1614297600,8.3,8.3,8.3,8.3,0,9.7,-1.4,-0.14,8.3,8.3,8.3,0.0,0.0,-1,8.62,8.56,8.53,7.41,6.29,6.8,7.36,6.79,False,True,False
2021-03-01,1614556800,8.3,8.3,8.3,8.3,200,8.3,0.0,0.0,8.3,8.3,8.3,0.0,0.0,-1,8.58,8.54,8.52,7.47,6.32,6.81,7.41,6.8,False,True,False
2021-03-02,1614643200,8.3,8.3,8.3,8.3,100,8.3,0.0,0.0,8.3,8.3,8.3,0.0,0.0,-1,8.3,8.52,8.51,7.52,6.35,6.82,7.47,6.81,False,True,False
2021-03-03,1614729600,8.3,8.3,8.3,8.3,0,8.3,0.0,0.0,8.3,8.3,8.3,0.0,0.0,-1,8.3,8.5,8.5,7.58,6.38,6.83,7.52,6.82,False,True,False
2021-03-04,1614816000,8.3,8.3,8.3,8.3,0,8.3,0.0,0.0,8.3,8.3,7.2,-1.1,-0.13,-1,8.3,8.48,8.49,7.64,6.41,6.85,7.58,6.83,False,True,False
2021-03-05,1614902400,7.5,7.5,7.1,7.2,4000,8.3,-1.1,-0.13,8.3,8.3,7.375,0.17,0.02,1,8.08,8.35,8.43,7.67,6.43,6.85,7.64,6.85,False,True,False
2021-03-08,1615161600,7.5,7.5,7.1,7.375,800,8.3,-0.93,-0.11,8.3,7.2,7.365,-0.01,-0.0,-1,7.9,8.24,8.37,7.71,6.45,6.86,7.67,6.85,False,True,False
2021-03-09,1615248000,7.4,7.6,7.2,7.365,4300,8.3,-0.94,-0.11,7.2,7.375,6.48,-0.88,-0.12,-1,7.71,8.0,8.31,7.74,6.47,6.87,7.71,6.86,False,True,False
2021-03-10,1615334400,6.4,7.0,6.4,6.48,1500,7.2,-0.72,-0.1,7.375,7.365,7.1,0.62,0.1,1,7.34,7.82,8.21,7.76,6.48,6.87,7.74,6.87,False,True,False
2021-03-11,1615420800,7.1,7.1,7.1,7.1,101,7.375,-0.28,-0.04,7.365,6.48,6.795,-0.3,-0.04,-1,7.1,7.7,8.14,7.8,6.49,6.87,7.76,6.87,False,True,False
2021-03-12,1615507200,7.0,7.0,6.5,6.795,4400,7.365,-0.57,-0.08,6.48,7.1,6.97,0.17,0.03,1,7.02,7.55,8.06,7.82,6.51,6.88,7.8,6.87,False,True,False
2021-03-15,1615766400,6.8,7.4,6.7,6.97,4300,6.48,0.49,0.08,7.1,6.795,7.441,0.47,0.07,1,6.94,7.42,7.98,7.85,6.52,6.88,7.82,6.88,False,True,False
2021-03-16,1615852800,7.5,7.5,7.4,7.441,2700,7.1,0.34,0.05,6.795,6.97,7.2,-0.24,-0.03,-1,6.96,7.33,7.93,7.89,6.54,6.89,7.85,6.88,False,True,False
2021-03-17,1615939200,7.2,7.2,7.2,7.2,5000,6.795,0.41,0.06,6.97,7.441,7.005,-0.2,-0.03,-1,7.1,7.22,7.86,7.92,6.56,6.88,7.89,6.89,False,True,False
2021-03-18,1616025600,7.1,7.1,7.0,7.005,1900,6.97,0.04,0.01,7.441,7.2,7.085,0.08,0.01,1,7.08,7.09,7.79,7.95,6.58,6.88,7.92,6.88,False,True,False
2021-03-19,1616112000,7.0,7.5,6.9,7.085,8410,7.441,-0.36,-0.05,7.2,7.005,7.033,-0.05,-0.01,-1,7.14,7.08,7.72,7.99,6.59,6.87,7.95,6.88,False,True,False
2021-03-22,1616371200,7.0,7.1,7.0,7.033,1800,7.2,-0.17,-0.02,7.005,7.085,7.629,0.6,0.09,1,7.15,7.05,7.64,8.02,6.61,6.86,7.99,6.87,False,True,False
2021-03-23,1616457600,8.0,8.0,7.5,7.629,1700,7.005,0.62,0.09,7.085,7.033,7.6,-0.03,-0.0,-1,7.19,7.07,7.54,8.06,6.63,6.86,8.02,6.86,False,True,False
2021-03-24,1616544000,7.6,7.6,7.6,7.6,0,7.085,0.51,0.07,7.033,7.629,7.1,-0.5,-0.07,-1,7.27,7.19,7.5,8.09,6.65,6.85,8.06,6.86,False,True,False
2021-03-25,1616630400,7.1,7.1,7.1,7.1,200,7.033,0.07,0.01,7.629,7.6,7.1,0.0,0.0,-1,7.29,7.19,7.44,8.08,6.67,6.85,8.09,6.85,False,True,False
2021-03-26,1616716800,7.1,7.1,7.1,7.1,500,7.629,-0.53,-0.07,7.6,7.1,7.3,0.2,0.03,1,7.29,7.22,7.38,8.07,6.69,6.84,8.08,6.85,False,True,False
2021-03-29,1616976000,7.3,7.3,7.3,7.3,600,7.6,-0.3,-0.04,7.1,7.1,7.0,-0.3,-0.04,-1,7.35,7.25,7.33,8.04,6.72,6.84,8.07,6.84,False,True,False
2021-03-30,1617062400,7.0,7.0,7.0,7.0,500,7.1,-0.1,-0.01,7.1,7.3,7.807,0.81,0.12,1,7.22,7.21,7.27,8.01,6.74,6.83,8.04,6.84,False,True,False
2021-03-31,1617148800,8.0,8.0,7.7,7.807,2800,7.1,0.71,0.1,7.3,7.0,7.7,-0.11,-0.01,-1,7.26,7.27,7.24,8.0,6.76,6.83,8.01,6.83,False,True,False
2021-04-01,1617235200,7.7,7.7,7.7,7.7,700,7.3,0.4,0.05,7.0,7.807,7.7,0.0,0.0,-1,7.38,7.34,7.21,7.98,6.79,6.82,8.0,6.83,False,True,False
2021-04-02,1617321600,7.7,7.7,7.7,7.7,0,7.0,0.7,0.1,7.807,7.7,6.7,-1.0,-0.13,-1,7.5,7.4,7.24,7.97,6.82,6.82,7.98,6.82,False,True,False
2021-04-05,1617580800,6.7,6.7,6.7,6.7,500,7.807,-1.11,-0.14,7.7,7.7,7.416,0.72,0.11,1,7.38,7.36,7.21,7.93,6.83,6.81,7.97,6.82,False,True,False
2021-04-06,1617667200,7.7,7.7,7.2,7.416,3100,7.7,-0.28,-0.04,7.7,6.7,7.09,-0.33,-0.04,-1,7.46,7.34,7.21,7.91,6.86,6.81,7.93,6.81,False,True,False
2021-04-07,1617753600,7.3,7.3,7.0,7.09,7000,7.7,-0.61,-0.08,6.7,7.416,7.3,0.21,0.03,1,7.32,7.29,7.24,7.88,6.88,6.8,7.91,6.81,False,True,False
2021-04-08,1617840000,7.3,7.3,7.3,7.3,100,6.7,0.6,0.09,7.416,7.09,7.3,0.0,0.0,-1,7.24,7.31,7.25,7.86,6.9,6.79,7.88,6.8,False,True,False
2021-04-09,1617926400,7.3,7.3,7.3,7.3,0,7.416,-0.12,-0.02,7.09,7.3,7.2,-0.1,-0.01,-1,7.16,7.33,7.27,7.83,6.93,6.79,7.86,6.79,False,True,False
2021-04-12,1618185600,7.2,7.2,7.2,7.2,4200,7.09,0.11,0.02,7.3,7.3,7.57,0.37,0.05,1,7.26,7.32,7.29,7.81,6.95,6.78,7.83,6.79,False,True,False
2021-04-13,1618272000,7.2,8.2,7.2,7.57,6600,7.3,0.27,0.04,7.3,7.2,7.475,-0.1,-0.01,-1,7.29,7.38,7.29,7.79,6.97,6.78,7.81,6.78,False,True,False
2021-04-14,1618358400,7.1,7.6,7.1,7.475,400,7.3,0.17,0.02,7.2,7.57,7.331,-0.14,-0.02,-1,7.37,7.35,7.31,7.77,7.0,6.77,7.79,6.78,False,True,False
2021-04-15,1618444800,7.5,7.6,7.3,7.331,4900,7.2,0.13,0.02,7.57,7.475,7.24,-0.09,-0.01,-1,7.38,7.31,7.32,7.74,7.02,6.77,7.77,6.77,False,True,False
2021-04-16,1618531200,7.3,7.4,7.1,7.24,2500,7.57,-0.33,-0.04,7.475,7.331,8.008,0.77,0.11,1,7.36,7.26,7.33,7.72,7.04,6.76,7.74,6.77,False,True,False
2021-04-19,1618790400,7.5,8.1,7.5,8.008,1300,7.475,0.53,0.07,7.331,7.24,7.889,-0.12,-0.01,-1,7.52,7.39,7.38,7.71,7.07,6.76,7.72,6.76,False,True,False
2021-04-20,1618876800,7.7,8.1,7.3,7.889,3500,7.331,0.56,0.08,7.24,8.008,7.27,-0.62,-0.08,-1,7.59,7.44,7.39,7.7,7.1,6.76,7.71,6.76,False,True,False
2021-04-22,1619049600,7.6,7.7,7.1,7.27,1000,7.24,0.03,0.0,8.008,7.889,7.1,-0.17,-0.02,-1,7.55,7.46,7.37,7.67,7.13,6.75,7.7,6.76,False,True,False
2021-04-23,1619136000,6.8,7.4,6.8,7.1,200,8.008,-0.91,-0.11,7.889,7.27,7.1,0.0,0.0,-1,7.5,7.44,7.37,7.64,7.15,6.75,7.67,6.75,False,True,False
2021-04-26,1619395200,7.1,7.1,7.1,7.1,0,7.889,-0.79,-0.1,7.27,7.1,6.318,-0.78,-0.11,-1,7.47,7.42,7.37,7.62,7.17,6.74,7.64,6.75,False,True,False
2021-04-27,1619481600,6.3,6.5,6.3,6.318,1100,7.27,-0.95,-0.13,7.1,7.1,6.9,0.58,0.09,1,7.14,7.33,7.33,7.57,7.18,6.73,7.62,6.74,False,True,False
2021-04-28,1619568000,6.9,6.9,6.9,6.9,300,7.1,-0.2,-0.03,7.1,6.318,6.586,-0.31,-0.04,-1,6.94,7.26,7.32,7.54,7.2,6.72,7.57,6.73,False,True,False
2021-04-29,1619654400,6.9,6.9,6.5,6.586,1400,7.1,-0.51,-0.07,6.318,6.9,6.8,0.21,0.03,1,6.8,7.17,7.26,7.5,7.22,6.71,7.54,6.72,False,True,False
2021-05-04,1620086400,6.8,6.8,6.8,6.8,2100,6.318,0.48,0.08,6.9,6.586,6.81,0.01,0.0,1,6.74,7.12,7.21,7.47,7.23,6.7,7.5,6.71,False,True,False
2021-05-05,1620172800,6.8,6.9,6.8,6.81,3100,6.9,-0.09,-0.01,6.586,6.8,7.3,0.49,0.07,1,6.68,7.08,7.17,7.43,7.25,6.7,7.47,6.7,False,True,False
2021-05-06,1620259200,7.3,7.3,7.3,7.3,1000,6.586,0.71,0.11,6.8,6.81,7.3,0.0,0.0,-1,6.88,7.01,7.2,7.41,7.27,6.69,7.43,6.7,False,True,False
2021-05-07,1620345600,7.3,7.3,7.3,7.3,0,6.8,0.5,0.07,6.81,7.3,6.409,-0.89,-0.12,-1,6.96,6.95,7.19,7.36,7.3,6.69,7.41,6.69,False,True,False
2021-05-10,1620604800,6.5,6.5,6.4,6.409,3500,6.81,-0.4,-0.06,7.3,7.3,6.4,-0.01,-0.0,-1,6.92,6.86,7.16,7.32,7.31,6.68,7.36,6.69,False,True,False
2021-05-11,1620691200,6.4,6.4,6.4,6.4,0,7.3,-0.9,-0.12,7.3,6.409,7.1,0.7,0.11,1,6.84,6.79,7.12,7.29,7.32,6.67,7.32,6.68,False,True,False
2021-05-12,1620777600,7.1,7.1,7.1,7.1,400,7.3,-0.2,-0.03,6.409,6.4,6.909,-0.19,-0.03,-1,6.9,6.79,7.11,7.26,7.34,6.66,7.29,6.67,False,True,False
2021-05-13,1620864000,7.0,7.0,6.8,6.909,3500,6.409,0.5,0.08,6.4,7.1,7.1,0.19,0.03,1,6.82,6.85,7.09,7.23,7.35,6.65,7.26,6.66,False,True,False
2021-05-14,1620950400,7.1,7.1,7.1,7.1,100,6.4,0.7,0.11,7.1,6.909,6.65,-0.45,-0.06,-1,6.78,6.87,7.07,7.21,7.37,6.65,7.23,6.65,False,True,False
2021-05-17,1621209600,7.0,7.0,6.6,6.65,800,7.1,-0.45,-0.06,6.909,7.1,7.23,0.58,0.09,1,6.83,6.88,7.03,7.18,7.38,6.64,7.21,6.65,False,True,False
2021-05-18,1621296000,6.9,7.6,6.9,7.23,7900,6.909,0.32,0.05,7.1,6.65,7.226,-0.0,-0.0,-1,7.0,6.92,7.02,7.16,7.4,6.63,7.18,6.64,False,True,False
2021-05-19,1621382400,7.2,7.3,7.2,7.226,1900,7.1,0.13,0.02,6.65,7.23,7.3,0.07,0.01,1,7.02,6.96,7.02,7.16,7.41,6.62,7.16,6.63,False,True,False
2021-05-20,1621468800,7.3,7.3,7.3,7.3,100,6.65,0.65,0.1,7.23,7.226,7.2,-0.1,-0.01,-1,7.1,6.96,6.98,7.15,7.43,6.62,7.16,6.62,False,True,False
2021-05-21,1621555200,7.2,7.2,7.2,7.2,100,7.23,-0.03,-0.0,7.226,7.3,6.421,-0.78,-0.11,-1,7.12,6.95,6.95,7.15,7.45,6.61,7.15,6.62,False,True,False
2021-05-24,1621814400,6.9,6.9,6.3,6.421,4700,7.226,-0.8,-0.11,7.3,7.2,7.0,0.58,0.09,1,7.08,6.95,6.91,7.15,7.46,6.6,7.15,6.61,False,True,False
2021-05-25,1621900800,6.9,7.1,6.9,7.0,300,7.3,-0.3,-0.04,7.2,6.421,7.0,0.0,0.0,-1,7.03,7.01,6.9,7.15,7.47,6.6,7.15,6.6,False,True,False
2021-05-26,1621987200,7.0,7.0,7.0,7.0,0,7.2,-0.2,-0.03,6.421,7.0,6.636,-0.36,-0.05,-1,6.98,7.0,6.9,7.15,7.49,6.59,7.15,6.6,False,True,False
2021-05-27,1622073600,6.9,6.9,6.4,6.636,1100,6.421,0.21,0.03,7.0,7.0,6.496,-0.14,-0.02,-1,6.85,6.98,6.91,7.15,7.5,6.58,7.15,6.59,False,True,False
2021-05-28,1622160000,6.4,6.6,6.3,6.496,2400,7.0,-0.5,-0.07,7.0,6.636,6.667,0.17,0.03,1,6.71,6.92,6.89,7.13,7.51,6.57,7.15,6.58,False,True,False
2021-05-31,1622419200,6.6,6.7,6.6,6.667,600,7.0,-0.33,-0.05,6.636,6.496,6.7,0.03,0.0,1,6.76,6.92,6.9,7.12,7.52,6.56,7.13,6.57,False,True,False
2021-06-01,1622505600,6.7,6.7,6.7,6.7,400,6.636,0.06,0.01,6.496,6.667,7.09,0.39,0.06,1,6.7,6.86,6.89,7.11,7.53,6.55,7.12,6.56,False,True,False
2021-06-02,1622592000,6.7,7.2,6.7,7.09,2000,6.496,0.59,0.09,6.667,6.7,7.05,-0.04,-0.01,-1,6.72,6.85,6.91,7.11,7.55,6.55,7.11,6.55,False,True,False
2021-06-03,1622678400,6.8,7.2,6.8,7.05,800,6.667,0.38,0.06,6.7,7.09,7.293,0.24,0.03,1,6.8,6.83,6.89,7.11,7.56,6.54,7.11,6.55,False,True,False
2021-06-04,1622764800,7.0,7.5,7.0,7.293,2700,6.7,0.59,0.09,7.09,7.05,8.05,0.76,0.1,1,6.96,6.84,6.89,7.1,7.58,6.53,7.11,6.54,False,True,False
2021-06-07,1623024000,8.1,8.1,8.0,8.05,200,7.09,0.96,0.14,7.05,7.293,7.329,-0.72,-0.09,-1,7.24,7.0,6.98,7.11,7.6,6.53,7.1,6.53,False,True,False
2021-06-08,1623110400,7.3,7.4,7.3,7.329,700,7.05,0.28,0.04,7.293,8.05,7.3,-0.03,-0.0,-1,7.36,7.03,7.02,7.12,7.6,6.53,7.11,6.53,False,True,False
2021-06-09,1623196800,7.3,7.3,7.3,7.3,0,7.293,0.01,0.0,8.05,7.329,7.3,0.0,0.0,-1,7.4,7.06,7.03,7.12,7.59,6.52,7.12,6.53,False,True,False
2021-06-10,1623283200,7.3,7.3,7.3,7.3,1000,8.05,-0.75,-0.09,7.329,7.3,7.3,0.0,0.0,-1,7.45,7.13,7.05,7.12,7.58,6.52,7.12,6.52,False,True,False
2021-06-11,1623369600,7.3,7.3,7.3,7.3,500,7.329,-0.03,-0.0,7.3,7.3,7.242,-0.06,-0.01,-1,7.46,7.21,7.06,7.13,7.57,6.51,7.12,6.52,False,True,False
2021-06-14,1623628800,7.3,7.3,7.2,7.242,1900,7.3,-0.06,-0.01,7.3,7.3,7.1,-0.14,-0.02,-1,7.29,7.27,7.09,7.12,7.56,6.51,7.13,6.51,False,True,False
2021-06-15,1623715200,7.1,7.1,7.1,7.1,200,7.3,-0.2,-0.03,7.3,7.242,7.1,0.0,0.0,-1,7.25,7.31,7.08,7.1,7.54,6.5,7.12,6.51,False,True,False
2021-06-16,1623801600,7.1,7.1,7.1,7.1,1900,7.3,-0.2,-0.03,7.242,7.1,7.1,0.0,0.0,-1,7.21,7.31,7.08,7.09,7.53,6.51,7.1,6.5,False,True,False
2021-06-17,1623888000,7.1,7.1,7.1,7.1,1600,7.242,-0.14,-0.02,7.1,7.1,6.74,-0.36,-0.05,-1,7.17,7.31,7.07,7.1,7.51,6.52,7.09,6.51,False,True,False
2021-06-18,1623974400,7.1,7.1,6.5,6.74,1000,7.1,-0.36,-0.05,7.1,7.1,6.621,-0.12,-0.02,-1,7.06,7.26,7.05,7.09,7.5,6.53,7.1,6.52,False,True,False
2021-06-21,1624233600,6.7,7.0,6.5,6.621,2400,7.1,-0.48,-0.07,7.1,6.74,7.0,0.38,0.06,1,6.93,7.11,7.06,7.08,7.48,6.53,7.09,6.53,False,True,False
2021-06-22,1624320000,7.0,7.0,7.0,7.0,600,7.1,-0.1,-0.01,6.74,6.621,7.0,0.0,0.0,-1,6.91,7.08,7.06,7.07,7.46,6.54,7.08,6.53,False,True,False
2021-06-23,1624406400,7.0,7.0,7.0,7.0,1400,6.74,0.26,0.04,6.621,7.0,7.15,0.15,0.02,1,6.89,7.05,7.06,7.07,7.45,6.55,7.07,6.54,False,True,False
2021-06-24,1624492800,7.1,7.2,7.1,7.15,200,6.621,0.53,0.08,7.0,7.0,7.175,0.02,0.0,1,6.9,7.04,7.08,7.06,7.43,6.56,7.07,6.55,False,True,False
2021-06-25,1624579200,7.1,7.2,7.1,7.175,400,7.0,0.17,0.02,7.0,7.15,6.967,-0.21,-0.03,-1,6.99,7.02,7.12,7.06,7.42,6.57,7.06,6.56,False,True,False
2021-06-28,1624838400,7.0,7.0,6.8,6.967,1200,7.0,-0.03,-0.0,7.15,7.175,7.017,0.05,0.01,1,7.06,7.0,7.13,7.05,7.41,6.58,7.06,6.57,False,True,False
2021-06-29,1624924800,7.0,7.1,7.0,7.017,600,7.15,-0.13,-0.02,7.175,6.967,6.917,-0.1,-0.01,-1,7.06,6.99,7.15,7.04,7.39,6.59,7.05,6.58,False,True,False
2021-06-30,1625011200,6.9,7.0,6.9,6.917,600,7.175,-0.26,-0.04,6.967,7.017,6.9,-0.02,-0.0,-1,7.05,6.97,7.14,7.03,7.38,6.6,7.04,6.59,False,True,False
2021-07-01,1625097600,6.9,6.9,6.9,6.9,0,6.967,-0.07,-0.01,7.017,6.917,6.9,0.0,0.0,-1,7.0,6.95,7.13,7.01,7.36,6.61,7.03,6.6,False,True,False
2021-07-02,1625184000,6.9,6.9,6.9,6.9,0,7.017,-0.12,-0.02,6.917,6.9,6.9,0.0,0.0,-1,6.94,6.96,7.11,6.99,7.34,6.62,7.01,6.61,False,True,False
2021-07-05,1625443200,6.9,6.9,6.9,6.9,0,6.917,-0.02,-0.0,6.9,6.9,6.9,0.0,0.0,-1,6.93,6.99,7.05,6.98,7.33,6.62,6.99,6.62,False,True,False
2021-07-06,1625529600,6.9,6.9,6.9,6.9,0,6.9,0.0,0.0,6.9,6.9,6.9,0.0,0.0,-1,6.9,6.98,7.03,6.98,7.31,6.63,6.98,6.62,False,True,False
2021-07-07,1625616000,6.9,6.9,6.9,6.9,0,6.9,0.0,0.0,6.9,6.9,7.0,0.1,0.01,1,6.9,6.97,7.01,6.98,7.3,6.64,6.98,6.63,False,True,False
2021-07-08,1625702400,7.0,7.0,7.0,7.0,900,6.9,0.1,0.01,6.9,6.9,7.188,0.19,0.03,1,6.92,6.96,7.0,6.99,7.28,6.64,6.98,6.64,False,True,False
2021-07-09,1625788800,7.0,7.2,7.0,7.188,2400,6.9,0.29,0.04,6.9,7.0,7.0,-0.19,-0.03,-1,6.98,6.96,6.99,7.0,7.27,6.65,6.99,6.64,False,True,False
2021-07-12,1626048000,7.0,7.0,7.0,7.0,500,6.9,0.1,0.01,7.0,7.188,7.0,0.0,0.0,-1,7.0,6.96,6.98,7.0,7.25,6.66,7.0,6.65,False,True,False
2021-07-13,1626134400,7.0,7.0,7.0,7.0,0,7.0,0.0,0.0,7.188,7.0,7.0,0.0,0.0,-1,7.02,6.96,6.97,7.01,7.24,6.67,7.0,6.66,False,True,False
2021-07-14,1626220800,7.0,7.0,7.0,7.0,200,7.188,-0.19,-0.03,7.0,7.0,7.0,0.0,0.0,-1,7.04,6.97,6.97,7.01,7.22,6.68,7.01,6.67,False,True,False
2021-07-15,1626307200,7.0,7.0,7.0,7.0,0,7.0,0.0,0.0,7.0,7.0,6.1,-0.9,-0.13,-1,7.04,6.98,6.96,7.01,7.21,6.68,7.01,6.68,False,True,False
2021-07-16,1626393600,6.1,6.1,6.1,6.1,2400,7.0,-0.9,-0.13,7.0,7.0,6.1,0.0,0.0,-1,6.82,6.9,6.93,6.98,7.17,6.69,7.01,6.68,False,True,False
2021-07-19,1626652800,6.1,6.1,6.1,6.1,0,7.0,-0.9,-0.13,7.0,6.1,6.1,0.0,0.0,-1,6.64,6.82,6.91,6.98,7.15,6.69,6.98,6.69,False,True,False
2021-07-20,1626739200,6.1,6.1,6.1,6.1,0,7.0,-0.9,-0.13,6.1,6.1,6.9,0.8,0.13,1,6.46,6.74,6.86,6.97,7.13,6.7,6.98,6.69,False,True,False
2021-07-21,1626825600,6.9,6.9,6.9,6.9,100,6.1,0.8,0.13,6.1,6.1,6.8,-0.1,-0.01,-1,6.44,6.74,6.86,6.97,7.11,6.7,6.97,6.7,False,True,False
2021-07-22,1626912000,6.8,6.8,6.8,6.8,100,6.1,0.7,0.11,6.1,6.9,6.8,0.0,0.0,-1,6.4,6.72,6.84,6.96,7.1,6.71,6.97,6.7,False,True,False
2021-07-23,1626998400,6.8,6.8,6.8,6.8,0,6.1,0.7,0.11,6.9,6.8,6.8,0.0,0.0,-1,6.54,6.68,6.82,6.96,7.08,6.72,6.96,6.71,False,True,False
2021-07-26,1627257600,6.8,6.8,6.8,6.8,1500,6.9,-0.1,-0.01,6.8,6.8,6.8,0.0,0.0,-1,6.68,6.66,6.81,6.96,7.07,6.72,6.96,6.72,False,True,False
2021-07-27,1627344000,6.8,6.8,6.8,6.8,0,6.8,0.0,0.0,6.8,6.8,6.8,0.0,0.0,-1,6.82,6.64,6.8,6.95,7.05,6.73,6.96,6.72,False,True,False
2021-07-28,1627430400,6.8,6.8,6.8,6.8,0,6.8,0.0,0.0,6.8,6.8,6.8,0.0,0.0,-1,6.8,6.62,6.79,6.94,7.05,6.74,6.95,6.73,False,True,False
2021-07-29,1627516800,6.8,6.8,6.8,6.8,0,6.8,0.0,0.0,6.8,6.8,6.8,0.0,0.0,-1,6.8,6.6,6.79,6.93,7.04,6.74,6.94,6.74,False,True,False
2021-07-30,1627603200,6.8,6.8,6.8,6.8,0,6.8,0.0,0.0,6.8,6.8,6.8,0.0,0.0,-1,6.8,6.67,6.78,6.92,7.04,6.75,6.93,6.74,False,True,False
2021-08-02,1627862400,6.8,6.8,6.8,6.8,0,6.8,0.0,0.0,6.8,6.8,6.8,0.0,0.0,-1,6.8,6.74,6.78,6.93,7.04,6.76,6.92,6.75,False,True,False
2021-08-03,1627948800,6.8,6.8,6.8,6.8,0,6.8,0.0,0.0,6.8,6.8,6.8,0.0,0.0,-1,6.8,6.81,6.77,6.93,7.04,6.77,6.93,6.76,False,True,False
2021-08-04,1628035200,6.8,6.8,6.8,6.8,0,6.8,0.0,0.0,6.8,6.8,6.2,-0.6,-0.09,-1,6.8,6.8,6.77,6.92,7.04,6.77,6.93,6.77,False,True,False
2021-08-05,1628121600,6.2,6.2,6.2,6.2,700,6.8,-0.6,-0.09,6.8,6.8,6.2,0.0,0.0,-1,6.68,6.74,6.73,6.92,7.03,6.78,6.92,6.77,False,True,False
2021-08-06,1628208000,6.2,6.2,6.2,6.2,0,6.8,-0.6,-0.09,6.8,6.2,6.2,0.0,0.0,-1,6.56,6.68,6.68,6.91,7.02,6.78,6.92,6.78,False,True,False
2021-08-09,1628467200,6.2,6.2,6.2,6.2,0,6.8,-0.6,-0.09,6.2,6.2,7.1,0.9,0.15,1,6.44,6.62,6.64,6.9,7.01,6.78,6.91,6.78,False,True,False
2021-08-10,1628553600,7.1,7.1,7.1,7.1,2000,6.2,0.9,0.15,6.2,6.2,7.05,-0.05,-0.01,-1,6.5,6.65,6.64,6.91,7.01,6.79,6.9,6.78,False,True,False
2021-08-11,1628640000,7.1,7.1,7.0,7.05,200,6.2,0.85,0.14,6.2,7.1,7.558,0.51,0.07,1,6.55,6.68,6.65,6.91,7.01,6.8,6.91,6.79,False,True,False
2021-08-12,1628726400,7.1,7.6,7.1,7.558,1200,6.2,1.36,0.22,7.1,7.05,7.622,0.06,0.01,1,6.82,6.75,6.68,6.92,7.01,6.81,6.91,6.8,False,True,False
2021-08-13,1628812800,7.6,7.7,7.6,7.622,4500,7.1,0.52,0.07,7.05,7.558,7.6,-0.02,-0.0,-1,7.11,6.83,6.75,6.92,7.01,6.82,6.92,6.81,False,True,False
2021-08-16,1629072000,7.6,7.6,7.6,7.6,0,7.05,0.55,0.08,7.558,7.622,7.457,-0.14,-0.02,-1,7.39,6.91,6.83,6.92,7.01,6.83,6.92,6.82,False,True,False
2021-08-17,1629158400,7.3,7.5,7.3,7.457,1400,7.558,-0.1,-0.01,7.622,7.6,7.5,0.04,0.01,1,7.46,6.98,6.89,6.92,7.02,6.84,6.92,6.83,False,True,False
2021-08-18,1629244800,7.5,7.5,7.5,7.5,2100,7.622,-0.12,-0.02,7.6,7.457,7.456,-0.04,-0.01,-1,7.55,7.05,6.92,6.92,7.02,6.86,6.92,6.84,False,True,False
2021-08-19,1629331200,7.5,7.5,7.4,7.456,900,7.6,-0.14,-0.02,7.457,7.5,7.35,-0.11,-0.01,-1,7.53,7.17,6.96,6.93,7.02,6.87,6.92,6.86,False,True,False
2021-08-20,1629417600,7.3,7.6,7.3,7.35,600,7.457,-0.11,-0.01,7.5,7.456,7.4,0.05,0.01,1,7.47,7.29,6.98,6.93,7.03,6.88,6.93,6.87,False,True,False
2021-08-23,1629676800,7.4,7.4,7.4,7.4,300,7.5,-0.1,-0.01,7.456,7.35,7.4,0.0,0.0,-1,7.43,7.41,7.01,6.93,7.02,6.89,6.93,6.88,False,True,False
2021-08-24,1629763200,7.4,7.4,7.4,7.4,2400,7.456,-0.06,-0.01,7.35,7.4,7.4,0.0,0.0,-1,7.42,7.44,7.04,6.94,7.02,6.91,6.93,6.89,False,True,False
2021-08-25,1629849600,7.4,7.4,7.4,7.4,0,7.35,0.05,0.01,7.4,7.4,7.422,0.02,0.0,1,7.4,7.47,7.07,6.94,7.02,6.92,6.94,6.91,False,True,False
2021-08-26,1629936000,7.5,7.5,7.4,7.422,2700,7.4,0.02,0.0,7.4,7.4,7.5,0.08,0.01,1,7.39,7.46,7.11,6.95,7.02,6.93,6.94,6.92,False,True,False
2021-08-27,1630022400,7.5,7.5,7.5,7.5,1000,7.4,0.1,0.01,7.4,7.422,7.5,0.0,0.0,-1,7.42,7.45,7.14,6.96,7.02,6.94,6.95,6.93,False,True,False
2021-08-30,1630281600,7.5,7.5,7.5,7.5,0,7.4,0.1,0.01,7.422,7.5,7.5,0.0,0.0,-1,7.44,7.44,7.18,6.98,7.03,6.95,6.96,6.94,False,True,False
2021-08-31,1630368000,7.5,7.5,7.5,7.5,400,7.422,0.08,0.01,7.5,7.5,8.593,1.09,0.15,1,7.46,7.44,7.21,6.99,7.03,6.97,6.98,6.95,False,True,False
2021-09-01,1630454400,8.4,8.6,8.4,8.593,5600,7.5,1.09,0.15,7.5,7.5,9.692,1.1,0.13,1,7.7,7.55,7.3,7.02,7.04,6.98,6.99,6.97,False,True,False
2021-09-06,1630886400,8.6,9.8,8.6,9.692,17900,7.5,2.19,0.29,7.5,8.593,9.0,-0.69,-0.07,-1,8.16,7.78,7.48,7.07,7.07,7.01,7.02,6.98,False,True,False
2021-09-07,1630972800,9.0,9.0,9.0,9.0,1000,7.5,1.5,0.2,8.593,9.692,9.0,0.0,0.0,-1,8.46,7.94,7.62,7.11,7.08,7.03,7.07,7.01,False,True,False
2021-09-08,1631059200,9.0,9.0,9.0,9.0,1300,8.593,0.41,0.05,9.692,9.0,9.0,0.0,0.0,-1,8.76,8.1,7.76,7.15,7.1,7.05,7.11,7.03,False,True,False
2021-09-09,1631145600,9.0,9.0,9.0,9.0,500,9.692,-0.69,-0.07,9.0,9.0,8.975,-0.03,-0.0,-1,9.06,8.26,7.85,7.19,7.11,7.07,7.15,7.05,False,True,False
2021-09-10,1631232000,9.0,9.0,8.9,8.975,2000,9.0,-0.03,-0.0,9.0,9.0,9.017,0.04,0.0,1,9.13,8.42,7.95,7.23,7.13,7.09,7.19,7.07,False,True,False
2021-09-13,1631491200,9.0,9.1,9.0,9.017,5800,9.0,0.02,0.0,9.0,8.975,9.0,-0.02,-0.0,-1,9.0,8.58,8.02,7.27,7.14,7.11,7.23,7.09,False,True,False
2021-09-14,1631577600,9.0,9.0,9.0,9.0,300,9.0,0.0,0.0,8.975,9.017,9.198,0.2,0.02,1,9.0,8.73,8.09,7.32,7.15,7.13,7.27,7.11,False,True,False
2021-09-15,1631664000,9.0,9.7,9.0,9.198,6300,8.975,0.22,0.02,9.017,9.0,9.02,-0.18,-0.02,-1,9.04,8.9,8.17,7.36,7.17,7.15,7.32,7.13,False,True,False
2021-09-16,1631750400,9.0,9.1,9.0,9.02,4900,9.017,0.0,0.0,9.0,9.198,9.01,-0.01,-0.0,-1,9.04,9.05,8.25,7.4,7.19,7.17,7.36,7.15,False,True,False
2021-09-17,1631836800,9.1,9.1,9.0,9.01,4800,9.0,0.01,0.0,9.198,9.02,9.0,-0.01,-0.0,-1,9.05,9.09,8.32,7.45,7.21,7.19,7.4,7.17,False,True,False
2021-09-20,1632096000,9.0,9.0,9.0,9.0,4800,9.198,-0.2,-0.02,9.02,9.01,8.8,-0.2,-0.02,-1,9.05,9.02,8.4,7.49,7.24,7.21,7.45,7.19,False,True,False
2021-09-21,1632182400,8.8,8.8,8.8,8.8,1000,9.02,-0.22,-0.02,9.01,9.0,9.2,0.4,0.05,1,9.01,9.0,8.47,7.52,7.26,7.23,7.49,7.21,False,True,False
2021-09-22,1632268800,9.2,9.2,9.2,9.2,1000,9.01,0.19,0.02,9.0,8.8,9.338,0.14,0.02,1,9.01,9.02,8.56,7.56,7.28,7.25,7.52,7.23,False,True,False
2021-09-23,1632355200,9.3,9.7,8.0,9.338,20800,9.0,0.34,0.04,8.8,9.2,9.8,0.46,0.05,1,9.07,9.06,8.66,7.61,7.31,7.27,7.56,7.25,False,True,False
2021-09-24,1632441600,9.8,9.8,9.8,9.8,2900,8.8,1.0,0.11,9.2,9.338,10.0,0.2,0.02,1,9.23,9.14,8.78,7.67,7.34,7.3,7.61,7.27,False,True,False
2021-09-27,1632700800,10.0,10.0,10.0,10.0,2200,9.2,0.8,0.09,9.338,9.8,8.761,-1.24,-0.12,-1,9.43,9.24,8.91,7.73,7.37,7.32,7.67,7.3,False,True,False
2021-09-28,1632787200,9.9,9.9,8.7,8.761,2300,9.338,-0.58,-0.06,9.8,10.0,10.008,1.25,0.14,1,9.42,9.21,8.97,7.78,7.38,7.34,7.73,7.32,False,True,False
2021-09-29,1632873600,10.0,10.1,10.0,10.008,7100,9.8,0.21,0.02,10.0,8.761,10.1,0.09,0.01,1,9.58,9.29,9.1,7.86,7.42,7.36,7.78,7.34,False,True,False
2021-09-30,1632960000,10.1,10.1,10.1,10.1,1000,10.0,0.1,0.01,8.761,10.008,10.2,0.1,0.01,1,9.73,9.4,9.23,7.94,7.45,7.39,7.86,7.36,False,True,False
2021-10-01,1633046400,10.2,10.2,10.2,10.2,2500,8.761,1.44,0.16,10.008,10.1,10.2,0.0,0.0,-1,9.81,9.52,9.31,8.0,7.48,7.41,7.94,7.39,False,True,False
2021-10-04,1633305600,10.2,10.2,10.2,10.2,1500,10.008,0.19,0.02,10.1,10.2,10.208,0.01,0.0,1,9.85,9.64,9.33,8.07,7.52,7.43,8.0,7.41,False,True,False
2021-10-05,1633392000,10.2,10.3,10.2,10.208,2500,10.1,0.11,0.01,10.2,10.2,10.323,0.12,0.01,1,10.14,9.78,9.39,8.14,7.55,7.46,8.07,7.43,False,True,False
2021-10-06,1633478400,10.3,10.4,10.3,10.323,4400,10.2,0.12,0.01,10.2,10.208,10.956,0.63,0.06,1,10.21,9.89,9.46,8.21,7.58,7.48,8.14,7.46,False,True,False
2021-10-07,1633564800,10.5,11.8,10.4,10.956,24400,10.2,0.76,0.07,10.208,10.323,12.597,1.64,0.15,1,10.38,10.06,9.56,8.29,7.62,7.51,8.21,7.48,False,True,False
2021-10-08,1633651200,12.6,12.6,12.5,12.597,7658,10.208,2.39,0.23,10.323,10.956,14.39,1.79,0.14,1,10.86,10.34,9.74,8.41,7.68,7.54,8.29,7.51,False,True,False
2021-10-11,1633910400,14.4,14.4,13.6,14.39,17500,10.323,4.07,0.39,10.956,12.597,15.224,0.83,0.06,1,11.69,10.77,10.01,8.56,7.75,7.59,8.41,7.54,False,True,False
2021-10-12,1633996800,15.0,16.0,14.4,15.224,21500,10.956,4.27,0.39,12.597,14.39,15.227,0.0,0.0,-1,12.7,11.42,10.32,8.73,7.83,7.64,8.56,7.59,False,True,False
2021-10-13,1634083200,13.5,16.0,13.2,15.227,46500,12.597,2.63,0.21,14.39,15.224,15.77,0.54,0.04,1,13.68,11.94,10.62,8.9,7.91,7.69,8.73,7.64,False,True,False
2021-10-14,1634169600,14.7,16.0,13.5,15.77,13700,14.39,1.38,0.1,15.224,15.227,14.087,-1.68,-0.11,-1,14.64,12.51,10.96,9.08,8.0,7.74,8.9,7.69,False,True,False
2021-10-15,1634256000,13.7,15.5,13.7,14.087,4759,15.224,-1.14,-0.07,15.227,15.77,14.175,0.09,0.01,1,14.94,12.9,11.21,9.22,8.07,7.78,9.08,7.74,False,True,False
2021-10-18,1634515200,14.7,14.7,14.0,14.175,7100,15.227,-1.05,-0.07,15.77,14.087,13.0,-1.18,-0.08,-1,14.9,13.3,11.47,9.38,8.15,7.82,9.22,7.78,False,True,False
2021-10-19,1634601600,13.0,13.0,13.0,13.0,550,15.77,-2.77,-0.18,14.087,14.175,13.882,0.88,0.07,1,14.45,13.57,11.68,9.52,8.21,7.86,9.38,7.82,False,True,False
2021-10-20,1634688000,13.0,14.3,13.0,13.882,9700,14.087,-0.21,-0.01,14.175,13.0,13.126,-0.76,-0.05,-1,14.18,13.93,11.91,9.67,8.29,7.9,9.52,7.86,False,True,False
2021-10-21,1634774400,13.0,13.3,13.0,13.126,7800,14.175,-1.05,-0.07,13.0,13.882,13.658,0.53,0.04,1,13.65,14.15,12.1,9.79,8.35,7.94,9.67,7.9,False,True,False
2021-10-22,1634860800,12.0,14.4,12.0,13.658,14500,13.0,0.66,0.05,13.882,13.126,15.232,1.57,0.11,1,13.57,14.25,12.29,9.92,8.42,7.98,9.79,7.94,False,True,False
2021-10-25,1635120000,14.1,15.7,14.1,15.232,28250,13.882,1.35,0.1,13.126,13.658,14.975,-0.26,-0.02,-1,13.78,14.34,12.56,10.08,8.5,8.03,9.92,7.98,False,True,False
2021-10-26,1635206400,15.2,15.5,14.7,14.975,13000,13.126,1.85,0.14,13.658,15.232,14.85,-0.12,-0.01,-1,14.17,14.31,12.87,10.22,8.57,8.08,10.08,8.03,False,True,False
2021-10-27,1635292800,15.5,15.5,14.5,14.85,34439,13.658,1.19,0.09,15.232,14.975,15.135,0.29,0.02,1,14.37,14.28,13.11,10.37,8.64,8.12,10.22,8.08,False,True,False
2021-10-28,1635379200,15.0,15.5,15.0,15.135,20700,15.232,-0.1,-0.01,14.975,14.85,14.893,-0.24,-0.02,-1,14.77,14.21,13.36,10.52,8.72,8.16,10.37,8.12,False,True,False
2021-10-29,1635465600,15.0,15.1,14.7,14.893,32500,14.975,-0.08,-0.01,14.85,15.135,15.667,0.77,0.05,1,15.02,14.29,13.6,10.67,8.8,8.19,10.52,8.16,False,True,False
2021-11-01,1635724800,14.7,17.0,14.7,15.667,67200,14.85,0.82,0.06,15.135,14.893,17.666,2.0,0.13,1,15.1,14.44,13.87,10.84,8.88,8.23,10.67,8.19,False,True,False
2021-11-02,1635811200,16.1,18.0,16.0,17.666,61006,15.135,2.53,0.17,14.893,15.667,20.207,2.54,0.14,1,15.64,14.91,14.24,11.04,8.98,8.28,10.84,8.23,False,True,False
2021-11-03,1635897600,18.5,20.3,18.0,20.207,194750,14.893,5.31,0.36,15.667,17.666,20.347,0.14,0.01,1,16.71,15.54,14.74,11.3,9.11,8.34,11.04,8.28,False,True,False
2021-11-04,1635984000,20.2,21.8,18.5,20.347,36300,15.667,4.68,0.3,17.666,20.207,20.766,0.42,0.02,1,17.76,16.26,15.21,11.56,9.25,8.39,11.3,8.34,False,True,False
2021-11-05,1636070400,20.3,23.0,20.0,20.766,23800,17.666,3.1,0.18,20.207,20.347,20.729,-0.04,-0.0,-1,18.93,16.97,15.61,11.82,9.38,8.46,11.56,8.39,False,True,False
2021-11-08,1636329600,20.5,21.8,20.5,20.729,55500,20.207,0.52,0.03,20.347,20.766,19.868,-0.86,-0.04,-1,19.94,17.52,15.93,12.09,9.52,8.52,11.82,8.46,False,True,False
2021-11-09,1636416000,20.2,20.4,19.5,19.868,38306,20.347,-0.48,-0.02,20.766,20.729,21.778,1.91,0.1,1,20.38,18.01,16.16,12.34,9.65,8.57,12.09,8.52,False,True,False
2021-11-10,1636502400,19.7,22.8,19.4,21.778,191098,20.766,1.01,0.05,20.729,19.868,24.984,3.21,0.15,1,20.7,18.71,16.49,12.62,9.8,8.64,12.34,8.57,False,True,False
2021-11-11,1636588800,22.8,25.0,22.8,24.984,202619,20.729,4.26,0.21,19.868,21.778,28.69,3.71,0.15,1,21.62,19.69,16.95,12.97,9.98,8.72,12.62,8.64,False,True,False
2021-11-12,1636675200,28.7,28.7,26.0,28.69,185001,19.868,8.82,0.44,21.778,24.984,33.0,4.31,0.15,1,23.21,21.07,17.68,13.37,10.2,8.82,12.97,8.72,False,True,False
2021-11-15,1636934400,33.0,33.0,33.0,33.0,63908,21.778,11.22,0.52,24.984,28.69,37.9,4.9,0.15,1,25.66,22.8,18.62,13.84,10.46,8.95,13.37,8.82,False,True,False
2021-11-16,1637020800,37.9,37.9,37.9,37.9,39800,24.984,12.92,0.52,28.69,33.0,43.5,5.6,0.15,1,29.27,24.83,19.87,14.42,10.76,9.09,13.84,8.95,False,True,False
2021-11-17,1637107200,43.5,43.5,43.5,43.5,45001,28.69,14.81,0.52,33.0,37.9,49.955,6.45,0.15,1,33.61,27.16,21.35,15.11,11.13,9.27,14.42,9.09,False,True,False
2021-11-18,1637193600,50.0,50.0,48.0,49.955,251697,33.0,16.95,0.51,37.9,43.5,57.5,7.55,0.15,1,38.61,30.12,23.19,15.93,11.56,9.48,15.11,9.27,False,True,False
2021-11-19,1637280000,57.5,57.5,57.5,57.5,37301,37.9,19.6,0.52,43.5,49.955,66.1,8.6,0.15,1,44.37,33.79,25.38,16.9,12.06,9.72,15.93,9.48,False,True,False
2021-11-22,1637539200,66.1,66.1,66.1,66.1,55024,43.5,22.6,0.52,49.955,57.5,73.091,6.99,0.11,1,50.99,38.33,27.93,18.04,12.66,10.01,16.9,9.72,False,True,False
2021-11-23,1637625600,76.0,76.0,56.2,73.091,298792,49.955,23.14,0.46,57.5,66.1,84.0,10.91,0.15,1,58.03,43.65,30.83,19.32,13.32,10.33,18.04,10.01,False,True,False
2021-11-24,1637712000,84.0,84.0,84.0,84.0,38135,57.5,26.5,0.46,66.1,73.091,96.6,12.6,0.15,1,66.13,49.87,34.29,20.82,14.09,10.71,19.32,10.33,False,True,False
2021-11-25,1637798400,96.6,96.6,96.6,96.6,52529,66.1,30.5,0.46,73.091,84.0,110.951,14.35,0.15,1,75.46,57.03,38.36,22.57,14.99,11.15,20.82,10.71,False,True,False
2021-11-26,1637884800,111.0,111.0,109.0,110.951,219909,73.091,37.86,0.52,84.0,96.6,127.594,16.64,0.15,1,86.15,65.26,43.16,24.61,16.03,11.66,22.57,11.15,False,True,False
2021-11-29,1638144000,127.6,127.6,127.5,127.594,27400,84.0,43.59,0.52,96.6,110.951,146.7,19.11,0.15,1,98.45,74.72,48.76,26.98,17.23,12.26,24.61,11.66,False,True,False
2021-11-30,1638230400,146.7,146.7,146.7,146.7,22200,96.6,50.1,0.52,110.951,127.594,154.147,7.45,0.05,1,113.17,85.6,55.21,29.74,18.63,12.95,26.98,12.26,False,True,False
2021-12-01,1638316800,168.7,168.7,124.7,154.147,281594,110.951,43.2,0.39,127.594,146.7,131.0,-23.15,-0.15,-1,127.2,96.66,61.91,32.64,20.1,13.68,29.74,12.95,False,True,False
2021-12-02,1638403200,131.0,131.1,131.0,131.0,25313,127.594,3.41,0.03,146.7,154.147,111.4,-19.6,-0.15,-1,134.08,104.77,67.44,35.07,21.34,14.29,32.64,13.68,False,True,False
2021-12-03,1638489600,111.4,111.4,111.4,111.4,8991,146.7,-35.3,-0.24,154.147,131.0,94.7,-16.7,-0.15,-1,134.17,110.16,71.97,37.1,22.38,14.8,35.07,14.29,False,True,False
2021-12-06,1638748800,94.7,94.7,94.7,94.7,5600,154.147,-59.45,-0.39,131.0,111.4,80.5,-14.2,-0.15,-1,127.59,113.02,75.67,38.8,23.26,15.23,37.1,14.8,False,True,False
2021-12-07,1638835200,80.5,80.5,80.5,80.5,364,131.0,-50.5,-0.39,111.4,94.7,68.5,-12.0,-0.15,-1,114.35,113.76,78.7,40.23,24.0,15.59,38.8,15.23,False,True,False
2021-12-08,1638921600,68.5,68.5,68.5,68.5,6100,111.4,-42.9,-0.39,94.7,80.5,58.3,-10.2,-0.15,-1,97.22,112.21,81.04,41.4,24.63,15.89,40.23,15.59,False,True,False
2021-12-09,1639008000,58.3,58.3,58.3,58.3,4065,94.7,-36.4,-0.38,80.5,68.5,56.91,-1.39,-0.02,-1,82.68,108.38,82.71,42.36,25.15,16.14,41.4,15.89,False,True,False
2021-12-10,1639094400,49.6,67.0,49.6,56.91,294872,80.5,-23.59,-0.29,68.5,58.3,63.942,7.03,0.12,1,71.78,102.98,84.12,43.3,25.65,16.38,42.36,16.14,False,True,False
2021-12-13,1639353600,50.1,65.4,50.1,63.942,36251,68.5,-4.56,-0.07,58.3,56.91,72.104,8.16,0.13,1,65.63,96.61,85.66,44.37,26.22,16.66,43.3,16.38,False,True,False
2021-12-14,1639440000,70.0,73.4,68.0,72.104,10334,58.3,13.8,0.24,56.91,63.942,78.24,6.14,0.09,1,63.95,89.15,87.37,45.61,26.88,16.98,44.37,16.66,False,True,False
2021-12-15,1639526400,82.6,82.9,66.0,78.24,141879,56.91,21.33,0.37,63.942,72.104,89.414,11.17,0.14,1,65.9,81.56,89.11,46.97,27.59,17.33,45.61,16.98,False,True,False
2021-12-16,1639612800,82.9,89.9,78.2,89.414,20887,63.942,25.47,0.4,72.104,78.24,96.525,7.11,0.08,1,72.12,77.4,91.08,48.54,28.42,17.73,46.97,17.33,False,True,False
2021-12-17,1639699200,102.8,102.8,80.0,96.525,79234,72.104,24.42,0.34,78.24,89.414,83.709,-12.82,-0.13,-1,80.04,75.91,93.04,50.22,29.31,18.18,48.54,17.73,False,True,False
2021-12-20,1639958400,83.0,93.0,82.1,83.709,55679,78.24,5.47,0.07,89.414,96.525,71.75,-11.96,-0.14,-1,84.0,74.81,93.92,51.6,30.08,18.56,50.22,18.18,False,True,False
2021-12-21,1640044800,71.2,77.0,71.2,71.75,57171,89.414,-17.66,-0.2,96.525,83.709,75.161,3.41,0.05,1,83.93,73.94,93.85,52.73,30.73,18.88,51.6,18.56,False,True,False
2021-12-22,1640131200,70.0,82.5,62.0,75.161,29369,96.525,-21.36,-0.22,83.709,71.75,80.958,5.8,0.08,1,83.31,74.61,93.41,53.93,31.42,19.23,52.73,18.88,False,True,False
2021-12-23,1640217600,86.0,86.0,77.0,80.958,15451,83.709,-2.75,-0.03,71.75,75.161,75.436,-5.52,-0.07,-1,81.62,76.87,92.63,55.24,32.16,19.6,53.93,19.23,False,True,False
2021-12-24,1640304000,82.0,82.0,71.5,75.436,10153,71.75,3.69,0.05,75.161,80.958,71.281,-4.16,-0.06,-1,77.4,78.72,90.85,56.46,32.84,19.94,55.24,19.6,False,True,False
2021-12-27,1640563200,73.1,74.0,65.0,71.281,13819,75.161,-3.88,-0.05,80.958,75.436,69.143,-2.14,-0.03,-1,74.92,79.46,88.03,57.61,33.49,20.26,56.46,19.94,False,True,False
2021-12-28,1640649600,71.3,73.0,68.0,69.143,28624,80.958,-11.81,-0.15,75.436,71.281,65.747,-3.4,-0.05,-1,74.4,79.16,84.16,58.73,34.12,20.57,57.61,20.26,False,True,False
2021-12-29,1640736000,65.0,69.9,63.0,65.747,25545,75.436,-9.69,-0.13,71.281,69.143,59.175,-6.57,-0.1,-1,72.51,77.91,79.74,59.77,34.72,20.86,58.73,20.57,False,True,False
2021-12-30,1640822400,60.0,68.7,55.9,59.175,47563,71.281,-12.11,-0.17,69.143,65.747,66.674,7.5,0.13,1,68.16,74.89,76.14,60.69,35.24,21.12,59.77,20.86,False,True,False
2021-12-31,1640908800,61.0,67.8,61.0,66.674,12923,69.143,-2.47,-0.04,65.747,59.175,65.264,-1.41,-0.02,-1,66.4,71.9,73.91,61.75,35.84,21.42,60.69,21.12,False,True,False
2022-01-04,1641254400,66.6,67.0,64.0,65.264,20115,65.747,-0.48,-0.01,59.175,66.674,62.0,-3.26,-0.05,-1,65.2,70.06,72.44,62.75,36.41,21.71,61.75,21.42,False,True,False
2022-01-05,1641340800,64.0,64.0,60.0,62.0,48913,59.175,2.83,0.05,66.674,65.264,59.098,-2.9,-0.05,-1,63.77,69.08,71.51,63.69,36.96,21.99,62.75,21.71,False,True,False
2022-01-06,1641427200,61.8,62.2,55.0,59.098,45826,66.674,-7.58,-0.11,65.264,62.0,66.65,7.55,0.13,1,62.44,67.48,71.04,64.57,37.47,22.24,63.69,21.99,False,True,False
2022-01-07,1641513600,59.1,67.9,59.0,66.65,25946,65.264,1.39,0.02,62.0,59.098,75.34,8.69,0.13,1,63.94,66.05,71.46,65.6,38.06,22.54,64.57,22.24,False,True,False
2022-01-10,1641772800,76.4,76.7,70.5,75.34,63717,62.0,13.34,0.22,59.098,66.65,68.888,-6.45,-0.09,-1,65.67,66.04,72.38,66.81,38.74,22.88,65.6,22.54,False,True,False
2022-01-11,1641859200,70.0,73.5,66.0,68.888,37802,59.098,9.79,0.17,66.65,75.34,61.445,-7.44,-0.11,-1,66.4,65.8,72.63,67.88,39.36,23.19,66.81,22.88,False,True,False
2022-01-12,1641945600,64.1,66.0,59.2,61.445,44712,66.65,-5.21,-0.08,75.34,68.888,61.188,-0.26,-0.0,-1,66.28,65.03,72.09,68.75,39.9,23.46,67.88,23.19,False,True,False
2022-01-13,1642032000,61.4,70.0,60.0,61.188,25900,75.34,-14.15,-0.19,68.888,61.445,57.2,-3.99,-0.07,-1,66.7,64.57,71.24,69.57,40.44,23.73,68.75,23.46,False,True,False
2022-01-14,1642118400,55.8,61.2,55.5,57.2,25930,68.888,-11.69,-0.17,61.445,61.188,56.969,-0.23,-0.0,-1,64.81,64.37,69.63,70.31,40.93,23.98,69.57,23.73,False,True,False
2022-01-17,1642377600,59.0,61.0,55.0,56.969,30100,61.445,-4.48,-0.07,61.188,57.2,50.037,-6.93,-0.12,-1,61.14,63.4,67.65,71.03,41.43,24.22,70.31,23.98,False,True,False
2022-01-18,1642464000,52.0,53.0,48.5,50.037,24122,61.188,-11.15,-0.18,57.2,56.969,43.351,-6.69,-0.13,-1,57.37,61.88,65.97,71.62,41.86,24.44,71.03,24.22,False,True,False
2022-01-19,1642550400,42.6,46.5,42.6,43.351,21801,57.2,-13.85,-0.24,56.969,50.037,46.452,3.1,0.07,1,53.75,60.02,64.55,72.09,42.21,24.62,71.62,24.44,False,True,False
2022-01-20,1642636800,46.5,49.9,43.4,46.452,10600,56.969,-10.52,-0.18,50.037,43.351,53.22,6.77,0.15,1,50.8,58.75,63.11,72.58,42.6,24.82,72.09,24.62,False,True,False
2022-01-21,1642723200,49.9,53.4,49.9,53.22,4100,50.037,3.18,0.06,43.351,46.452,55.812,2.59,0.05,1,50.01,57.41,61.73,73.15,43.06,25.05,72.58,24.82,False,True,False
2022-01-24,1642982400,59.2,61.0,50.2,55.812,15200,43.351,12.46,0.29,46.452,53.22,53.629,-2.18,-0.04,-1,49.77,55.46,60.75,73.69,43.53,25.29,73.15,25.05,False,True,False
2022-01-25,1643068800,53.0,57.5,50.0,53.629,12200,46.452,7.18,0.15,53.22,55.812,53.696,0.07,0.0,1,50.49,53.93,59.86,74.1,43.97,25.52,73.69,25.29,False,True,False
2022-01-26,1643155200,58.9,58.9,52.0,53.696,7400,53.22,0.48,0.01,55.812,53.629,48.169,-5.53,-0.1,-1,52.56,53.16,59.09,74.42,44.42,25.75,74.1,25.52,False,True,False
2022-01-27,1643241600,50.0,50.0,46.8,48.169,3200,55.812,-7.64,-0.14,53.629,53.696,48.612,0.44,0.01,1,52.91,51.85,58.21,74.51,44.81,25.95,74.42,25.75,False,True,False
2022-01-28,1643328000,51.0,51.0,48.0,48.612,10300,53.629,-5.02,-0.09,53.696,48.169,50.556,1.94,0.04,1,51.98,50.99,57.68,74.49,45.21,26.16,74.51,25.95,False,True,False
2022-02-07,1644192000,48.6,52.0,48.6,50.556,15601,53.696,-3.14,-0.06,48.169,48.612,52.204,1.65,0.03,1,50.93,50.35,56.88,74.35,45.62,26.38,74.49,26.16,False,True,False
2022-02-08,1644278400,52.0,53.7,51.7,52.204,13800,48.169,4.04,0.08,48.612,50.556,51.796,-0.41,-0.01,-1,50.65,50.57,56.23,74.07,46.05,26.6,74.35,26.38,False,True,False
2022-02-09,1644364800,55.2,55.2,51.0,51.796,23100,48.612,3.18,0.07,50.556,52.204,52.082,0.29,0.01,1,50.27,51.41,55.72,73.64,46.48,26.82,74.07,26.6,False,True,False
2022-02-10,1644451200,51.9,53.0,51.9,52.082,6000,50.556,1.53,0.03,52.204,51.796,52.35,0.27,0.01,1,51.05,51.98,55.36,73.0,46.91,27.04,73.64,26.82,False,True,False
2022-02-11,1644537600,52.4,52.4,52.3,52.35,1200,52.204,0.15,0.0,51.796,52.082,50.32,-2.03,-0.04,-1,51.8,51.89,54.65,72.12,47.34,27.27,73.0,27.04,False,True,False
2022-02-14,1644796800,48.2,51.7,48.2,50.32,6616,51.796,-1.48,-0.03,52.082,52.35,50.0,-0.32,-0.01,-1,51.75,51.34,53.4,70.91,47.76,27.48,72.12,27.27,False,True,False
2022-02-15,1644883200,52.5,52.5,48.7,50.0,6600,52.082,-2.08,-0.04,52.35,50.32,50.445,0.45,0.01,1,51.31,50.98,52.45,69.35,48.17,27.7,70.91,27.48,False,True,False
2022-02-16,1644969600,50.0,51.8,50.0,50.445,12200,52.35,-1.91,-0.04,50.32,50.0,50.191,-0.25,-0.0,-1,51.04,50.65,51.9,67.43,48.58,27.92,69.35,27.7,False,True,False
2022-02-17,1645056000,50.5,50.5,49.1,50.191,12816,50.32,-0.13,-0.0,50.0,50.445,49.22,-0.97,-0.02,-1,50.66,50.86,51.35,65.35,48.99,28.14,67.43,27.92,False,True,False
2022-02-18,1645142400,49.6,49.9,49.0,49.22,13700,50.0,-0.78,-0.02,50.445,50.191,51.384,2.16,0.04,1,50.04,50.92,50.96,63.72,49.39,28.35,65.35,28.14,False,True,False
2022-02-21,1645401600,49.2,52.7,49.0,51.384,90900,50.445,0.94,0.02,50.191,49.22,54.558,3.17,0.06,1,50.25,51.0,50.68,62.51,49.81,28.57,63.72,28.35,False,True,False
2022-02-22,1645488000,51.9,59.0,50.0,54.558,54800,50.191,4.37,0.09,49.22,51.384,57.246,2.69,0.05,1,51.16,51.23,50.9,61.71,50.25,28.81,62.51,28.57,False,True,False
2022-02-23,1645574400,54.6,59.0,54.6,57.246,22500,49.22,8.03,0.16,51.384,54.558,51.845,-5.4,-0.09,-1,52.52,51.78,51.6,61.25,50.74,29.06,61.71,28.81,False,True,False
2022-02-24,1645660800,55.8,56.8,50.9,51.845,34000,51.384,0.46,0.01,54.558,57.246,52.197,0.35,0.01,1,52.85,51.76,51.87,60.91,51.16,29.29,61.25,29.06,False,True,False
2022-02-25,1645747200,53.0,53.4,51.1,52.197,29310,54.558,-2.36,-0.04,57.246,51.845,56.633,4.44,0.09,1,53.45,51.74,51.82,60.79,51.58,29.52,60.91,29.29,False,True,False
2022-02-28,1646006400,52.2,60.0,51.5,56.633,200500,57.246,-0.61,-0.01,51.845,52.197,63.348,6.71,0.12,1,54.5,52.37,51.86,60.79,52.04,29.76,60.79,29.52,False,True,False
2022-03-01,1646092800,61.0,64.9,60.0,63.348,53050,51.845,11.5,0.22,52.197,56.633,62.673,-0.67,-0.01,-1,56.25,53.71,52.34,60.77,52.57,30.05,60.79,29.76,False,True,False
2022-03-02,1646179200,64.5,65.0,60.2,62.673,21851,52.197,10.48,0.2,56.633,63.348,58.836,-3.84,-0.06,-1,57.34,54.93,52.79,60.59,53.1,30.32,60.77,30.05,False,True,False
2022-03-03,1646265600,62.6,62.6,57.1,58.836,21600,56.633,2.2,0.04,63.348,62.673,56.96,-1.88,-0.03,-1,58.74,55.79,53.32,60.2,53.58,30.58,60.59,30.32,False,True,False
2022-03-04,1646352000,58.8,58.8,55.1,56.96,30800,63.348,-6.39,-0.1,62.673,58.836,58.863,1.9,0.03,1,59.69,56.57,53.74,59.55,54.04,30.83,60.2,30.58,False,True,False
2022-03-07,1646611200,57.3,60.0,57.0,58.863,24000,62.673,-3.81,-0.06,58.836,56.96,57.535,-1.33,-0.02,-1,60.14,57.32,54.16,58.8,54.51,31.09,59.55,30.83,False,True,False
2022-03-08,1646697600,58.7,58.9,56.0,57.535,41401,58.836,-1.3,-0.02,56.96,58.863,54.762,-2.77,-0.05,-1,58.97,57.61,54.42,58.27,54.94,31.34,58.8,31.09,False,True,False
2022-03-09,1646784000,57.4,57.4,54.0,54.762,30606,56.96,-2.2,-0.04,58.863,57.535,54.038,-0.72,-0.01,-1,57.39,57.37,54.57,57.93,55.33,31.58,58.27,31.34,False,True,False
2022-03-10,1646870400,55.0,56.0,50.0,54.038,35104,58.863,-4.83,-0.08,57.535,54.762,55.036,1.0,0.02,1,56.43,57.58,54.67,57.51,55.72,31.82,57.93,31.58,False,True,False
2022-03-11,1646956800,58.0,58.0,53.0,55.036,17800,57.535,-2.5,-0.04,54.762,54.038,51.893,-3.14,-0.06,-1,56.05,57.87,54.8,56.99,56.11,32.06,57.51,31.82,False,True,False
2022-03-14,1647216000,54.1,54.1,51.2,51.893,7029,54.762,-2.87,-0.05,54.038,55.036,51.715,-0.18,-0.0,-1,54.65,57.39,54.88,56.52,56.49,32.28,56.99,32.06,False,True,False
2022-03-15,1647302400,52.0,52.9,51.0,51.715,25000,54.038,-2.32,-0.04,55.036,51.893,51.412,-0.3,-0.01,-1,53.49,56.23,54.97,56.13,56.87,32.51,56.52,32.28,False,True,False
2022-03-16,1647388800,51.8,51.9,51.0,51.412,23700,55.036,-3.62,-0.07,51.893,51.715,52.273,0.86,0.02,1,52.82,55.1,55.02,55.77,57.25,32.73,56.13,32.51,False,True,False
2022-03-17,1647475200,51.0,53.0,51.0,52.273,12700,51.893,0.38,0.01,51.715,51.412,51.696,-0.58,-0.01,-1,52.47,54.45,55.12,55.5,57.64,32.96,55.77,32.73,False,True,False
2022-03-18,1647561600,51.2,53.0,51.2,51.696,43500,51.715,-0.02,-0.0,51.412,52.273,51.863,0.17,0.0,1,51.8,53.92,55.25,55.36,58.02,33.19,55.5,32.96,False,True,False
2022-03-21,1647820800,51.0,52.5,51.0,51.863,24000,51.412,0.45,0.01,52.273,51.696,52.542,0.68,0.01,1,51.79,53.22,55.27,55.06,58.4,33.41,55.36,33.19,False,True,False
2022-03-22,1647907200,52.5,53.5,51.8,52.542,25600,52.273,0.27,0.01,51.696,51.863,51.924,-0.62,-0.01,-1,51.96,52.72,55.17,54.8,58.78,33.64,55.06,33.41,False,True,False
2022-03-23,1647993600,52.5,52.5,51.2,51.924,32140,51.696,0.23,0.0,51.863,52.542,51.326,-0.6,-0.01,-1,52.06,52.44,54.9,54.6,59.15,33.86,54.8,33.64,False,True,False
2022-03-24,1648080000,51.1,51.9,50.8,51.326,48199,51.863,-0.54,-0.01,52.542,51.924,51.244,-0.08,-0.0,-1,51.87,52.17,54.88,54.45,59.51,34.08,54.6,33.86,False,True,False
2022-03-25,1648166400,51.3,51.5,51.0,51.244,19500,52.542,-1.3,-0.02,51.924,51.326,50.486,-0.76,-0.01,-1,51.78,51.79,54.83,54.14,59.87,34.3,54.45,34.08,False,True,False
2022-03-28,1648425600,51.2,51.2,50.0,50.486,35700,51.924,-1.44,-0.03,51.326,51.244,50.782,0.3,0.01,1,51.5,51.65,54.52,53.64,60.23,34.51,54.14,34.3,False,True,False
2022-03-29,1648512000,50.6,51.0,50.5,50.782,18244,51.326,-0.54,-0.01,51.244,50.486,50.295,-0.49,-0.01,-1,51.15,51.55,53.89,53.28,60.58,34.73,53.64,34.51,False,True,False
2022-03-30,1648598400,50.5,51.0,50.0,50.295,26400,51.244,-0.95,-0.02,50.486,50.782,49.743,-0.55,-0.01,-1,50.83,51.44,53.27,53.06,60.91,34.94,53.28,34.73,False,True,False
2022-03-31,1648684800,50.3,50.3,49.0,49.743,9400,50.486,-0.74,-0.01,50.782,50.295,48.622,-1.12,-0.02,-1,50.51,51.19,52.82,52.83,61.2,35.16,53.06,34.94,False,True,False
2022-04-01,1648771200,50.0,50.0,48.0,48.622,15355,50.782,-2.16,-0.04,50.295,49.743,49.72,1.1,0.02,1,49.99,50.88,52.4,52.66,61.48,35.36,52.83,35.16,False,True,False
2022-04-04,1649030400,49.0,50.0,48.7,49.72,6502,50.295,-0.58,-0.01,49.743,48.622,49.068,-0.65,-0.01,-1,49.83,50.67,51.95,52.51,61.77,35.58,52.66,35.36,False,True,False
2022-04-05,1649116800,49.7,49.7,48.8,49.068,13301,49.743,-0.68,-0.01,48.622,49.72,46.048,-3.02,-0.06,-1,49.49,50.32,51.52,52.49,62.06,35.79,52.51,35.58,False,True,False
2022-04-06,1649203200,49.0,49.0,43.0,46.048,39349,48.622,-2.57,-0.05,49.72,49.068,46.083,0.03,0.0,1,48.64,49.73,51.09,52.55,62.32,35.98,52.49,35.79,False,True,False
2022-04-07,1649289600,48.5,48.5,45.0,46.083,8000,49.72,-3.64,-0.07,49.068,46.048,44.051,-2.03,-0.04,-1,47.91,49.21,50.69,52.54,62.56,36.18,52.55,35.98,False,True,False
2022-04-08,1649376000,46.1,46.1,43.0,44.051,19700,49.068,-5.02,-0.1,46.048,46.083,40.374,-3.68,-0.08,-1,46.99,48.49,50.14,52.36,62.75,36.37,52.54,36.18,False,True,False
2022-04-12,1649721600,44.0,44.0,38.2,40.374,18306,46.048,-5.67,-0.12,46.083,44.051,37.604,-2.77,-0.07,-1,45.12,47.48,49.56,52.05,62.87,36.53,52.36,36.37,False,True,False
2022-04-13,1649808000,39.0,39.0,36.6,37.604,20150,46.083,-8.48,-0.18,44.051,40.374,37.063,-0.54,-0.01,-1,42.83,46.16,48.86,51.73,62.91,36.69,52.05,36.53,False,True,False
2022-04-14,1649894400,39.0,39.0,35.1,37.063,14320,44.051,-6.99,-0.16,40.374,37.604,37.958,0.89,0.02,1,41.04,44.84,48.14,51.39,62.91,36.84,51.73,36.69,False,True,False
2022-04-15,1649980800,38.9,38.9,37.5,37.958,2400,40.374,-2.42,-0.06,37.604,37.063,32.916,-5.04,-0.13,-1,39.41,43.66,47.42,51.19,62.85,36.99,51.39,36.84,False,True,False
2022-04-18,1650240000,34.3,34.8,32.3,32.916,19713,37.604,-4.69,-0.12,37.063,37.958,32.038,-0.88,-0.03,-1,37.18,42.09,46.49,50.88,62.68,37.12,51.19,36.99,False,True,False
2022-04-19,1650326400,32.9,32.9,30.2,32.038,16044,37.063,-5.03,-0.14,37.958,32.916,28.828,-3.21,-0.1,-1,35.52,40.32,45.49,50.51,62.43,37.25,50.88,37.12,False,True,False
2022-04-20,1650412800,32.0,32.0,28.0,28.828,8704,37.958,-9.13,-0.24,32.916,32.038,24.841,-3.99,-0.14,-1,33.76,38.3,44.31,50.04,62.05,37.35,50.51,37.25,False,True,False
2022-04-21,1650499200,24.5,27.2,24.5,24.841,30380,32.916,-8.07,-0.25,32.038,28.828,26.954,2.11,0.08,1,31.32,36.18,42.95,49.5,61.57,37.44,50.04,37.35,False,True,False
2022-04-22,1650585600,25.0,27.9,25.0,26.954,16200,32.038,-5.08,-0.16,28.828,24.841,26.521,-0.43,-0.02,-1,29.12,34.26,41.74,49.0,61.0,37.54,49.5,37.44,False,True,False
2022-04-25,1650844800,27.7,27.7,25.6,26.521,5200,28.828,-2.31,-0.08,24.841,26.954,26.265,-0.26,-0.01,-1,27.84,32.51,40.5,48.48,60.3,37.64,49.0,37.54,False,True,False
2022-04-26,1650931200,26.0,28.8,25.6,26.265,3400,24.841,1.42,0.06,26.954,26.521,28.546,2.28,0.09,1,26.68,31.1,39.29,48.0,59.45,37.74,48.48,37.64,False,True,False
2022-04-27,1651017600,28.8,28.8,28.0,28.546,10610,26.954,1.59,0.06,26.521,26.265,28.641,0.09,0.0,1,26.63,30.19,38.18,47.57,58.46,37.85,48.0,37.74,False,True,False
2022-04-28,1651104000,28.5,29.0,28.0,28.641,4100,26.521,2.12,0.08,26.265,28.546,28.643,0.0,0.0,-1,27.39,29.35,37.09,47.13,57.28,37.95,47.57,37.85,False,True,False
2022-04-29,1651190400,28.3,28.8,28.0,28.643,11300,26.265,2.38,0.09,28.546,28.641,28.096,-0.55,-0.02,-1,27.72,28.42,36.04,46.7,56.03,38.06,47.13,37.95,False,True,False
2022-05-04,1651622400,28.8,28.9,26.2,28.096,2400,28.546,-0.45,-0.02,28.641,28.643,26.678,-1.42,-0.05,-1,28.04,27.94,35.01,46.28,55.0,38.17,46.7,38.06,False,True,False
2022-05-05,1651708800,28.1,28.3,25.0,26.678,3700,28.641,-1.96,-0.07,28.643,28.096,26.189,-0.49,-0.02,-1,28.12,27.4,33.86,45.79,54.15,38.27,46.28,38.17,False,True,False
2022-05-06,1651795200,26.7,27.5,25.0,26.189,4605,28.643,-2.45,-0.09,28.096,26.678,22.703,-3.49,-0.13,-1,27.65,27.14,32.72,45.22,53.47,38.36,45.79,38.27,False,True,False
2022-05-09,1652054400,25.9,25.9,22.3,22.703,3700,28.096,-5.39,-0.19,26.678,26.189,20.766,-1.94,-0.09,-1,26.46,26.92,31.55,44.53,52.89,38.45,45.22,38.36,False,True,False
2022-05-10,1652140800,19.3,22.7,19.3,20.766,9900,26.678,-5.91,-0.22,26.189,22.703,23.83,3.06,0.15,1,24.89,26.3,30.28,43.91,52.41,38.52,44.53,38.45,False,True,False
2022-05-11,1652227200,21.0,23.9,21.0,23.83,42205,26.189,-2.36,-0.09,22.703,20.766,26.431,2.6,0.11,1,24.03,26.04,29.27,43.34,52.07,38.61,43.91,38.52,False,True,False
2022-05-12,1652313600,23.8,27.3,23.8,26.431,34800,22.703,3.73,0.16,20.766,23.83,24.424,-2.01,-0.08,-1,23.98,26.05,28.58,42.73,51.76,38.71,43.34,38.61,False,True,False
2022-05-13,1652400000,25.6,26.0,22.7,24.424,8310,20.766,3.66,0.18,23.83,26.431,24.763,0.34,0.01,1,23.63,25.64,27.92,41.96,51.37,38.79,42.73,38.71,False,True,False
2022-05-16,1652659200,27.9,27.9,23.0,24.763,12100,23.83,0.93,0.04,26.431,24.424,25.555,0.79,0.03,1,24.04,25.25,27.3,41.2,50.89,38.88,41.96,38.79,False,True,False
2022-05-17,1652745600,23.0,27.5,23.0,25.555,21500,26.431,-0.88,-0.03,24.424,24.763,26.773,1.22,0.05,1,25.0,24.94,26.68,40.53,50.36,38.98,41.2,38.88,False,True,False
2022-05-18,1652832000,27.5,27.7,26.0,26.773,14200,24.424,2.35,0.1,24.763,25.555,24.36,-2.41,-0.09,-1,25.59,24.81,26.37,39.93,49.74,39.08,40.53,38.98,False,True,False
2022-05-19,1652918400,23.0,26.5,23.0,24.36,16800,24.763,-0.4,-0.02,25.555,26.773,24.367,0.01,0.0,1,25.18,24.58,25.99,39.24,49.02,39.16,39.93,39.08,False,True,False
2022-05-20,1653004800,24.4,24.4,24.2,24.367,8200,25.555,-1.19,-0.05,26.773,24.36,23.92,-0.45,-0.02,-1,25.16,24.4,25.77,38.57,48.42,39.25,39.24,39.16,False,False,False
2022-05-23,1653264000,24.4,25.0,23.4,23.92,15700,26.773,-2.85,-0.11,24.36,24.367,22.512,-1.41,-0.06,-1,24.99,24.52,25.72,37.96,47.95,39.34,38.57,39.25,True,False,False
2022-05-24,1653350400,23.0,23.1,21.0,22.512,10900,24.36,-1.85,-0.08,24.367,23.92,24.497,1.98,0.09,1,24.39,24.69,25.5,37.33,47.42,39.42,37.96,39.34,True,False,False
2022-05-25,1653436800,25.0,25.0,22.0,24.497,8800,24.367,0.13,0.01,23.92,22.512,23.324,-1.17,-0.05,-1,23.93,24.76,25.4,36.72,46.85,39.51,37.33,39.42,True,False,False
2022-05-26,1653523200,23.2,24.5,22.8,23.324,19900,23.92,-0.6,-0.03,22.512,24.497,23.493,0.17,0.01,1,23.72,24.45,25.25,36.15,46.33,39.59,36.72,39.51,True,False,False
2022-05-27,1653609600,25.5,25.5,22.5,23.493,25200,22.512,0.98,0.04,24.497,23.324,23.731,0.24,0.01,1,23.55,24.36,25.0,35.58,45.85,39.67,36.15,39.59,True,False,False
2022-05-30,1653868800,23.3,24.0,23.0,23.731,15900,24.497,-0.77,-0.03,23.324,23.493,24.107,0.38,0.02,1,23.51,24.25,24.75,35.03,45.4,39.76,35.58,39.67,True,False,False
2022-05-31,1653955200,23.0,25.5,23.0,24.107,80900,23.324,0.78,0.03,23.493,23.731,23.967,-0.14,-0.01,-1,23.83,24.11,24.53,34.46,44.98,39.85,35.03,39.76,True,False,False
2022-06-01,1654041600,24.1,24.7,23.5,23.967,3300,23.493,0.47,0.02,23.731,24.107,23.474,-0.49,-0.02,-1,23.72,23.83,24.32,33.91,44.63,39.94,34.46,39.85,True,False,False
2022-06-02,1654128000,23.0,24.0,23.0,23.474,12100,23.731,-0.26,-0.01,24.107,23.967,23.026,-0.45,-0.02,-1,23.75,23.74,24.16,33.34,44.2,40.02,33.91,39.94,True,False,False
2022-06-03,1654214400,23.0,23.7,22.6,23.026,14200,24.107,-1.08,-0.04,23.967,23.474,22.71,-0.32,-0.01,-1,23.66,23.61,24.0,32.75,43.78,40.1,33.34,40.02,True,False,False
2022-06-06,1654473600,23.0,23.0,22.0,22.71,15800,23.967,-1.26,-0.05,23.474,23.026,21.966,-0.74,-0.03,-1,23.46,23.48,24.0,32.17,43.39,40.17,32.75,40.1,True,False,False
2022-06-07,1654560000,22.6,22.6,21.6,21.966,5800,23.474,-1.51,-0.06,23.026,22.71,22.519,0.55,0.03,1,23.03,23.43,24.06,31.58,43.01,40.24,32.17,40.17,True,False,False
2022-06-08,1654646400,22.3,23.0,21.6,22.519,8800,23.026,-0.51,-0.02,22.71,21.966,22.275,-0.24,-0.01,-1,22.74,23.23,24.0,31.01,42.57,40.32,31.58,40.24,True,False,False
2022-06-09,1654732800,22.6,22.9,21.6,22.275,24600,22.71,-0.44,-0.02,21.966,22.519,21.898,-0.38,-0.02,-1,22.5,23.13,23.79,30.44,42.04,40.39,31.01,40.32,True,False,False
2022-06-10,1654819200,22.3,22.3,21.0,21.898,13700,21.966,-0.07,-0.0,22.519,22.275,20.698,-1.2,-0.05,-1,22.27,22.97,23.66,29.86,41.57,40.46,30.44,40.39,True,False,False
2022-06-13,1655078400,21.1,21.1,19.1,20.698,5100,22.519,-1.82,-0.08,22.275,21.898,20.542,-0.16,-0.01,-1,21.87,22.66,23.46,29.27,41.16,40.53,29.86,40.46,True,False,False
2022-06-14,1655164800,20.7,20.7,20.0,20.542,3300,22.275,-1.73,-0.08,21.898,20.698,17.842,-2.7,-0.13,-1,21.59,22.31,23.21,28.69,40.76,40.6,29.27,40.53,True,False,False
2022-06-15,1655251200,18.0,20.0,17.5,17.842,11300,21.898,-4.06,-0.19,20.698,20.542,17.0,-0.84,-0.05,-1,20.65,21.7,22.76,28.07,40.36,40.65,28.69,40.6,True,False,False
2022-06-16,1655337600,19.4,19.4,17.0,17.0,5700,20.698,-3.7,-0.18,20.542,17.842,15.707,-1.29,-0.08,-1,19.6,21.05,22.39,27.42,39.96,40.7,28.07,40.65,True,False,False
2022-06-17,1655424000,15.5,17.5,15.5,15.707,11200,20.542,-4.84,-0.24,17.842,17.0,14.385,-1.32,-0.08,-1,18.36,20.32,21.96,26.75,39.62,40.74,27.42,40.7,True,False,False
2022-06-20,1655683200,15.7,17.5,13.5,14.385,3300,17.842,-3.46,-0.19,17.0,15.707,14.184,-0.2,-0.01,-1,17.1,19.48,21.48,26.12,39.33,40.77,26.75,40.74,True,False,False
2022-06-21,1655769600,14.0,15.5,13.0,14.184,5100,17.0,-2.82,-0.17,15.707,14.385,14.912,0.73,0.05,1,15.82,18.71,21.07,25.48,39.01,40.81,26.12,40.77,True,False,False
2022-06-22,1655856000,12.3,15.2,12.3,14.912,7500,15.707,-0.8,-0.05,14.385,14.184,15.952,1.04,0.07,1,15.24,17.94,20.59,24.9,38.63,40.84,25.48,40.81,True,False,False
2022-06-23,1655942400,15.5,16.8,15.0,15.952,10910,14.385,1.57,0.11,14.184,14.912,16.956,1.0,0.06,1,15.03,17.31,20.22,24.41,38.23,40.88,24.9,40.84,True,False,False
2022-06-24,1656028800,16.5,17.8,16.5,16.956,9900,14.184,2.77,0.2,14.912,15.952,17.0,0.04,0.0,1,15.28,16.82,19.89,23.99,37.86,40.92,24.41,40.88,True,False,False
2022-06-27,1656288000,17.0,17.0,17.0,17.0,1200,14.912,2.09,0.14,15.952,16.956,19.086,2.09,0.12,1,15.8,16.45,19.56,23.59,37.49,40.96,23.99,40.92,True,False,False
2022-06-28,1656374400,18.0,19.5,18.0,19.086,21400,15.952,3.13,0.2,16.956,17.0,21.295,2.21,0.12,1,16.78,16.3,19.3,23.22,37.2,41.01,23.59,40.96,True,False,False
2022-06-29,1656460800,20.5,21.9,19.2,21.295,19600,16.956,4.34,0.26,17.0,19.086,22.259,0.96,0.05,1,18.06,16.65,19.17,22.98,36.93,41.07,23.22,41.01,True,False,False
2022-06-30,1656547200,21.9,24.3,20.2,22.259,21900,17.0,5.26,0.31,19.086,21.295,19.479,-2.78,-0.12,-1,19.32,17.17,19.11,22.79,36.65,41.13,22.98,41.07,True,False,False
2022-07-01,1656633600,20.0,20.0,19.0,19.479,9900,19.086,0.39,0.02,21.295,22.259,20.261,0.78,0.04,1,19.82,17.55,18.93,22.6,36.32,41.19,22.79,41.13,True,False,False
2022-07-04,1656892800,20.0,21.0,20.0,20.261,8300,21.295,-1.03,-0.05,22.259,19.479,18.785,-1.48,-0.07,-1,20.48,18.14,18.81,22.51,36.0,41.24,22.6,41.19,True,False,False
2022-07-05,1656979200,20.0,20.0,18.3,18.785,7200,22.259,-3.47,-0.16,19.479,20.261,17.33,-1.46,-0.08,-1,20.42,18.6,18.65,22.35,35.67,41.29,22.51,41.24,True,False,False
2022-07-06,1657065600,16.1,19.7,16.1,17.33,2700,19.479,-2.15,-0.11,20.261,18.785,18.919,1.59,0.09,1,19.62,18.84,18.39,22.16,35.32,41.33,22.35,41.29,True,False,False
2022-07-07,1657152000,18.0,19.0,18.0,18.919,1600,20.261,-1.34,-0.07,18.785,17.33,19.396,0.48,0.03,1,18.95,19.14,18.22,22.02,35.01,41.38,22.16,41.33,True,False,False
2022-07-08,1657238400,16.6,20.1,16.6,19.396,10200,18.785,0.61,0.03,17.33,18.919,18.263,-1.13,-0.06,-1,18.94,19.38,18.1,21.83,34.7,41.43,22.02,41.38,True,False,False
2022-07-11,1657497600,17.9,20.2,17.6,18.263,11900,17.33,0.93,0.05,18.919,19.396,19.059,0.8,0.04,1,18.54,19.51,17.98,21.62,34.38,41.48,21.83,41.43,True,False,False
2022-07-12,1657584000,18.7,19.4,18.7,19.059,6400,18.919,0.14,0.01,19.396,18.263,18.571,-0.49,-0.03,-1,18.59,19.5,17.9,21.43,34.07,41.53,21.62,41.48,True,False,False
2022-07-13,1657670400,16.6,19.3,16.6,18.571,13300,19.396,-0.82,-0.04,18.263,19.059,18.907,0.34,0.02,1,18.84,19.23,17.94,21.24,33.76,41.58,21.43,41.53,True,False,False
2022-07-14,1657756800,17.8,19.2,17.8,18.907,8600,18.263,0.64,0.04,19.059,18.571,19.818,0.91,0.05,1,18.84,18.9,18.04,21.09,33.44,41.62,21.24,41.58,True,False,False
2022-07-15,1657843200,18.9,21.5,18.8,19.818,14200,19.059,0.76,0.04,18.571,18.907,19.999,0.18,0.01,1,18.92,18.93,18.24,20.96,33.09,41.67,21.09,41.62,True,False,False
2022-07-18,1658102400,21.0,21.0,19.5,19.999,18600,18.571,1.43,0.08,18.907,19.818,18.518,-1.48,-0.07,-1,19.27,18.9,18.52,20.91,32.72,41.73,20.96,41.67,True,False,False
2022-07-19,1658188800,18.3,19.6,18.3,18.518,4400,18.907,-0.39,-0.02,19.818,19.999,19.246,0.73,0.04,1,19.16,18.88,18.74,20.86,32.38,41.77,20.91,41.73,True,False,False
2022-07-20,1658275200,18.6,20.0,18.6,19.246,16700,19.818,-0.57,-0.03,19.999,18.518,19.053,-0.19,-0.01,-1,19.3,19.07,18.95,20.77,32.05,41.82,20.86,41.77,True,False,False
2022-07-21,1658361600,19.0,19.2,19.0,19.053,5900,19.999,-0.95,-0.05,18.518,19.246,18.35,-0.7,-0.04,-1,19.33,19.08,19.11,20.62,31.68,41.86,20.77,41.82,True,False,False
2022-07-22,1658448000,18.3,19.2,18.0,18.35,12400,18.518,-0.17,-0.01,19.246,19.053,18.4,0.05,0.0,1,19.03,18.98,19.18,20.5,31.23,41.9,20.62,41.86,True,False,False
2022-07-25,1658707200,18.4,18.4,18.4,18.4,10400,19.246,-0.85,-0.04,19.053,18.35,18.16,-0.24,-0.01,-1,18.71,18.99,19.25,20.37,30.79,41.94,20.5,41.9,True,False,False
2022-07-26,1658793600,18.4,18.4,18.0,18.16,8300,19.053,-0.89,-0.05,18.35,18.4,18.1,-0.06,-0.0,-1,18.64,18.9,19.2,20.23,30.38,41.98,20.37,41.94,True,False,False
2022-07-27,1658880000,18.2,18.6,17.7,18.1,2900,18.35,-0.25,-0.01,18.4,18.16,19.857,1.76,0.1,1,18.41,18.86,19.04,20.05,29.99,42.02,20.23,41.98,True,False,False
2022-07-28,1658966400,18.9,20.5,18.3,19.857,19200,18.4,1.46,0.08,18.16,18.1,18.871,-0.99,-0.05,-1,18.57,18.95,18.92,19.96,29.6,42.05,20.05,42.02,True,False,False
2022-07-29,1659052800,18.7,19.9,18.6,18.871,13400,18.16,0.71,0.04,18.1,19.857,19.127,0.26,0.01,1,18.68,18.86,18.89,19.85,29.21,42.08,19.96,42.05,True,False,False
2022-08-01,1659312000,18.9,19.4,18.9,19.127,10000,18.1,1.03,0.06,19.857,18.871,19.427,0.3,0.02,1,18.82,18.77,18.84,19.76,28.86,42.1,19.85,42.08,True,False,False
2022-08-02,1659398400,19.2,19.8,19.2,19.427,18800,19.857,-0.43,-0.02,18.871,19.127,19.364,-0.06,-0.0,-1,19.08,18.86,18.87,19.69,28.51,42.12,19.76,42.1,True,False,False
2022-08-03,1659484800,19.0,19.9,19.0,19.364,7400,18.871,0.49,0.03,19.127,19.427,19.798,0.43,0.02,1,19.33,18.87,18.97,19.59,28.15,42.13,19.69,42.12,True,False,False
2022-08-04,1659571200,19.9,20.0,19.4,19.798,13500,19.127,0.67,0.04,19.427,19.364,19.732,-0.07,-0.0,-1,19.32,18.95,19.01,19.52,27.83,42.16,19.59,42.13,True,False,False
2022-08-05,1659657600,19.3,20.2,19.3,19.732,35800,19.427,0.3,0.02,19.364,19.798,21.534,1.8,0.09,1,19.49,19.08,19.03,19.45,27.51,42.19,19.52,42.16,True,False,False
2022-08-08,1659916800,20.2,22.0,20.2,21.534,38300,19.364,2.17,0.11,19.798,19.732,21.979,0.45,0.02,1,19.97,19.4,19.19,19.4,27.21,42.23,19.45,42.19,True,False,False
2022-08-09,1660003200,22.5,22.5,21.1,21.979,26000,19.798,2.18,0.11,19.732,21.534,23.022,1.04,0.05,1,20.48,19.78,19.34,19.36,26.91,42.27,19.4,42.23,True,False,False
2022-08-10,1660089600,22.0,24.0,22.0,23.022,35900,19.732,3.29,0.17,21.534,21.979,25.23,2.21,0.1,1,21.21,20.27,19.56,19.34,26.62,42.32,19.36,42.27,True,False,False
2022-08-11,1660176000,24.0,26.4,24.0,25.23,85800,21.534,3.7,0.17,21.979,23.022,24.457,-0.77,-0.03,-1,22.3,20.81,19.88,19.38,26.36,42.38,19.34,42.32,True,False,False
2022-08-12,1660262400,24.2,25.3,24.0,24.457,19900,21.979,2.48,0.11,23.022,25.23,24.665,0.21,0.01,1,23.24,21.37,20.11,19.4,26.08,42.43,19.38,42.38,True,False,False
2022-08-15,1660521600,24.5,25.5,23.4,24.665,14400,23.022,1.64,0.07,25.23,24.457,23.884,-0.78,-0.03,-1,23.87,21.92,20.34,19.44,25.81,42.48,19.4,42.43,True,False,False
2022-08-16,1660608000,23.7,24.2,23.5,23.884,26700,25.23,-1.35,-0.05,24.457,24.665,23.425,-0.46,-0.02,-1,24.25,22.37,20.61,19.48,25.53,42.52,19.44,42.48,True,False,False
2022-08-17,1660694400,24.2,24.2,22.9,23.425,10600,24.457,-1.03,-0.04,24.665,23.884,22.194,-1.23,-0.05,-1,24.33,22.77,20.82,19.5,25.25,42.56,19.48,42.52,True,False,False
2022-08-18,1660780800,22.9,23.4,22.0,22.194,19300,24.665,-2.47,-0.1,23.884,23.425,22.542,0.35,0.02,1,23.72,23.01,20.98,19.5,24.97,42.6,19.5,42.56,True,False,False
2022-08-19,1660867200,22.2,23.3,22.2,22.542,2600,23.884,-1.34,-0.06,23.425,22.194,21.955,-0.59,-0.03,-1,23.34,23.29,21.19,19.51,24.69,42.63,19.5,42.6,True,False,False
2022-08-22,1661126400,23.0,23.0,21.4,21.955,12700,23.425,-1.47,-0.06,22.194,22.542,21.806,-0.15,-0.01,-1,22.8,23.34,21.37,19.54,24.4,42.65,19.51,42.63,True,False,False
2022-08-23,1661212800,20.2,22.8,20.2,21.806,14100,22.194,-0.39,-0.02,22.542,21.955,21.732,-0.07,-0.0,-1,22.38,23.32,21.55,19.56,24.12,42.66,19.54,42.65,True,False,False
2022-08-24,1661299200,21.8,22.1,21.5,21.732,12104,22.542,-0.81,-0.04,21.955,21.806,21.598,-0.13,-0.01,-1,22.05,23.19,21.73,19.64,23.86,42.67,19.56,42.66,True,False,False
2022-08-25,1661385600,21.7,22.5,20.2,21.598,13100,21.955,-0.36,-0.02,21.806,21.732,21.722,0.12,0.01,1,21.93,22.83,21.82,19.73,23.57,42.67,19.64,42.67,True,False,False
2022-08-26,1661472000,21.7,22.0,21.6,21.722,2300,21.806,-0.08,-0.0,21.732,21.598,21.324,-0.4,-0.02,-1,21.76,22.55,21.96,19.85,23.3,42.68,19.73,42.67,True,False,False
2022-08-29,1661731200,21.7,21.7,20.1,21.324,9100,21.732,-0.41,-0.02,21.598,21.722,21.336,0.01,0.0,1,21.64,22.22,22.07,19.99,23.05,42.69,19.85,42.68,True,False,False
2022-08-30,1661817600,22.0,22.0,21.3,21.336,4700,21.598,-0.26,-0.01,21.722,21.324,20.791,-0.54,-0.03,-1,21.54,21.96,22.16,20.13,22.81,42.68,19.99,42.69,True,False,False
2022-08-31,1661904000,21.3,21.6,20.5,20.791,5700,21.722,-0.93,-0.04,21.324,21.336,20.77,-0.02,-0.0,-1,21.35,21.7,22.24,20.25,22.57,42.66,20.13,42.68,True,False,False
2022-09-05,1662336000,21.0,21.0,20.6,20.77,7900,21.324,-0.55,-0.03,21.336,20.791,20.994,0.22,0.01,1,21.19,21.56,22.28,20.35,22.38,42.62,20.25,42.66,True,False,False
2022-09-06,1662422400,20.8,21.6,20.8,20.994,13100,21.336,-0.34,-0.02,20.791,20.77,20.97,-0.02,-0.0,-1,21.04,21.4,22.35,20.43,22.21,42.56,20.35,42.62,True,False,False
2022-09-07,1662508800,21.6,21.7,20.1,20.97,14900,20.791,0.18,0.01,20.77,20.994,20.139,-0.83,-0.04,-1,20.97,21.3,22.32,20.51,22.05,42.48,20.43,42.56,True,False,False
2022-09-08,1662595200,21.0,21.0,20.0,20.139,14700,20.77,-0.63,-0.03,20.994,20.97,21.1,0.96,0.05,1,20.73,21.14,22.23,20.53,21.87,42.36,20.51,42.48,True,False,False
2022-09-09,1662681600,19.2,23.0,19.2,21.1,16700,20.994,0.11,0.01,20.97,20.139,21.733,0.63,0.03,1,20.79,21.07,22.13,20.52,21.75,42.22,20.53,42.36,True,False,False
2022-09-12,1662940800,23.0,23.5,21.0,21.733,13800,20.97,0.76,0.04,20.139,21.1,21.055,-0.68,-0.03,-1,20.99,21.09,21.96,20.51,21.65,42.04,20.52,42.22,True,False,False
2022-09-13,1663027200,20.7,21.7,20.5,21.055,5600,20.139,0.92,0.05,21.1,21.733,20.688,-0.37,-0.02,-1,21.0,21.02,21.79,20.55,21.57,41.81,20.51,42.04,True,False,False
2022-09-14,1663113600,20.0,21.0,20.0,20.688,5000,21.1,-0.41,-0.02,21.733,21.055,20.415,-0.27,-0.01,-1,20.94,20.96,21.59,20.55,21.53,41.55,20.55,41.81,True,False,False
2022-09-15,1663200000,20.7,21.9,20.2,20.415,8000,21.733,-1.32,-0.06,21.055,20.688,20.891,0.48,0.02,1,21.0,20.87,21.41,20.59,21.47,41.23,20.55,41.55,True,False,False
2022-09-16,1663286400,20.5,21.4,20.2,20.891,3500,21.055,-0.16,-0.01,20.688,20.415,20.405,-0.49,-0.02,-1,20.96,20.88,21.29,20.66,21.41,40.85,20.59,41.23,True,False,False
2022-09-19,1663545600,20.1,21.3,19.2,20.405,19700,20.688,-0.28,-0.01,20.415,20.891,19.633,-0.77,-0.04,-1,20.69,20.84,21.2,20.69,21.35,40.4,20.66,40.85,True,False,False
2022-09-20,1663632000,19.1,20.7,19.1,19.633,300,20.415,-0.78,-0.04,20.891,20.405,19.732,0.1,0.01,1,20.41,20.7,21.05,20.69,21.26,39.86,20.69,40.4,True,False,False
2022-09-21,1663718400,19.6,20.9,19.6,19.732,3700,20.891,-1.16,-0.06,20.405,19.633,20.117,0.39,0.02,1,20.22,20.58,20.94,20.72,21.17,39.23,20.69,39.86,True,False,False
2022-09-22,1663804800,19.8,20.7,19.8,20.117,2900,20.405,-0.29,-0.01,19.633,19.732,20.964,0.85,0.04,1,20.16,20.58,20.86,20.74,21.09,38.56,20.72,39.23,True,False,False
2022-09-23,1663891200,20.1,21.2,20.1,20.964,8700,19.633,1.33,0.07,19.732,20.117,19.279,-1.68,-0.08,-1,20.17,20.56,20.82,20.79,21.02,38.01,20.74,38.56,True,False,False
2022-09-26,1664150400,19.3,19.9,18.6,19.279,17400,19.732,-0.45,-0.02,20.117,20.964,19.173,-0.11,-0.01,-1,19.94,20.32,20.7,20.8,20.94,37.55,20.79,38.01,True,False,False
2022-09-27,1664236800,19.1,20.2,19.0,19.173,4000,20.117,-0.94,-0.05,20.964,19.279,19.161,-0.01,-0.0,-1,19.85,20.13,20.58,20.79,20.87,37.17,20.8,37.55,True,False,False
2022-09-28,1664323200,20.1,20.1,18.7,19.161,4400,20.964,-1.8,-0.09,19.279,19.173,18.971,-0.19,-0.01,-1,19.74,19.98,20.47,20.77,20.84,36.86,20.79,37.17,True,False,False
2022-09-29,1664409600,19.2,19.7,18.6,18.971,11401,19.279,-0.31,-0.02,19.173,19.161,18.943,-0.03,-0.0,-1,19.51,19.83,20.35,20.78,20.82,36.61,20.77,36.86,True,False,False
2022-09-30,1664496000,16.7,19.5,16.7,18.943,2100,19.173,-0.23,-0.01,19.161,18.971,17.956,-0.99,-0.05,-1,19.11,19.64,20.26,20.77,20.77,36.42,20.78,36.61,True,False,False
2022-10-03,1664755200,16.8,19.0,16.8,17.956,1600,19.161,-1.21,-0.06,18.971,18.943,17.929,-0.03,-0.0,-1,18.84,19.39,20.12,20.75,20.69,36.22,20.77,36.42,True,False,False
2022-10-04,1664841600,19.0,19.0,17.5,17.929,2400,18.971,-1.04,-0.05,18.943,17.956,18.069,0.14,0.01,1,18.59,19.22,19.96,20.74,20.62,35.99,20.75,36.22,True,False,False
2022-10-05,1664928000,17.9,18.5,17.3,18.069,1300,18.943,-0.87,-0.05,17.956,17.929,17.818,-0.25,-0.01,-1,18.37,19.06,19.82,20.73,20.55,35.72,20.74,35.99,True,False,False
2022-10-06,1665014400,16.9,18.3,16.8,17.818,3300,17.956,-0.14,-0.01,17.929,18.069,17.411,-0.41,-0.02,-1,18.14,18.83,19.7,20.73,20.48,35.42,20.73,35.72,True,False,False
2022-10-07,1665100800,18.2,18.2,16.0,17.411,5500,17.929,-0.52,-0.03,18.069,17.818,16.872,-0.54,-0.03,-1,17.84,18.47,19.52,20.71,20.38,35.06,20.73,35.42,True,False,False
2022-10-10,1665360000,16.8,16.9,16.8,16.872,1800,18.069,-1.2,-0.07,17.818,17.411,16.149,-0.72,-0.04,-1,17.62,18.23,19.27,20.65,20.31,34.66,20.71,35.06,True,False,False
2022-10-11,1665446400,16.8,16.8,16.0,16.149,5302,17.818,-1.67,-0.09,17.411,16.872,15.371,-0.78,-0.05,-1,17.26,17.93,19.03,20.6,20.23,34.32,20.65,34.66,True,False,False
2022-10-12,1665532800,14.2,16.1,14.1,15.371,5600,17.411,-2.04,-0.12,16.872,16.149,15.331,-0.04,-0.0,-1,16.72,17.55,18.76,20.52,20.14,34.04,20.6,34.32,True,False,False
2022-10-13,1665619200,15.4,16.2,15.0,15.331,6500,16.872,-1.54,-0.09,16.149,15.371,16.063,0.73,0.05,1,16.23,17.18,18.51,20.44,20.07,33.74,20.52,34.04,True,False,False
2022-10-14,1665705600,15.1,16.4,15.0,16.063,7900,16.149,-0.09,-0.01,15.371,15.331,16.683,0.62,0.04,1,15.96,16.9,18.27,20.38,19.98,33.42,20.44,33.74,True,False,False
2022-10-17,1665964800,16.7,16.7,16.6,16.683,2400,15.371,1.31,0.09,15.331,16.063,17.238,0.55,0.03,1,15.92,16.77,18.08,20.31,19.92,33.13,20.38,33.42,True,False,False
2022-10-18,1666051200,16.9,17.5,16.9,17.238,4700,15.331,1.91,0.12,16.063,16.683,17.9,0.66,0.04,1,16.14,16.7,17.96,20.26,19.86,32.85,20.31,33.13,True,False,False
2022-10-19,1666137600,17.9,17.9,17.9,17.9,400,16.063,1.84,0.11,16.683,17.238,17.9,0.0,0.0,-1,16.64,16.68,17.87,20.19,19.8,32.6,20.26,32.85,True,False,False
2022-10-20,1666224000,17.9,17.9,17.9,17.9,0,16.683,1.22,0.07,17.238,17.9,17.9,0.0,0.0,-1,17.16,16.69,17.76,20.11,19.73,32.36,20.19,32.6,True,False,False
2022-10-21,1666310400,17.9,17.9,17.9,17.9,0,17.238,0.66,0.04,17.9,17.9,18.388,0.49,0.03,1,17.52,16.74,17.61,20.01,19.67,32.15,20.11,32.36,True,False,False
2022-10-24,1666569600,18.4,18.4,18.3,18.388,2400,17.9,0.49,0.03,17.9,17.9,16.622,-1.77,-0.1,-1,17.87,16.89,17.56,19.87,19.62,31.91,20.01,32.15,True,False,False
2022-10-25,1666656000,15.7,17.2,15.7,16.622,7700,17.9,-1.28,-0.07,17.9,18.388,16.828,0.21,0.01,1,17.74,16.94,17.43,19.71,19.56,31.67,19.87,31.91,True,False,False
2022-10-26,1666742400,18.5,18.9,14.2,16.828,6100,17.9,-1.07,-0.06,18.388,16.622,17.726,0.9,0.05,1,17.53,17.09,17.32,19.56,19.5,31.44,19.71,31.67,True,False,False
2022-10-27,1666828800,17.8,17.8,17.3,17.726,3800,18.388,-0.66,-0.04,16.622,16.828,17.761,0.04,0.0,1,17.49,17.32,17.25,19.43,19.46,31.24,19.56,31.44,True,False,False
2022-10-28,1666915200,17.0,17.8,17.0,17.761,4100,16.622,1.14,0.07,16.828,17.726,16.396,-1.36,-0.08,-1,17.46,17.49,17.2,19.32,19.41,30.99,19.43,31.24,True,False,False
2022-10-31,1667174400,17.5,17.5,15.4,16.396,2700,16.828,-0.43,-0.03,17.726,17.761,16.786,0.39,0.02,1,17.07,17.47,17.12,19.2,19.35,30.7,19.32,30.99,True,False,False
2022-11-01,1667260800,16.3,17.3,15.0,16.786,700,17.726,-0.94,-0.05,17.761,16.396,17.021,0.23,0.01,1,17.1,17.42,17.06,19.09,19.3,30.44,19.2,30.7,True,False,False
2022-11-02,1667347200,16.8,17.5,15.3,17.021,1400,17.761,-0.74,-0.04,16.396,16.786,16.8,-0.22,-0.01,-1,17.14,17.33,17.01,18.99,19.26,30.21,19.09,30.44,True,False,False
2022-11-03,1667433600,16.8,16.8,16.8,16.8,2000,16.396,0.4,0.02,16.786,17.021,15.855,-0.95,-0.06,-1,16.95,17.22,16.96,18.89,19.23,29.99,18.99,30.21,True,False,False
2022-11-04,1667520000,15.0,16.4,14.6,15.855,2900,16.786,-0.93,-0.06,17.021,16.8,15.669,-0.19,-0.01,-1,16.57,17.02,16.88,18.77,19.21,29.79,18.89,29.99,True,False,False
2022-11-07,1667779200,16.9,16.9,13.7,15.669,5800,17.021,-1.35,-0.08,16.8,15.855,14.561,-1.11,-0.07,-1,16.43,16.75,16.82,18.65,19.19,29.58,18.77,29.79,True,False,False
2022-11-08,1667865600,16.4,16.9,13.4,14.561,5136,16.8,-2.24,-0.13,15.855,15.669,15.802,1.24,0.09,1,15.98,16.54,16.74,18.51,19.18,29.4,18.65,29.58,True,False,False
2022-11-09,1667952000,15.3,16.3,15.3,15.802,5000,15.855,-0.05,-0.0,15.669,14.561,15.598,-0.2,-0.01,-1,15.74,16.44,16.76,18.4,19.2,29.26,18.51,29.4,True,False,False
2022-11-10,1668038400,15.6,16.8,14.1,15.598,9800,15.669,-0.07,-0.0,14.561,15.802,15.645,0.05,0.0,1,15.5,16.22,16.77,18.29,19.21,29.11,18.4,29.26,True,False,False
2022-11-11,1668124800,16.1,16.1,14.3,15.645,1100,14.561,1.08,0.07,15.802,15.598,14.506,-1.14,-0.07,-1,15.45,16.01,16.75,18.18,19.22,28.92,18.29,29.11,True,False,False
2022-11-14,1668384000,14.0,15.1,13.6,14.506,3100,15.802,-1.3,-0.08,15.598,15.645,13.294,-1.21,-0.08,-1,15.22,15.82,16.65,18.06,19.2,28.72,18.18,28.92,True,False,False
2022-11-15,1668470400,14.8,14.8,12.4,13.294,4900,15.598,-2.3,-0.15,15.645,14.506,12.348,-0.95,-0.07,-1,14.97,15.48,16.45,17.9,19.17,28.51,18.06,28.72,True,False,False
2022-11-16,1668556800,13.7,14.8,11.4,12.348,36300,15.645,-3.3,-0.21,14.506,13.294,14.071,1.72,0.14,1,14.28,15.01,16.17,17.73,19.12,28.31,17.9,28.51,True,False,False
2022-11-17,1668643200,13.9,14.1,13.9,14.071,1400,14.506,-0.44,-0.03,13.294,12.348,13.53,-0.54,-0.04,-1,13.97,14.73,15.98,17.61,19.07,28.14,17.73,28.31,True,False,False
2022-11-18,1668729600,14.8,15.4,12.1,13.53,5700,13.294,0.24,0.02,12.348,14.071,13.753,0.22,0.02,1,13.55,14.5,15.76,17.46,18.99,27.96,17.61,28.14,True,False,False
2022-11-21,1668988800,14.1,14.1,12.9,13.753,4700,12.348,1.4,0.11,14.071,13.53,13.13,-0.62,-0.05,-1,13.4,14.31,15.53,17.3,18.91,27.78,17.46,27.96,True,False,False
2022-11-22,1669075200,14.6,14.6,12.7,13.13,12300,14.071,-0.94,-0.07,13.53,13.753,13.463,0.33,0.03,1,13.37,14.17,15.35,17.14,18.84,27.58,17.3,27.78,True,False,False
2022-11-23,1669161600,13.0,13.8,13.0,13.463,1900,13.53,-0.07,-0.01,13.753,13.13,12.825,-0.64,-0.05,-1,13.59,13.93,15.19,17.0,18.78,27.39,17.14,27.58,True,False,False
2022-11-24,1669248000,14.1,14.1,12.0,12.825,2000,13.753,-0.93,-0.07,13.13,13.463,12.575,-0.25,-0.02,-1,13.34,13.66,14.94,16.84,18.72,27.19,17.0,27.39,True,False,False
2022-11-25,1669334400,13.4,13.4,12.1,12.575,10200,13.13,-0.56,-0.04,13.463,12.825,13.788,1.21,0.1,1,13.15,13.35,14.68,16.68,18.67,26.99,16.84,27.19,True,False,False
2022-11-28,1669593600,13.9,14.4,13.0,13.788,39006,13.463,0.33,0.02,12.825,12.575,14.185,0.4,0.03,1,13.16,13.28,14.55,16.55,18.62,26.81,16.68,26.99,True,False,False
2022-11-29,1669680000,13.8,15.3,13.7,14.185,35200,12.825,1.36,0.11,12.575,13.788,15.236,1.05,0.07,1,13.37,13.37,14.42,16.44,18.56,26.63,16.55,26.81,True,False,False
2022-11-30,1669766400,13.8,16.3,13.8,15.236,66100,12.575,2.66,0.21,13.788,14.185,17.397,2.16,0.14,1,13.72,13.66,14.33,16.35,18.53,26.46,16.44,26.63,True,False,False
2022-12-01,1669852800,17.4,17.4,17.0,17.397,12306,13.788,3.61,0.26,14.185,15.236,20.0,2.6,0.15,1,14.64,13.99,14.36,16.29,18.52,26.29,16.35,26.46,True,False,False
2022-12-02,1669939200,20.0,20.0,20.0,20.0,27807,14.185,5.82,0.41,15.236,17.397,23.0,3.0,0.15,1,16.12,14.64,14.57,16.27,18.53,26.15,16.29,26.29,True,False,False
2022-12-05,1670198400,23.0,23.0,23.0,23.0,15410,15.236,7.76,0.51,17.397,20.0,24.523,1.52,0.07,1,17.96,15.56,14.94,16.35,18.57,26.0,16.27,26.15,True,False,False
2022-12-06,1670284800,26.4,26.4,19.6,24.523,194130,17.397,7.13,0.41,20.0,23.0,21.57,-2.95,-0.12,-1,20.03,16.7,15.43,16.45,18.62,25.85,16.35,26.0,True,False,False
2022-12-07,1670371200,21.2,23.8,20.9,21.57,45300,20.0,1.57,0.08,23.0,24.523,23.78,2.21,0.1,1,21.3,17.51,15.72,16.5,18.64,25.68,16.45,25.85,True,False,False
2022-12-08,1670457600,20.5,24.8,20.5,23.78,80600,23.0,0.78,0.03,24.523,21.57,21.344,-2.44,-0.1,-1,22.57,18.61,16.13,16.6,18.69,25.54,16.5,25.68,True,False,False
2022-12-09,1670544000,22.1,22.2,20.6,21.344,23900,24.523,-3.18,-0.13,21.57,23.78,18.984,-2.36,-0.11,-1,22.84,19.48,16.42,16.65,18.71,25.38,16.6,25.54,True,False,False
2022-12-12,1670803200,21.3,22.0,18.2,18.984,52100,21.57,-2.59,-0.12,23.78,21.344,16.606,-2.38,-0.13,-1,22.04,20.0,16.64,16.67,18.71,25.19,16.65,25.38,True,False,False
2022-12-13,1670889600,17.5,18.8,16.2,16.606,43400,23.78,-7.17,-0.3,21.344,18.984,17.21,0.6,0.04,1,20.46,20.24,16.81,16.64,18.69,24.96,16.67,25.19,True,False,False
2022-12-14,1670976000,18.5,18.5,16.3,17.21,13411,21.344,-4.13,-0.19,18.984,16.606,16.411,-0.8,-0.05,-1,19.58,20.44,17.05,16.62,18.68,24.73,16.64,24.96,True,False,False
2022-12-15,1671062400,17.2,17.2,16.0,16.411,25500,18.984,-2.57,-0.14,16.606,17.21,16.662,0.25,0.02,1,18.11,20.34,17.17,16.6,18.66,24.52,16.62,24.73,True,False,False
2022-12-16,1671148800,16.5,17.0,16.4,16.662,26795,16.606,0.06,0.0,17.21,16.411,16.975,0.31,0.02,1,17.17,20.01,17.32,16.58,18.65,24.32,16.6,24.52,True,False,False
2022-12-19,1671408000,16.8,18.2,16.1,16.975,7910,17.21,-0.23,-0.01,16.411,16.662,15.458,-1.52,-0.09,-1,16.77,19.41,17.48,16.58,18.62,24.11,16.58,24.32,True,False,False
2022-12-20,1671494400,17.0,17.0,14.6,15.458,22821,16.411,-0.95,-0.06,16.662,16.975,14.167,-1.29,-0.08,-1,16.54,18.5,17.6,16.57,18.58,23.9,16.58,24.11,True,False,False
2022-12-21,1671580800,15.1,15.1,13.8,14.167,13500,16.662,-2.49,-0.15,16.975,15.458,14.668,0.5,0.04,1,15.93,17.76,17.63,16.55,18.53,23.7,16.57,23.9,True,False,False
2022-12-22,1671667200,15.0,15.0,14.1,14.668,7300,16.975,-2.31,-0.14,15.458,14.167,14.764,0.1,0.01,1,15.59,16.85,17.73,16.53,18.49,23.5,16.55,23.7,True,False,False
2022-12-23,1671753600,15.0,15.0,14.4,14.764,1400,15.458,-0.69,-0.04,14.167,14.668,13.748,-1.02,-0.07,-1,15.21,16.19,17.84,16.51,18.44,23.3,16.53,23.5,True,False,False
2022-12-26,1672012800,14.1,14.2,13.5,13.748,16100,14.167,-0.42,-0.03,14.668,14.764,14.72,0.97,0.07,1,14.56,15.67,17.83,16.45,18.38,23.11,16.51,23.3,True,False,False
2022-12-27,1672099200,14.5,15.0,14.0,14.72,12802,14.668,0.05,0.0,14.764,13.748,16.4,1.68,0.11,1,14.41,15.48,17.86,16.4,18.33,22.92,16.45,23.11,True,False,False
2022-12-28,1672185600,15.8,16.9,15.7,16.4,5800,14.764,1.64,0.11,13.748,14.72,15.961,-0.44,-0.03,-1,14.86,15.4,17.92,16.37,18.28,22.75,16.4,22.92,True,False,False
2022-12-29,1672272000,16.5,16.5,15.5,15.961,2300,13.748,2.21,0.16,14.72,16.4,15.284,-0.68,-0.04,-1,15.12,15.35,17.85,16.33,18.22,22.57,16.37,22.75,True,False,False
2022-12-30,1672358400,16.0,16.0,14.7,15.284,5700,14.72,0.56,0.04,16.4,15.961,16.656,1.37,0.09,1,15.22,15.21,17.61,16.28,18.14,22.38,16.33,22.57,True,False,False
2023-01-03,1672704000,16.5,17.3,16.3,16.656,12506,16.4,0.26,0.02,15.961,15.284,16.378,-0.28,-0.02,-1,15.8,15.18,17.29,16.24,18.06,22.21,16.28,22.38,True,False,False
2023-01-04,1672790400,16.7,18.0,16.0,16.378,9800,15.961,0.42,0.03,15.284,16.656,15.997,-0.38,-0.02,-1,16.14,15.27,16.89,16.24,17.98,22.03,16.24,22.21,True,False,False
2023-01-05,1672876800,15.8,16.8,15.8,15.997,3400,15.284,0.71,0.05,16.656,16.378,15.127,-0.87,-0.05,-1,16.06,15.46,16.61,16.22,17.89,21.85,16.24,22.03,True,False,False
2023-01-06,1672963200,15.9,16.1,14.8,15.127,19300,16.656,-1.53,-0.09,16.378,15.997,15.112,-0.02,-0.0,-1,15.89,15.5,16.18,16.17,17.8,21.67,16.22,21.85,True,False,False
2023-01-09,1673222400,15.2,15.8,14.9,15.112,4200,16.378,-1.27,-0.08,15.997,15.127,15.019,-0.09,-0.01,-1,15.85,15.54,15.86,16.11,17.72,21.49,16.17,21.67,True,False,False
2023-01-10,1673308800,15.0,15.1,15.0,15.019,5300,15.997,-0.98,-0.06,15.127,15.112,14.834,-0.19,-0.01,-1,15.53,15.67,15.67,16.09,17.65,21.31,16.11,21.49,True,False,False
2023-01-11,1673395200,14.7,16.0,14.7,14.834,3802,15.127,-0.29,-0.02,15.112,15.019,14.689,-0.14,-0.01,-1,15.22,15.68,15.58,16.05,17.57,21.13,16.09,21.31,True,False,False
2023-01-12,1673481600,14.2,14.9,14.1,14.689,1800,15.112,-0.42,-0.03,15.019,14.834,14.936,0.25,0.02,1,14.96,15.51,15.45,16.0,17.5,20.95,16.05,21.13,True,False,False
2023-01-13,1673568000,14.5,15.5,14.5,14.936,1100,15.019,-0.08,-0.01,14.834,14.689,14.451,-0.48,-0.03,-1,14.92,15.4,15.38,15.96,17.43,20.78,16.0,20.95,True,False,False
2023-01-16,1673827200,14.5,14.7,14.1,14.451,3500,14.834,-0.38,-0.03,14.689,14.936,15.25,0.8,0.06,1,14.79,15.32,15.27,15.94,17.35,20.61,15.96,20.78,True,False,False
2023-01-17,1673913600,14.7,15.8,14.7,15.25,220,14.689,0.56,0.04,14.936,14.451,15.996,0.75,0.05,1,14.83,15.18,15.18,15.93,17.29,20.43,15.94,20.61,True,False,False
2023-01-18,1674000000,15.8,17.0,15.6,15.996,21800,14.936,1.06,0.07,14.451,15.25,16.466,0.47,0.03,1,15.06,15.14,15.21,15.96,17.23,20.27,15.93,20.43,True,False,False
2023-01-19,1674086400,16.7,16.7,15.8,16.466,8800,14.451,2.02,0.14,15.25,15.996,16.592,0.13,0.01,1,15.42,15.19,15.32,15.97,17.19,20.12,15.96,20.27,True,False,False
2023-01-27,1674777600,16.5,17.7,16.5,16.592,1300,15.25,1.34,0.09,15.996,16.466,16.319,-0.27,-0.02,-1,15.75,15.33,15.42,15.99,17.14,19.97,15.97,20.12,True,False,False
2023-01-30,1675036800,16.4,16.7,16.2,16.319,15002,15.996,0.32,0.02,16.466,16.592,15.8,-0.52,-0.03,-1,16.12,15.46,15.5,16.0,17.09,19.83,15.99,19.97,True,False,False
2023-01-31,1675123200,16.3,16.3,15.6,15.8,6700,16.466,-0.67,-0.04,16.592,16.319,15.784,-0.02,-0.0,-1,16.23,15.53,15.6,16.03,17.04,19.71,16.0,19.83,True,False,False
2023-02-01,1675209600,16.0,16.9,15.3,15.784,1900,16.592,-0.81,-0.05,16.319,15.8,15.311,-0.47,-0.03,-1,16.19,15.63,15.65,16.08,16.99,19.6,16.03,19.71,True,False,False
2023-02-02,1675296000,15.6,15.6,15.0,15.311,3800,16.319,-1.01,-0.06,15.8,15.784,15.317,0.01,0.0,1,15.96,15.69,15.6,16.14,16.93,19.49,16.08,19.6,True,False,False
2023-02-03,1675382400,15.5,15.5,15.3,15.317,2400,15.8,-0.48,-0.03,15.784,15.311,15.417,0.1,0.01,1,15.71,15.73,15.57,16.16,16.89,19.38,16.14,19.49,True,False,False
2023-02-06,1675641600,15.8,15.8,14.5,15.417,1200,15.784,-0.37,-0.02,15.311,15.317,15.247,-0.17,-0.01,-1,15.53,15.83,15.57,16.2,16.83,19.29,16.16,19.38,True,False,False
2023-02-07,1675728000,15.4,15.9,14.5,15.247,3400,15.311,-0.06,-0.0,15.317,15.417,16.142,0.89,0.06,1,15.42,15.82,15.5,16.23,16.77,19.21,16.2,19.29,True,False,False
2023-02-08,1675814400,16.2,16.2,15.7,16.142,1900,15.317,0.82,0.05,15.417,15.247,16.1,-0.04,-0.0,-1,15.49,15.84,15.49,16.29,16.72,19.14,16.23,19.21,True,False,False
2023-02-09,1675900800,16.1,16.1,16.1,16.1,0,15.417,0.68,0.04,15.247,16.142,15.135,-0.97,-0.06,-1,15.64,15.8,15.5,16.34,16.67,19.1,16.29,19.14,True,False,False
2023-02-10,1675987200,14.5,16.1,14.5,15.135,2600,15.247,-0.11,-0.01,16.142,16.1,14.268,-0.87,-0.06,-1,15.61,15.66,15.5,16.39,16.62,19.04,16.34,19.1,True,False,False
2023-02-13,1676246400,14.5,14.6,14.0,14.268,8500,16.142,-1.87,-0.12,16.1,15.135,14.441,0.17,0.01,1,15.38,15.45,15.45,16.42,16.55,18.98,16.39,19.04,True,False,False
2023-02-14,1676332800,16.3,16.3,14.3,14.441,4400,16.1,-1.66,-0.1,15.135,14.268,14.922,0.48,0.03,1,15.22,15.32,15.42,16.44,16.49,18.92,16.42,18.98,True,False,False
2023-02-15,1676419200,14.3,16.3,14.3,14.922,10400,15.135,-0.21,-0.01,14.268,14.441,15.393,0.47,0.03,1,14.97,15.23,15.43,16.45,16.44,18.85,16.44,18.92,True,False,False
2023-02-16,1676505600,15.0,15.5,15.0,15.393,2700,14.268,1.12,0.08,14.441,14.922,15.082,-0.31,-0.02,-1,14.83,15.24,15.46,16.45,16.4,18.79,16.45,18.85,True,False,False
2023-02-17,1676592000,14.5,15.8,14.5,15.082,11400,14.441,0.64,0.04,14.922,15.393,15.714,0.63,0.04,1,14.82,15.21,15.47,16.41,16.35,18.72,16.45,18.79,True,False,False
2023-02-20,1676851200,15.1,16.0,14.7,15.714,14700,14.922,0.79,0.05,15.393,15.082,16.151,0.44,0.03,1,15.11,15.24,15.53,16.32,16.3,18.66,16.41,18.72,True,False,False
2023-02-21,1676937600,16.9,16.9,15.7,16.151,13402,15.393,0.76,0.05,15.082,15.714,15.8,-0.35,-0.02,-1,15.45,15.33,15.58,16.19,16.27,18.6,16.32,18.66,True,False,False
2023-02-22,1677024000,15.8,15.8,15.8,15.8,7200,15.082,0.72,0.05,15.714,16.151,14.838,-0.96,-0.06,-1,15.63,15.3,15.57,16.01,16.23,18.55,16.19,18.6,True,False,False
2023-02-23,1677110400,15.0,15.1,14.6,14.838,6500,15.714,-0.88,-0.06,16.151,15.8,15.554,0.72,0.05,1,15.52,15.17,15.49,15.88,16.19,18.51,16.01,18.55,True,False,False
2023-02-24,1677196800,15.0,15.8,15.0,15.554,3500,16.151,-0.6,-0.04,15.8,14.838,14.169,-1.38,-0.09,-1,15.61,15.22,15.44,15.71,16.16,18.49,15.88,18.51,True,False,False
2023-02-27,1677456000,13.3,15.0,13.3,14.169,10300,15.8,-1.63,-0.1,14.838,15.554,13.505,-0.66,-0.05,-1,15.3,15.21,15.33,15.57,16.11,18.44,15.71,18.49,True,False,False
2023-02-28,1677542400,12.5,15.8,12.5,13.505,5800,14.838,-1.33,-0.09,15.554,14.169,13.723,0.22,0.02,1,14.77,15.11,15.21,15.46,16.06,18.37,15.57,18.44,True,False,False
2023-03-01,1677628800,12.6,14.0,12.6,13.723,9100,15.554,-1.83,-0.12,14.169,13.505,13.671,-0.05,-0.0,-1,14.36,14.99,15.11,15.4,16.02,18.32,15.46,18.37,True,False,False
2023-03-02,1677715200,13.6,14.0,13.5,13.671,4100,14.169,-0.5,-0.04,13.505,13.723,13.529,-0.14,-0.01,-1,14.12,14.82,15.03,15.33,15.98,18.27,15.4,18.32,True,False,False
2023-03-03,1677801600,13.6,13.7,13.5,13.529,8000,13.505,0.02,0.0,13.723,13.671,14.171,0.64,0.05,1,13.72,14.67,14.94,15.27,15.93,18.21,15.33,18.27,True,False,False
2023-03-06,1678060800,14.9,14.9,13.6,14.171,2800,13.723,0.45,0.03,13.671,13.529,14.044,-0.13,-0.01,-1,13.72,14.51,14.88,15.22,15.9,18.14,15.27,18.21,True,False,False
2023-03-07,1678147200,14.6,14.7,13.9,14.044,3400,13.671,0.37,0.03,13.529,14.171,14.167,0.12,0.01,1,13.83,14.3,14.82,15.16,15.87,18.09,15.22,18.14,True,False,False
2023-03-08,1678233600,14.0,14.2,14.0,14.167,600,13.529,0.64,0.05,14.171,14.044,14.2,0.03,0.0,1,13.92,14.14,14.72,15.14,15.85,18.04,15.16,18.09,True,False,False
2023-03-09,1678320000,14.2,14.2,14.2,14.2,0,14.171,0.03,0.0,14.044,14.167,14.2,0.0,0.0,-1,14.02,14.07,14.62,15.14,15.84,17.99,15.14,18.04,True,False,False
2023-03-10,1678406400,14.2,14.2,14.2,14.2,2000,14.044,0.16,0.01,14.167,14.2,14.2,0.0,0.0,-1,14.16,13.94,14.58,15.13,15.83,17.95,15.14,17.99,True,False,False
2023-03-13,1678665600,14.2,14.2,14.2,14.2,0,14.167,0.03,0.0,14.2,14.2,14.2,0.0,0.0,-1,14.16,13.94,14.57,15.12,15.81,17.9,15.13,17.95,True,False,False
2023-03-14,1678752000,14.2,14.2,14.2,14.2,0,14.2,0.0,0.0,14.2,14.2,14.325,0.12,0.01,1,14.19,14.01,14.56,15.13,15.79,17.85,15.12,17.9,True,False,False
2023-03-15,1678838400,13.5,14.5,13.5,14.325,10200,14.2,0.12,0.01,14.2,14.2,14.7,0.38,0.03,1,14.22,14.07,14.53,15.12,15.76,17.81,15.13,17.85,True,False,False
2023-03-16,1678924800,14.7,14.7,14.7,14.7,400,14.2,0.5,0.04,14.2,14.325,14.7,0.0,0.0,-1,14.32,14.17,14.5,15.09,15.73,17.76,15.12,17.81,True,False,False
2023-03-17,1679011200,14.7,14.7,14.7,14.7,0,14.2,0.5,0.04,14.325,14.7,13.66,-1.04,-0.07,-1,14.42,14.29,14.48,15.06,15.69,17.71,15.09,17.76,True,False,False
2023-03-20,1679270400,14.5,14.5,13.5,13.66,2500,14.325,-0.66,-0.05,14.7,14.7,13.95,0.29,0.02,1,14.32,14.24,14.38,15.03,15.65,17.66,15.06,17.71,True,False,False
2023-03-21,1679356800,14.9,14.9,13.3,13.95,1400,14.7,-0.75,-0.05,14.7,13.66,14.091,0.14,0.01,1,14.27,14.23,14.27,14.97,15.61,17.62,15.03,17.66,True,False,False
2023-03-22,1679443200,13.9,14.5,13.9,14.091,2200,14.7,-0.61,-0.04,13.66,13.95,13.72,-0.37,-0.03,-1,14.22,14.22,14.18,14.93,15.58,17.57,14.97,17.62,True,False,False
2023-03-23,1679529600,13.6,14.0,13.6,13.72,500,13.66,0.06,0.0,13.95,14.091,13.551,-0.17,-0.01,-1,14.02,14.17,14.12,14.88,15.55,17.53,14.93,17.57,True,False,False
2023-03-24,1679616000,13.7,13.8,13.5,13.551,5500,13.95,-0.4,-0.03,14.091,13.72,13.621,0.07,0.01,1,13.79,14.11,14.02,14.85,15.51,17.48,14.88,17.53,True,False,False
2023-03-27,1679875200,13.7,13.7,13.6,13.621,6800,14.091,-0.47,-0.03,13.72,13.551,13.606,-0.02,-0.0,-1,13.79,14.05,14.0,14.82,15.47,17.44,14.85,17.48,True,False,False
2023-03-28,1679961600,13.1,13.9,13.0,13.606,6200,13.72,-0.11,-0.01,13.551,13.621,13.53,-0.08,-0.01,-1,13.72,13.99,14.0,14.79,15.44,17.4,14.82,17.44,True,False,False
2023-03-29,1680048000,13.5,13.6,13.5,13.53,2000,13.551,-0.02,-0.0,13.621,13.606,14.111,0.58,0.04,1,13.61,13.91,13.99,14.77,15.41,17.35,14.79,17.4,True,False,False
2023-03-30,1680134400,13.6,14.5,13.4,14.111,16100,13.621,0.49,0.04,13.606,13.53,14.243,0.13,0.01,1,13.68,13.85,14.01,14.76,15.38,17.32,14.77,17.35,True,False,False
2023-03-31,1680220800,14.3,14.3,14.2,14.243,1400,13.606,0.64,0.05,13.53,14.111,14.601,0.36,0.03,1,13.82,13.81,14.05,14.74,15.35,17.29,14.76,17.32,True,False,False
2023-04-03,1680480000,14.2,15.0,14.0,14.601,12400,13.53,1.07,0.08,14.111,14.243,14.619,0.02,0.0,1,14.02,13.9,14.07,14.74,15.34,17.27,14.74,17.29,True,False,False
2023-04-04,1680566400,14.5,15.0,14.4,14.619,15100,14.111,0.51,0.04,14.243,14.601,14.031,-0.59,-0.04,-1,14.22,13.97,14.1,14.73,15.33,17.26,14.74,17.27,True,False,False
2023-04-05,1680652800,14.0,14.9,13.5,14.031,28800,14.243,-0.21,-0.01,14.601,14.619,14.746,0.71,0.05,1,14.32,13.96,14.09,14.69,15.32,17.25,14.73,17.26,True,False,False
2023-04-06,1680739200,14.9,15.0,14.4,14.746,17800,14.601,0.14,0.01,14.619,14.031,13.87,-0.88,-0.06,-1,14.45,14.07,14.12,14.66,15.31,17.25,14.69,17.25,True,False,False
2023-04-07,1680825600,15.0,15.0,13.6,13.87,5600,14.619,-0.75,-0.05,14.031,14.746,14.252,0.38,0.03,1,14.37,14.1,14.1,14.6,15.3,17.25,14.66,17.25,True,False,False
2023-04-10,1681084800,14.8,15.0,13.9,14.252,14606,14.031,0.22,0.02,14.746,13.87,13.861,-0.39,-0.03,-1,14.3,14.16,14.11,14.56,15.28,17.25,14.6,17.25,True,False,False
2023-04-11,1681171200,14.2,14.2,13.6,13.861,3100,14.746,-0.88,-0.06,13.87,14.252,13.833,-0.03,-0.0,-1,14.15,14.19,14.09,14.52,15.28,17.24,14.56,17.25,True,False,False
2023-04-12,1681257600,13.9,14.4,13.8,13.833,3900,13.87,-0.04,-0.0,14.252,13.861,13.533,-0.3,-0.02,-1,14.11,14.22,14.06,14.48,15.28,17.22,14.52,17.24,True,False,False
2023-04-13,1681344000,13.6,14.0,13.5,13.533,3904,14.252,-0.72,-0.05,13.861,13.833,13.073,-0.46,-0.03,-1,13.87,14.16,14.01,14.45,15.29,17.21,14.48,17.22,True,False,False
2023-04-14,1681430400,13.5,13.8,12.6,13.073,10200,13.861,-0.79,-0.06,13.833,13.533,13.044,-0.03,-0.0,-1,13.71,14.04,13.93,14.4,15.28,17.18,14.45,17.21,True,False,False
2023-04-17,1681689600,13.0,13.4,12.6,13.044,900,13.833,-0.79,-0.06,13.533,13.073,13.535,0.49,0.04,1,13.47,13.89,13.89,14.36,15.28,17.14,14.4,17.18,True,False,False
2023-04-18,1681776000,13.5,14.0,13.3,13.535,6600,13.533,0.0,0.0,13.073,13.044,15.359,1.82,0.13,1,13.4,13.78,13.87,14.32,15.28,17.09,14.36,17.14,True,False,False
2023-04-19,1681862400,14.0,15.5,14.0,15.359,61140,13.073,2.29,0.18,13.044,13.535,17.679,2.32,0.15,1,13.71,13.91,13.94,14.31,15.3,17.07,14.32,17.09,True,False,False
2023-04-20,1681948800,17.5,17.7,17.5,17.679,9553,13.044,4.63,0.35,13.535,15.359,19.598,1.92,0.11,1,14.54,14.2,14.13,14.34,15.34,17.06,14.31,17.07,True,False,False
2023-04-21,1682035200,20.3,20.3,18.0,19.598,206646,13.535,6.06,0.45,15.359,17.679,18.97,-0.63,-0.03,-1,15.84,14.78,14.44,14.43,15.41,17.06,14.34,17.06,True,False,False
2023-04-24,1682294400,20.0,20.0,18.5,18.97,31804,15.359,3.61,0.24,17.679,19.598,18.38,-0.59,-0.03,-1,17.03,15.25,14.7,14.52,15.47,17.07,14.43,17.06,True,False,False
2023-04-25,1682380800,19.0,20.0,18.0,18.38,58300,17.679,0.7,0.04,19.598,18.97,18.008,-0.37,-0.02,-1,18.0,15.7,14.94,14.6,15.52,17.07,14.52,17.07,True,False,False
2023-04-26,1682467200,18.4,18.9,17.6,18.008,25200,19.598,-1.59,-0.08,18.97,18.38,18.054,0.05,0.0,1,18.53,16.12,15.17,14.66,15.56,17.06,14.6,17.07,True,False,False
2023-04-27,1682553600,18.0,18.5,17.9,18.054,11906,18.97,-0.92,-0.05,18.38,18.008,17.918,-0.14,-0.01,-1,18.6,16.57,15.36,14.72,15.59,17.06,14.66,17.06,True,False,False
2023-04-28,1682640000,18.4,18.4,17.0,17.918,12500,18.38,-0.46,-0.03,18.008,18.054,17.064,-0.85,-0.05,-1,18.27,17.05,15.55,14.77,15.59,17.05,14.72,17.06,True,False,False
2023-05-04,1683158400,19.0,19.0,16.5,17.064,18000,18.008,-0.94,-0.05,18.054,17.918,17.404,0.34,0.02,1,17.88,17.46,15.67,14.8,15.56,17.05,14.77,17.05,True,False,False
2023-05-05,1683244800,17.0,18.0,16.7,17.404,15409,18.054,-0.65,-0.04,17.918,17.064,17.0,-0.4,-0.02,-1,17.69,17.84,15.81,14.82,15.5,17.04,14.8,17.05,True,False,False
2023-05-08,1683504000,17.2,17.2,16.7,17.0,9903,17.918,-0.92,-0.05,17.064,17.404,16.903,-0.1,-0.01,-1,17.49,18.01,15.96,14.85,15.43,17.02,14.82,17.04,True,False,False
2023-05-09,1683590400,18.0,18.0,16.6,16.903,10100,17.064,-0.16,-0.01,17.404,17.0,16.942,0.04,0.0,1,17.26,17.93,16.07,14.89,15.38,17.01,14.85,17.02,True,False,False
2023-05-10,1683676800,16.8,17.4,16.6,16.942,5700,17.404,-0.46,-0.03,17.0,16.903,17.325,0.38,0.02,1,17.06,17.66,16.22,14.92,15.31,17.0,14.89,17.01,True,False,False
2023-05-11,1683763200,17.4,17.5,17.0,17.325,12100,17.0,0.32,0.02,16.903,16.942,17.689,0.36,0.02,1,17.11,17.5,16.37,14.98,15.27,16.99,14.92,17.0,True,False,False
2023-05-12,1683849600,17.3,18.2,17.0,17.689,15827,16.903,0.79,0.05,16.942,17.325,17.793,0.1,0.01,1,17.17,17.43,16.57,15.06,15.26,16.99,14.98,16.99,True,False,False
2023-05-15,1684108800,18.0,18.0,17.7,17.793,7000,16.942,0.85,0.05,17.325,17.689,17.657,-0.14,-0.01,-1,17.33,17.41,16.76,15.15,15.27,16.98,15.06,16.99,True,False,False
2023-05-16,1684195200,17.8,17.9,17.1,17.657,4600,17.325,0.33,0.02,17.689,17.793,16.928,-0.73,-0.04,-1,17.48,17.37,16.97,15.23,15.28,16.98,15.15,16.98,True,False,False
2023-05-17,1684281600,17.9,17.9,16.9,16.928,4000,17.689,-0.76,-0.04,17.793,17.657,17.162,0.23,0.01,1,17.48,17.27,17.16,15.29,15.28,16.97,15.23,16.98,True,False,False
2023-05-18,1684368000,16.9,17.5,16.7,17.162,5000,17.793,-0.63,-0.04,17.657,16.928,17.795,0.63,0.04,1,17.45,17.28,17.37,15.35,15.29,16.97,15.29,16.97,True,False,False
2023-05-19,1684454400,17.0,18.0,17.0,17.795,14100,17.657,0.14,0.01,16.928,17.162,19.122,1.33,0.07,1,17.47,17.32,17.58,15.43,15.3,16.96,15.35,16.97,True,False,False
2023-05-22,1684713600,17.8,19.7,17.8,19.122,34800,16.928,2.19,0.13,17.162,17.795,19.163,0.04,0.0,1,17.73,17.53,17.77,15.53,15.33,16.96,15.43,16.96,True,False,False
2023-05-23,1684800000,20.8,20.8,18.5,19.163,10406,17.162,2.0,0.12,17.795,19.122,18.27,-0.89,-0.05,-1,18.03,17.76,17.84,15.63,15.38,16.96,15.53,16.96,True,False,False
2023-05-24,1684886400,19.5,19.5,18.1,18.27,14000,17.795,0.47,0.03,19.122,19.163,18.097,-0.17,-0.01,-1,18.3,17.89,17.78,15.71,15.42,16.95,15.63,16.96,True,False,False
2023-05-25,1684972800,17.8,18.8,17.8,18.097,3900,19.122,-1.02,-0.05,19.163,18.27,17.222,-0.88,-0.05,-1,18.49,17.97,17.73,15.79,15.45,16.95,15.71,16.95,True,False,False
2023-05-26,1685059200,17.5,18.7,17.0,17.222,10100,19.163,-1.94,-0.1,18.27,18.097,18.789,1.57,0.09,1,18.37,17.92,17.68,15.85,15.49,16.93,15.79,16.95,True,False,False
2023-05-29,1685318400,18.8,19.1,18.5,18.789,30000,18.27,0.52,0.03,18.097,17.222,19.381,0.59,0.03,1,18.31,18.02,17.71,15.94,15.53,16.93,15.85,16.93,True,False,False
2023-05-30,1685404800,19.5,19.7,18.2,19.381,5200,18.097,1.28,0.07,17.222,18.789,18.538,-0.84,-0.04,-1,18.35,18.19,17.78,16.03,15.56,16.92,15.94,16.93,True,False,False
2023-05-31,1685491200,17.7,19.0,17.7,18.538,8207,17.222,1.32,0.08,18.789,19.381,18.392,-0.15,-0.01,-1,18.41,18.35,17.81,16.11,15.58,16.9,16.03,16.92,True,False,False
2023-06-01,1685577600,18.6,18.9,18.1,18.392,7801,18.789,-0.4,-0.02,19.381,18.538,18.14,-0.25,-0.01,-1,18.46,18.48,17.88,16.2,15.61,16.88,16.11,16.9,True,False,False
2023-06-02,1685664000,18.5,18.5,17.8,18.14,32500,19.381,-1.24,-0.06,18.538,18.392,17.832,-0.31,-0.02,-1,18.65,18.51,17.92,16.28,15.63,16.84,16.2,16.88,True,False,False
2023-06-05,1685923200,18.0,18.4,17.5,17.832,10101,18.538,-0.71,-0.04,18.392,18.14,18.189,0.36,0.02,1,18.46,18.38,17.96,16.36,15.64,16.81,16.28,16.84,True,False,False
2023-06-06,1686009600,17.8,18.9,17.8,18.189,13100,18.392,-0.2,-0.01,18.14,17.832,18.639,0.45,0.02,1,18.22,18.29,18.02,16.45,15.67,16.78,16.36,16.81,True,False,False
2023-06-07,1686096000,18.5,19.1,18.3,18.639,15500,18.14,0.5,0.03,17.832,18.189,19.605,0.97,0.05,1,18.24,18.32,18.11,16.55,15.7,16.75,16.45,16.78,True,False,False
2023-06-08,1686182400,18.7,21.2,18.1,19.605,21100,17.832,1.77,0.1,18.189,18.639,19.478,-0.13,-0.01,-1,18.48,18.47,18.22,16.67,15.75,16.73,16.55,16.75,True,False,False
2023-06-09,1686268800,19.5,20.3,18.7,19.478,16000,18.189,1.29,0.07,18.639,19.605,18.974,-0.5,-0.03,-1,18.75,18.7,18.31,16.79,15.79,16.72,16.67,16.73,True,True,True
2023-06-12,1686528000,18.7,19.1,18.4,18.974,3100,18.639,0.34,0.02,19.605,19.478,18.359,-0.61,-0.03,-1,18.98,18.72,18.37,16.9,15.83,16.7,16.79,16.72,False,True,False
2023-06-13,1686614400,18.5,18.8,18.0,18.359,8200,19.605,-1.25,-0.06,19.478,18.974,18.528,0.17,0.01,1,19.01,18.61,18.4,16.98,15.87,16.68,16.9,16.7,False,True,False
2023-06-14,1686700800,18.7,18.7,18.3,18.528,7800,19.478,-0.95,-0.05,18.974,18.359,18.527,-0.0,-0.0,-1,18.99,18.61,18.48,17.07,15.9,16.67,16.98,16.68,False,True,False
2023-06-15,1686787200,18.5,18.6,18.5,18.527,1100,18.974,-0.45,-0.02,18.359,18.528,18.409,-0.12,-0.01,-1,18.77,18.63,18.55,17.15,15.94,16.65,17.07,16.67,False,True,False
2023-06-16,1686873600,18.8,18.8,18.4,18.409,4604,18.359,0.05,0.0,18.528,18.527,18.255,-0.15,-0.01,-1,18.56,18.65,18.58,17.22,15.98,16.63,17.15,16.65,False,True,False
2023-06-19,1687132800,18.4,18.4,18.2,18.255,1100,18.528,-0.27,-0.01,18.527,18.409,18.026,-0.23,-0.01,-1,18.42,18.7,18.54,17.31,16.0,16.62,17.22,16.63,False,True,False
2023-06-20,1687219200,20.7,20.7,17.1,18.026,2721,18.527,-0.5,-0.03,18.409,18.255,18.261,0.23,0.01,1,18.35,18.68,18.48,17.37,16.01,16.6,17.31,16.62,False,True,False
2023-06-21,1687305600,18.0,18.5,18.0,18.261,2800,18.409,-0.15,-0.01,18.255,18.026,18.28,0.02,0.0,1,18.3,18.64,18.48,17.46,16.03,16.58,17.37,16.6,False,True,False
2023-06-22,1687392000,18.5,18.5,18.1,18.28,1501,18.255,0.03,0.0,18.026,18.261,18.481,0.2,0.01,1,18.25,18.51,18.49,17.54,16.05,16.57,17.46,16.58,False,True,False
2023-06-23,1687478400,19.2,19.2,18.2,18.481,2600,18.026,0.46,0.03,18.261,18.28,17.816,-0.67,-0.04,-1,18.26,18.41,18.55,17.63,16.08,16.56,17.54,16.57,False,True,False
2023-06-26,1687737600,18.3,18.4,17.0,17.816,8020,18.261,-0.45,-0.02,18.28,18.481,17.829,0.01,0.0,1,18.17,18.29,18.51,17.71,16.1,16.54,17.63,16.56,False,True,False
2023-06-27,1687824000,17.8,18.4,17.8,17.829,2100,18.28,-0.45,-0.02,18.481,17.816,18.389,0.56,0.03,1,18.13,18.24,18.43,17.8,16.12,16.53,17.71,16.54,False,True,False
2023-06-28,1687910400,18.6,18.6,17.9,18.389,3500,18.481,-0.09,-0.0,17.816,17.829,18.465,0.08,0.0,1,18.16,18.23,18.42,17.9,16.15,16.52,17.8,16.53,False,True,False
2023-06-29,1687996800,18.4,18.5,17.3,18.465,6000,17.816,0.65,0.04,17.829,18.389,17.365,-1.1,-0.06,-1,18.2,18.22,18.42,18.01,16.18,16.51,17.9,16.52,False,True,False
2023-06-30,1688083200,18.6,18.6,17.3,17.365,2000,17.829,-0.46,-0.03,18.389,18.465,18.775,1.41,0.08,1,17.97,18.12,18.39,18.09,16.21,16.49,18.01,16.51,False,True,False
2023-07-03,1688342400,17.5,19.2,17.5,18.775,800,18.389,0.39,0.02,18.465,17.365,18.75,-0.02,-0.0,-1,18.16,18.17,18.43,18.16,16.23,16.47,18.09,16.49,False,True,False
2023-07-04,1688428800,18.8,18.8,18.7,18.75,200,18.465,0.29,0.02,17.365,18.775,18.139,-0.61,-0.03,-1,18.35,18.24,18.46,18.18,16.26,16.46,18.16,16.47,False,True,False
2023-07-05,1688515200,17.8,18.7,17.5,18.139,4400,17.365,0.77,0.04,18.775,18.75,17.895,-0.24,-0.01,-1,18.3,18.23,18.44,18.15,16.29,16.45,18.18,16.46,False,True,False
2023-07-06,1688601600,19.4,19.4,17.5,17.895,4100,18.775,-0.88,-0.05,18.75,18.139,17.96,0.07,0.0,1,18.18,18.19,18.35,18.13,16.32,16.44,18.15,16.45,False,True,False
2023-07-07,1688688000,18.5,18.5,17.9,17.96,1000,18.75,-0.79,-0.04,18.139,17.895,18.002,0.04,0.0,1,18.3,18.14,18.27,18.12,16.36,16.43,18.13,16.44,False,True,False
2023-07-10,1688947200,18.0,18.8,17.9,18.002,5700,18.139,-0.14,-0.01,17.895,17.96,18.325,0.32,0.02,1,18.15,18.16,18.23,18.12,16.39,16.42,18.12,16.43,False,True,False
2023-07-11,1689033600,19.0,19.0,17.6,18.325,3200,17.895,0.43,0.02,17.96,18.002,17.884,-0.44,-0.02,-1,18.06,18.21,18.22,18.12,16.42,16.41,18.12,16.42,False,True,False
2023-07-12,1689120000,17.5,18.4,17.5,17.884,1900,17.96,-0.08,-0.0,18.002,18.325,17.859,-0.02,-0.0,-1,18.01,18.16,18.19,18.12,16.45,16.4,18.12,16.41,False,True,False
2023-07-13,1689206400,18.3,18.3,17.2,17.859,3400,18.002,-0.14,-0.01,18.325,17.884,17.918,0.06,0.0,1,18.01,18.1,18.16,18.14,16.47,16.38,18.12,16.4,False,True,False
2023-07-14,1689292800,17.8,18.0,17.8,17.918,3400,18.325,-0.41,-0.02,17.884,17.859,17.488,-0.43,-0.02,-1,18.0,18.15,18.13,18.15,16.49,16.38,18.14,16.38,False,True,False
2023-07-17,1689552000,18.0,18.5,17.1,17.488,4900,17.884,-0.4,-0.02,17.859,17.918,18.091,0.6,0.03,1,17.89,18.02,18.1,18.16,16.5,16.37,18.15,16.38,False,True,False
2023-07-18,1689638400,18.3,18.3,18.0,18.091,1100,17.859,0.23,0.01,17.918,17.488,17.9,-0.19,-0.01,-1,17.85,17.96,18.1,18.18,16.54,16.36,18.16,16.37,False,True,False
2023-07-19,1689724800,18.1,18.1,17.5,17.9,4900,17.918,-0.02,-0.0,17.488,18.091,17.157,-0.74,-0.04,-1,17.85,17.93,18.08,18.2,16.56,16.36,18.18,16.36,False,True,False
2023-07-20,1689811200,17.2,17.5,16.9,17.157,14300,17.488,-0.33,-0.02,18.091,17.9,18.234,1.08,0.06,1,17.71,17.86,18.02,18.2,16.59,16.35,18.2,16.36,False,True,False
2023-07-21,1689897600,16.8,18.5,16.8,18.234,5000,18.091,0.14,0.01,17.9,17.157,17.65,-0.58,-0.03,-1,17.77,17.89,18.01,18.21,16.64,16.35,18.2,16.35,False,True,False
2023-07-24,1690156800,17.5,18.2,17.5,17.65,11400,17.9,-0.25,-0.01,17.157,18.234,17.891,0.24,0.01,1,17.81,17.85,18.0,18.21,16.68,16.35,18.21,16.35,False,True,False
2023-07-25,1690243200,17.3,18.0,17.3,17.891,1100,17.157,0.73,0.04,18.234,17.65,17.642,-0.25,-0.01,-1,17.77,17.81,18.01,18.21,16.72,16.35,18.21,16.35,False,True,False
2023-07-26,1690329600,17.6,18.0,17.5,17.642,4500,18.234,-0.59,-0.03,17.65,17.891,17.218,-0.42,-0.02,-1,17.71,17.78,17.97,18.23,16.76,16.35,18.21,16.35,False,True,False
2023-07-27,1690416000,17.4,18.0,17.0,17.218,19000,17.65,-0.43,-0.02,17.891,17.642,17.633,0.41,0.02,1,17.73,17.72,17.91,18.23,16.79,16.35,18.23,16.35,False,True,False
2023-07-28,1690502400,18.2,18.5,17.3,17.633,29700,17.891,-0.26,-0.01,17.642,17.218,18.011,0.38,0.02,1,17.61,17.69,17.92,18.22,16.83,16.35,18.23,16.35,False,True,False
2023-07-31,1690761600,18.5,18.6,17.6,18.011,11500,17.642,0.37,0.02,17.218,17.633,17.787,-0.22,-0.01,-1,17.68,17.74,17.88,18.2,16.86,16.36,18.22,16.35,False,True,False
2023-08-01,1690848000,18.0,18.3,17.7,17.787,6189,17.218,0.57,0.03,17.633,18.011,17.513,-0.27,-0.02,-1,17.66,17.71,17.83,18.17,16.9,16.37,18.2,16.36,False,True,False
2023-08-02,1690934400,17.5,17.6,17.5,17.513,3800,17.633,-0.12,-0.01,18.011,17.787,17.524,0.01,0.0,1,17.63,17.67,17.8,18.16,16.93,16.38,18.17,16.37,False,True,False
2023-08-03,1691020800,17.5,18.0,17.5,17.524,2100,18.011,-0.49,-0.03,17.787,17.513,17.59,0.07,0.0,1,17.69,17.71,17.78,18.15,16.97,16.39,18.16,16.38,False,True,False
2023-08-04,1691107200,17.5,18.0,17.4,17.59,12300,17.787,-0.2,-0.01,17.513,17.524,18.237,0.65,0.04,1,17.68,17.65,17.77,18.16,17.0,16.39,18.15,16.39,False,True,False
2023-08-07,1691366400,17.6,19.2,17.6,18.237,43500,17.513,0.72,0.04,17.524,17.59,18.171,-0.07,-0.0,-1,17.73,17.7,17.78,18.14,17.04,16.4,18.16,16.39,False,True,False
2023-08-08,1691452800,18.5,18.5,18.0,18.171,13000,17.524,0.65,0.04,17.59,18.237,18.006,-0.16,-0.01,-1,17.81,17.73,17.77,18.12,17.07,16.4,18.14,16.4,False,True,False
2023-08-09,1691539200,18.1,19.0,17.5,18.006,9300,17.59,0.42,0.02,18.237,18.171,18.056,0.05,0.0,1,17.91,17.77,17.78,18.11,17.11,16.4,18.12,16.4,False,True,False
2023-08-10,1691625600,17.5,18.3,17.5,18.056,7205,18.237,-0.18,-0.01,18.171,18.006,17.803,-0.25,-0.01,-1,18.01,17.85,17.79,18.1,17.15,16.4,18.11,16.4,False,True,False
2023-08-11,1691712000,18.2,18.2,17.5,17.803,3300,18.171,-0.37,-0.02,18.006,18.056,19.811,2.01,0.11,1,18.05,17.87,17.78,18.1,17.19,16.4,18.1,16.4,False,True,False
2023-08-14,1691971200,17.9,20.4,17.9,19.811,62145,18.006,1.8,0.1,18.056,17.803,22.692,2.88,0.15,1,18.37,18.05,17.9,18.14,17.25,16.41,18.1,16.4,False,True,False
2023-08-15,1692057600,22.0,22.7,22.0,22.692,97836,18.056,4.64,0.26,17.803,19.811,22.172,-0.52,-0.02,-1,19.27,18.54,18.13,18.23,17.34,16.44,18.14,16.41,False,True,False
2023-08-16,1692144000,25.8,25.8,20.0,22.172,102524,17.803,4.37,0.25,19.811,22.692,21.832,-0.34,-0.02,-1,20.11,19.01,18.34,18.3,17.42,16.47,18.23,16.44,False,True,False
2023-08-17,1692230400,22.2,23.0,21.0,21.832,47900,19.811,2.02,0.1,22.692,22.172,19.446,-2.39,-0.11,-1,20.86,19.44,18.57,18.34,17.51,16.49,18.3,16.47,False,True,False
2023-08-18,1692316800,19.5,21.7,18.6,19.446,59513,22.692,-3.25,-0.14,22.172,21.832,19.244,-0.2,-0.01,-1,21.19,19.62,18.63,18.34,17.56,16.5,18.34,16.49,False,True,False
2023-08-21,1692576000,20.3,20.3,18.7,19.244,29926,22.172,-2.93,-0.13,21.832,19.446,18.807,-0.44,-0.02,-1,21.08,19.72,18.71,18.35,17.62,16.51,18.34,16.5,False,True,False
2023-08-22,1692662400,20.2,20.2,18.2,18.807,32300,21.832,-3.03,-0.14,19.446,19.244,18.701,-0.11,-0.01,-1,20.3,19.79,18.76,18.35,17.67,16.52,18.35,16.51,False,True,False
2023-08-23,1692748800,18.9,19.4,18.2,18.701,9800,19.446,-0.75,-0.04,19.244,18.807,18.608,-0.09,-0.0,-1,19.61,19.86,18.81,18.36,17.71,16.53,18.35,16.52,False,True,False
2023-08-24,1692835200,19.6,19.6,18.0,18.608,52001,19.244,-0.64,-0.03,18.807,18.701,18.436,-0.17,-0.01,-1,18.96,19.91,18.88,18.36,17.75,16.55,18.36,16.53,False,True,False
2023-08-25,1692921600,18.6,18.6,18.3,18.436,4500,18.807,-0.37,-0.02,18.701,18.608,18.276,-0.16,-0.01,-1,18.76,19.97,18.92,18.36,17.79,16.56,18.36,16.55,False,True,False
2023-08-28,1693180800,18.3,18.8,18.0,18.276,25400,18.701,-0.43,-0.02,18.608,18.436,18.728,0.45,0.02,1,18.57,19.82,18.94,18.36,17.83,16.58,18.36,16.56,False,True,False
2023-08-29,1693267200,18.5,19.2,18.4,18.728,13600,18.608,0.12,0.01,18.436,18.276,18.421,-0.31,-0.02,-1,18.55,19.42,18.98,18.37,17.87,16.59,18.36,16.58,False,True,False
2023-08-30,1693353600,18.4,18.7,18.4,18.421,2900,18.436,-0.02,-0.0,18.276,18.728,18.444,0.02,0.0,1,18.49,19.05,19.03,18.38,17.92,16.61,18.37,16.59,False,True,False
2023-08-31,1693440000,18.5,18.6,18.4,18.444,8400,18.276,0.17,0.01,18.728,18.421,18.466,0.02,0.0,1,18.46,18.71,19.07,18.38,17.96,16.62,18.38,16.61,False,True,False
2023-09-05,1693872000,18.5,18.9,18.3,18.466,6800,18.728,-0.26,-0.01,18.421,18.444,18.664,0.2,0.01,1,18.47,18.61,19.12,18.38,18.01,16.64,18.38,16.62,False,True,False
2023-09-06,1693958400,18.5,19.1,18.2,18.664,48400,18.421,0.24,0.01,18.444,18.466,18.816,0.15,0.01,1,18.54,18.56,19.14,18.4,18.05,16.67,18.38,16.64,False,True,False
2023-09-07,1694044800,18.9,18.9,18.7,18.816,10700,18.444,0.37,0.02,18.466,18.664,19.439,0.62,0.03,1,18.56,18.56,19.17,18.42,18.11,16.7,18.4,16.67,False,True,False
2023-09-08,1694131200,19.0,20.6,19.0,19.439,17600,18.466,0.97,0.05,18.664,18.816,19.366,-0.07,-0.0,-1,18.77,18.63,19.24,18.44,18.17,16.73,18.42,16.7,False,True,False
2023-09-11,1694390400,19.4,19.4,19.0,19.366,14000,18.664,0.7,0.04,18.816,19.439,18.981,-0.38,-0.02,-1,18.95,18.71,19.31,18.46,18.23,16.76,18.44,16.73,False,True,False
2023-09-12,1694476800,19.0,19.3,18.8,18.981,4200,18.816,0.17,0.01,19.439,19.366,18.677,-0.3,-0.02,-1,19.05,18.76,19.37,18.49,18.29,16.78,18.46,16.76,False,True,False
2023-09-13,1694563200,19.0,19.0,18.3,18.677,12500,19.439,-0.76,-0.04,19.366,18.981,18.036,-0.64,-0.03,-1,19.06,18.8,19.31,18.49,18.32,16.81,18.49,16.78,False,True,False
2023-09-14,1694649600,18.7,18.7,18.0,18.036,30900,19.366,-1.33,-0.07,18.981,18.677,17.819,-0.22,-0.01,-1,18.9,18.73,19.08,18.47,18.33,16.83,18.49,16.81,False,True,False
2023-09-15,1694736000,17.8,17.9,17.7,17.819,15004,18.981,-1.16,-0.06,18.677,18.036,17.932,0.11,0.01,1,18.58,18.67,18.86,18.47,18.31,16.86,18.47,16.83,False,True,False
2023-09-18,1694995200,17.4,18.0,17.4,17.932,2500,18.677,-0.75,-0.04,18.036,17.819,17.664,-0.27,-0.02,-1,18.29,18.62,18.67,18.47,18.3,16.89,18.47,16.86,False,True,False
2023-09-19,1695081600,17.9,17.9,17.5,17.664,4200,18.036,-0.37,-0.02,17.819,17.932,17.563,-0.1,-0.01,-1,18.03,18.54,18.58,18.46,18.29,16.9,18.47,16.89,False,True,False
2023-09-20,1695168000,17.4,17.7,17.4,17.563,5700,17.819,-0.26,-0.01,17.932,17.664,17.713,0.15,0.01,1,17.8,18.43,18.49,18.45,18.29,16.92,18.46,16.9,False,True,False
2023-09-21,1695254400,17.8,17.8,17.7,17.713,3800,17.932,-0.22,-0.01,17.664,17.563,18.123,0.41,0.02,1,17.74,18.32,18.44,18.44,18.28,16.93,18.45,16.92,False,True,False
2023-09-22,1695340800,18.6,18.6,17.6,18.123,9500,17.664,0.46,0.03,17.563,17.713,17.675,-0.45,-0.02,-1,17.8,18.19,18.41,18.45,18.28,16.94,18.44,16.93,False,True,False
2023-09-25,1695600000,18.9,18.9,17.6,17.675,6300,17.563,0.11,0.01,17.713,18.123,17.323,-0.35,-0.02,-1,17.75,18.02,18.36,18.44,18.29,16.93,18.45,16.94,False,True,False
2023-09-26,1695686400,17.4,17.7,17.0,17.323,2200,17.713,-0.39,-0.02,18.123,17.675,17.139,-0.18,-0.01,-1,17.68,17.85,18.31,18.43,18.29,16.9,18.44,16.93,False,True,False
2023-09-27,1695772800,17.0,17.3,17.0,17.139,6700,18.123,-0.98,-0.05,17.675,17.323,17.082,-0.06,-0.0,-1,17.59,17.7,18.25,18.42,18.29,16.86,18.43,16.9,False,True,False
2023-09-28,1695859200,16.9,17.1,16.9,17.082,2200,17.675,-0.59,-0.03,17.323,17.139,17.219,0.14,0.01,1,17.47,17.6,18.17,18.4,18.29,16.84,18.42,16.86,False,True,False
2023-09-29,1695945600,17.2,18.3,17.0,17.219,13600,17.323,-0.1,-0.01,17.139,17.082,17.75,0.53,0.03,1,17.29,17.54,18.11,18.39,18.3,16.81,18.4,16.84,False,True,False
2023-10-02,1696204800,18.3,18.3,17.4,17.75,600,17.139,0.61,0.04,17.082,17.219,16.843,-0.91,-0.05,-1,17.3,17.53,18.07,18.4,18.3,16.79,18.39,16.81,False,True,False
2023-10-03,1696291200,17.3,17.3,16.6,16.843,2300,17.082,-0.24,-0.01,17.219,17.75,16.787,-0.06,-0.0,-1,17.21,17.44,17.99,18.37,18.29,16.78,18.4,16.79,False,True,False
2023-10-04,1696377600,16.8,17.5,16.6,16.787,5400,17.219,-0.43,-0.02,17.75,16.843,17.803,1.02,0.06,1,17.14,17.37,17.9,18.36,18.28,16.78,18.37,16.78,False,True,False
2023-10-05,1696464000,17.9,17.9,17.8,17.803,3100,17.75,0.05,0.0,16.843,16.787,17.0,-0.8,-0.04,-1,17.28,17.37,17.85,18.35,18.28,16.78,18.36,16.78,False,True,False
2023-10-06,1696550400,17.0,17.0,17.0,17.0,500,16.843,0.16,0.01,16.787,17.803,16.675,-0.32,-0.02,-1,17.24,17.26,17.72,18.34,18.28,16.78,18.35,16.78,False,True,False
2023-10-09,1696809600,16.6,16.7,16.6,16.675,2400,16.787,-0.11,-0.01,17.803,17.0,17.436,0.76,0.05,1,17.02,17.16,17.59,18.33,18.28,16.78,18.34,16.78,False,True,False
2023-10-10,1696896000,18.0,18.0,16.8,17.436,1100,17.803,-0.37,-0.02,17.0,16.675,16.773,-0.66,-0.04,-1,17.14,17.17,17.51,18.33,18.28,16.79,18.33,16.78,False,True,False
2023-10-11,1696982400,17.0,17.0,16.7,16.773,3700,17.0,-0.23,-0.01,16.675,17.436,16.72,-0.05,-0.0,-1,17.14,17.14,17.42,18.3,18.25,16.79,18.33,16.79,False,True,False
2023-10-12,1697068800,16.8,16.8,16.7,16.72,1000,16.675,0.04,0.0,17.436,16.773,16.909,0.19,0.01,1,16.92,17.1,17.35,18.28,18.23,16.81,18.3,16.79,False,True,False
2023-10-13,1697155200,16.7,17.3,16.7,16.909,2300,17.436,-0.53,-0.03,16.773,16.72,16.9,-0.01,-0.0,-1,16.9,17.07,17.31,18.27,18.21,16.82,18.28,16.81,False,True,False
2023-10-16,1697414400,16.9,16.9,16.9,16.9,1800,16.773,0.13,0.01,16.72,16.909,16.761,-0.14,-0.01,-1,16.95,16.98,17.25,18.26,18.2,16.83,18.27,16.82,False,True,False
2023-10-17,1697500800,16.7,16.8,16.7,16.761,3300,16.72,0.04,0.0,16.909,16.9,16.515,-0.25,-0.01,-1,16.81,16.98,17.21,18.24,18.2,16.84,18.26,16.83,False,True,False
2023-10-18,1697587200,16.8,16.8,15.2,16.515,1300,16.909,-0.39,-0.02,16.9,16.761,15.85,-0.67,-0.04,-1,16.76,16.95,17.16,18.2,18.17,16.85,18.24,16.84,False,True,False
2023-10-19,1697673600,16.5,16.5,14.6,15.85,3000,16.9,-1.05,-0.06,16.761,16.515,15.938,0.09,0.01,1,16.59,16.75,17.06,18.16,18.14,16.85,18.2,16.85,False,True,False
2023-10-20,1697760000,15.8,16.0,15.8,15.938,1600,16.761,-0.82,-0.05,16.515,15.85,15.1,-0.84,-0.05,-1,16.39,16.65,16.95,18.12,18.11,16.85,18.16,16.85,False,True,False
2023-10-23,1698019200,15.1,15.1,15.1,15.1,1000,16.515,-1.42,-0.09,15.85,15.938,15.7,0.6,0.04,1,16.03,16.49,16.83,18.06,18.08,16.85,18.12,16.85,False,True,False
2023-10-24,1698105600,15.2,16.2,15.2,15.7,200,15.85,-0.15,-0.01,15.938,15.1,15.517,-0.18,-0.01,-1,15.82,16.32,16.74,18.02,18.06,16.84,18.06,16.85,False,True,False
2023-10-25,1698192000,14.6,15.7,14.6,15.517,600,15.938,-0.42,-0.03,15.1,15.7,14.438,-1.08,-0.07,-1,15.62,16.19,16.66,17.93,18.03,16.84,18.02,16.84,False,True,False
2023-10-26,1698278400,13.3,15.0,13.3,14.438,7300,15.1,-0.66,-0.04,15.7,15.517,14.96,0.52,0.04,1,15.34,15.96,16.53,17.76,18.0,16.83,17.93,16.84,False,True,False
2023-10-27,1698364800,14.5,16.2,14.5,14.96,500,15.7,-0.74,-0.05,15.517,14.438,15.84,0.88,0.06,1,15.14,15.77,16.42,17.62,17.96,16.83,17.76,16.83,False,True,False
2023-10-30,1698624000,12.9,16.3,12.9,15.84,9500,15.517,0.32,0.02,14.438,14.96,15.86,0.02,0.0,1,15.29,15.66,16.32,17.5,17.92,16.83,17.62,16.83,False,True,False
2023-10-31,1698710400,15.7,17.3,15.7,15.86,1000,14.438,1.42,0.1,14.96,15.84,15.08,-0.78,-0.05,-1,15.32,15.57,16.27,17.43,17.88,16.84,17.5,16.83,False,True,False
2023-11-01,1698796800,17.1,17.1,14.1,15.08,500,14.96,0.12,0.01,15.84,15.86,15.489,0.41,0.03,1,15.24,15.43,16.19,17.35,17.85,16.84,17.43,16.84,False,True,False
2023-11-02,1698883200,17.0,17.0,15.1,15.489,9100,15.84,-0.35,-0.02,15.86,15.08,15.24,-0.25,-0.02,-1,15.45,15.39,16.07,17.28,17.82,16.84,17.35,16.84,False,True,False
2023-11-03,1698969600,16.9,16.9,14.6,15.24,1000,15.86,-0.62,-0.04,15.08,15.489,15.54,0.3,0.02,1,15.5,15.32,15.99,17.21,17.78,16.84,17.28,16.84,False,True,False
2023-11-06,1699228800,15.2,15.9,15.2,15.54,2500,15.08,0.46,0.03,15.489,15.24,17.5,1.96,0.13,1,15.44,15.37,15.93,17.15,17.75,16.85,17.21,16.84,False,True,False
2023-11-07,1699315200,17.5,17.5,17.5,17.5,100,15.489,2.01,0.13,15.24,15.54,15.773,-1.73,-0.1,-1,15.77,15.55,15.93,17.13,17.75,16.86,17.15,16.85,False,True,False
2023-11-08,1699401600,15.0,17.5,15.0,15.773,4000,15.24,0.53,0.03,15.54,17.5,15.929,0.16,0.01,1,15.91,15.57,15.88,17.08,17.72,16.86,17.13,16.86,False,True,False
2023-11-09,1699488000,15.8,16.5,15.8,15.929,6500,15.54,0.39,0.03,17.5,15.773,15.956,0.03,0.0,1,16.0,15.72,15.84,17.02,17.7,16.86,17.08,16.86,False,True,False
2023-11-10,1699574400,15.9,16.6,15.9,15.956,2500,17.5,-1.54,-0.09,15.773,15.929,15.498,-0.46,-0.03,-1,16.14,15.82,15.79,16.97,17.68,16.85,17.02,16.86,False,True,False
2023-11-13,1699833600,15.2,15.9,15.2,15.498,4900,15.773,-0.28,-0.02,15.929,15.956,15.751,0.25,0.02,1,16.13,15.79,15.72,16.92,17.65,16.85,16.97,16.85,False,True,False
2023-11-14,1699920000,15.6,16.2,15.6,15.751,5100,15.929,-0.18,-0.01,15.956,15.498,15.776,0.03,0.0,1,15.78,15.78,15.67,16.86,17.62,16.85,16.92,16.85,False,True,False
2023-11-15,1700006400,15.8,15.8,15.7,15.776,7400,15.956,-0.18,-0.01,15.498,15.751,15.8,0.02,0.0,1,15.78,15.85,15.64,16.8,17.6,16.85,16.86,16.85,False,False,False
2023-11-16,1700092800,15.8,15.8,15.8,15.8,4600,15.498,0.3,0.02,15.751,15.776,15.528,-0.27,-0.02,-1,15.76,15.88,15.63,16.74,17.58,16.85,16.8,16.85,True,False,False
2023-11-17,1700179200,15.8,15.8,15.2,15.528,4600,15.751,-0.22,-0.01,15.776,15.8,15.47,-0.06,-0.0,-1,15.67,15.91,15.61,16.66,17.55,16.85,16.74,16.85,True,False,False
2023-11-20,1700438400,14.5,17.0,14.5,15.47,2700,15.776,-0.31,-0.02,15.8,15.528,16.233,0.76,0.05,1,15.66,15.9,15.63,16.59,17.52,16.85,16.66,16.85,True,False,False
2023-11-21,1700524800,17.0,17.0,15.5,16.233,600,15.8,0.43,0.03,15.528,15.47,16.018,-0.21,-0.01,-1,15.76,15.77,15.66,16.53,17.51,16.86,16.59,16.85,True,False,False
2023-11-22,1700611200,16.4,16.4,16.0,16.018,2200,15.528,0.49,0.03,15.47,16.233,16.053,0.04,0.0,1,15.81,15.8,15.68,16.48,17.48,16.86,16.53,16.86,True,False,False
2023-11-23,1700697600,16.5,16.9,15.9,16.053,9900,15.47,0.58,0.04,16.233,16.018,16.0,-0.05,-0.0,-1,15.86,15.81,15.76,16.44,17.46,16.86,16.48,16.86,True,False,False
2023-11-24,1700784000,16.0,16.0,16.0,16.0,1000,16.233,-0.23,-0.01,16.018,16.053,,,,-1,15.95,15.81,15.82,16.4,17.43,16.86,16.44,16.86,True,False,False
