symbol,year,month,date,quarter,week,weekday_index,weekday,full_date,open,high,low,close,volume,timestamp,trend
D11,2011,2,25,1,8,5,Friday,2011-02-25,18.13,18.13,17.87,17.87,300.0,1298592000.0,DOWNTREND
D11,2011,2,28,1,9,1,Monday,2011-02-28,17.87,17.87,16.8,16.8,2000.0,1298851200.0,DOWNTREND
D11,2011,3,1,1,9,2,Tuesday,2011-03-01,16.67,16.67,16.13,16.13,1700.0,1298937600.0,DOWNTREND
D11,2011,3,3,1,9,4,Thursday,2011-03-03,15.36,15.36,15.36,15.36,100.0,1299110400.0,SIDEWAY
D11,2011,3,4,1,9,5,Friday,2011-03-04,14.29,14.29,14.29,14.29,1000.0,1299196800.0,SIDEWAY
D11,2011,3,7,1,10,1,Monday,2011-03-07,13.31,13.31,13.31,13.31,100.0,1299456000.0,SIDEWAY
D11,2011,3,8,1,10,2,Tuesday,2011-03-08,12.4,12.4,12.4,12.4,100.0,1299542400.0,SIDEWAY
D11,2011,3,9,1,10,3,Wednesday,2011-03-09,11.55,11.55,11.55,11.55,100.0,1299628800.0,SIDEWAY
D11,2011,3,10,1,10,4,Thursday,2011-03-10,10.75,12.24,10.75,12.24,7900.0,1299715200.0,UPTREND
D11,2011,3,11,1,10,5,Friday,2011-03-11,11.87,11.89,10.4,10.4,13800.0,1299801600.0,DOWNTREND
D11,2011,3,14,1,11,1,Monday,2011-03-14,11.97,11.97,10.45,11.47,11000.0,1300060800.0,DOWNTREND
D11,2011,3,15,1,11,2,Tuesday,2011-03-15,11.17,11.17,11.17,11.17,200.0,1300147200.0,SIDEWAY
D11,2011,3,16,1,11,3,Wednesday,2011-03-16,11.89,11.89,11.73,11.73,1900.0,1300233600.0,DOWNTREND
D11,2011,3,17,1,11,4,Thursday,2011-03-17,11.04,11.71,11.04,11.71,2600.0,1300320000.0,UPTREND
D11,2011,3,18,1,11,5,Friday,2011-03-18,11.84,11.84,11.84,11.84,900.0,1300406400.0,SIDEWAY
D11,2011,3,21,1,12,1,Monday,2011-03-21,12.51,12.51,12.4,12.4,6100.0,1300665600.0,DOWNTREND
D11,2011,3,22,1,12,2,Tuesday,2011-03-22,12.4,12.4,12.4,12.4,100.0,1300752000.0,SIDEWAY
D11,2011,3,23,1,12,3,Wednesday,2011-03-23,11.55,11.92,11.55,11.92,5100.0,1300838400.0,UPTREND
D11,2011,3,24,1,12,4,Thursday,2011-03-24,11.12,11.95,11.09,11.95,1300.0,1300924800.0,UPTREND
D11,2011,3,25,1,12,5,Friday,2011-03-25,10.4,11.04,10.4,10.4,5500.0,1301011200.0,SIDEWAY
D11,2011,3,28,1,13,1,Monday,2011-03-28,11.31,11.31,10.0,10.0,300.0,1301270400.0,DOWNTREND
D11,2011,3,29,1,13,2,Tuesday,2011-03-29,10.99,10.99,10.13,10.13,2300.0,1301356800.0,DOWNTREND
D11,2011,3,30,1,13,3,Wednesday,2011-03-30,10.4,10.91,10.4,10.91,500.0,1301443200.0,UPTREND
D11,2011,3,31,1,13,4,Thursday,2011-03-31,11.17,11.17,10.64,10.64,7200.0,1301529600.0,DOWNTREND
D11,2011,4,1,2,13,5,Friday,2011-04-01,10.64,10.64,10.64,10.64,300.0,1301616000.0,SIDEWAY
D11,2011,4,4,2,14,1,Monday,2011-04-04,10.64,10.64,10.03,10.51,4300.0,1301875200.0,DOWNTREND
D11,2011,4,5,2,14,2,Tuesday,2011-04-05,10.8,11.31,9.87,9.87,4500.0,1301961600.0,DOWNTREND
D11,2011,4,6,2,14,3,Wednesday,2011-04-06,11.17,11.17,10.91,10.91,2000.0,1302048000.0,DOWNTREND
D11,2011,4,8,2,14,5,Friday,2011-04-08,10.99,10.99,10.35,10.35,7000.0,1302220800.0,DOWNTREND
D11,2011,4,13,2,15,3,Wednesday,2011-04-13,10.61,10.61,9.97,9.97,6100.0,1302652800.0,DOWNTREND
D11,2011,4,14,2,15,4,Thursday,2011-04-14,11.2,11.2,9.76,9.76,9700.0,1302739200.0,DOWNTREND
D11,2011,4,15,2,15,5,Friday,2011-04-15,10.13,10.13,10.13,10.13,100.0,1302825600.0,SIDEWAY
D11,2011,4,18,2,16,1,Monday,2011-04-18,10.45,10.45,10.45,10.45,400.0,1303084800.0,SIDEWAY
D11,2011,4,19,2,16,2,Tuesday,2011-04-19,11.17,11.17,10.13,10.13,600.0,1303171200.0,DOWNTREND
D11,2011,4,20,2,16,3,Wednesday,2011-04-20,10.51,10.51,10.37,10.37,1600.0,1303257600.0,DOWNTREND
D11,2011,4,21,2,16,4,Thursday,2011-04-21,10.4,10.4,10.4,10.4,1000.0,1303344000.0,SIDEWAY
D11,2011,4,22,2,16,5,Friday,2011-04-22,10.91,10.91,10.91,10.91,200.0,1303430400.0,SIDEWAY
D11,2011,4,25,2,17,1,Monday,2011-04-25,10.64,10.64,10.51,10.51,1500.0,1303689600.0,DOWNTREND
D11,2011,4,26,2,17,2,Tuesday,2011-04-26,10.56,10.56,10.45,10.45,1900.0,1303776000.0,DOWNTREND
D11,2011,4,27,2,17,3,Wednesday,2011-04-27,10.67,10.67,10.67,10.67,1000.0,1303862400.0,SIDEWAY
D11,2011,4,28,2,17,4,Thursday,2011-04-28,11.17,11.17,10.53,10.53,1700.0,1303948800.0,DOWNTREND
D11,2011,4,29,2,17,5,Friday,2011-04-29,10.67,10.67,10.67,10.67,200.0,1304035200.0,SIDEWAY
D11,2011,5,4,2,18,3,Wednesday,2011-05-04,9.92,10.4,9.92,9.92,1100.0,1304467200.0,SIDEWAY
D11,2011,5,5,2,18,4,Thursday,2011-05-05,9.49,10.19,9.49,10.19,300.0,1304553600.0,UPTREND
D11,2011,5,6,2,18,5,Friday,2011-05-06,10.19,10.19,9.25,10.08,500.0,1304640000.0,DOWNTREND
D11,2011,5,9,2,19,1,Monday,2011-05-09,10.29,10.29,9.25,9.25,300.0,1304899200.0,DOWNTREND
D11,2011,5,10,2,19,2,Tuesday,2011-05-10,10.24,10.24,9.25,9.25,300.0,1304985600.0,DOWNTREND
D11,2011,5,11,2,19,3,Wednesday,2011-05-11,9.23,9.52,9.23,9.23,5000.0,1305072000.0,SIDEWAY
D11,2011,5,12,2,19,4,Thursday,2011-05-12,9.76,9.79,9.41,9.44,4400.0,1305158400.0,DOWNTREND
D11,2011,5,13,2,19,5,Friday,2011-05-13,9.31,9.31,8.88,8.88,4800.0,1305244800.0,DOWNTREND
D11,2011,5,16,2,20,1,Monday,2011-05-16,9.25,9.25,9.25,9.25,200.0,1305504000.0,SIDEWAY
D11,2011,5,17,2,20,2,Tuesday,2011-05-17,8.61,8.61,8.61,8.61,100.0,1305590400.0,SIDEWAY
D11,2011,5,18,2,20,3,Wednesday,2011-05-18,9.04,9.04,8.03,8.03,500.0,1305676800.0,DOWNTREND
D11,2011,5,19,2,20,4,Thursday,2011-05-19,8.93,8.93,7.87,7.87,800.0,1305763200.0,DOWNTREND
D11,2011,5,20,2,20,5,Friday,2011-05-20,8.8,8.8,7.71,7.73,1000.0,1305849600.0,DOWNTREND
D11,2011,5,23,2,21,1,Monday,2011-05-23,8.96,9.07,8.0,8.0,800.0,1306108800.0,DOWNTREND
D11,2011,5,24,2,21,2,Tuesday,2011-05-24,9.33,9.33,8.75,8.75,900.0,1306195200.0,DOWNTREND
D11,2011,5,25,2,21,3,Wednesday,2011-05-25,8.77,8.8,8.51,8.51,4300.0,1306281600.0,DOWNTREND
D11,2011,5,26,2,21,4,Thursday,2011-05-26,7.97,7.97,7.97,7.97,2500.0,1306368000.0,SIDEWAY
D11,2011,5,27,2,21,5,Friday,2011-05-27,7.44,7.47,7.44,7.44,300.0,1306454400.0,SIDEWAY
D11,2011,5,30,2,22,1,Monday,2011-05-30,6.93,6.93,6.93,6.93,600.0,1306713600.0,SIDEWAY
D11,2011,5,31,2,22,2,Tuesday,2011-05-31,6.45,6.83,6.45,6.45,8100.0,1306800000.0,SIDEWAY
D11,2011,6,1,2,22,3,Wednesday,2011-06-01,7.2,7.2,7.2,7.2,100.0,1306886400.0,SIDEWAY
D11,2011,6,2,2,22,4,Thursday,2011-06-02,6.75,6.77,6.75,6.77,1200.0,1306972800.0,UPTREND
D11,2011,6,3,2,22,5,Friday,2011-06-03,7.2,7.2,6.75,6.75,500.0,1307059200.0,DOWNTREND
D11,2011,6,6,2,23,1,Monday,2011-06-06,7.2,7.2,7.2,7.2,400.0,1307318400.0,SIDEWAY
D11,2011,6,7,2,23,2,Tuesday,2011-06-07,7.41,7.41,6.72,6.93,1100.0,1307404800.0,DOWNTREND
D11,2011,6,8,2,23,3,Wednesday,2011-06-08,7.17,7.17,6.8,7.07,1400.0,1307491200.0,DOWNTREND
D11,2011,6,9,2,23,4,Thursday,2011-06-09,6.48,7.17,6.48,6.69,1200.0,1307577600.0,UPTREND
D11,2011,6,10,2,23,5,Friday,2011-06-10,7.12,7.15,6.93,7.09,12500.0,1307664000.0,DOWNTREND
D11,2011,6,13,2,24,1,Monday,2011-06-13,7.17,7.2,7.07,7.07,5000.0,1307923200.0,DOWNTREND
D11,2011,6,14,2,24,2,Tuesday,2011-06-14,7.17,7.2,7.09,7.09,10800.0,1308009600.0,DOWNTREND
D11,2011,6,15,2,24,3,Wednesday,2011-06-15,7.44,7.44,6.93,6.99,2900.0,1308096000.0,DOWNTREND
D11,2011,6,16,2,24,4,Thursday,2011-06-16,7.17,7.17,6.93,6.93,2200.0,1308182400.0,DOWNTREND
D11,2011,6,17,2,24,5,Friday,2011-06-17,7.2,7.33,7.2,7.33,12800.0,1308268800.0,UPTREND
D11,2011,6,20,2,25,1,Monday,2011-06-20,7.28,7.28,7.09,7.09,1100.0,1308528000.0,DOWNTREND
D11,2011,6,21,2,25,2,Tuesday,2011-06-21,7.6,7.6,7.23,7.23,6700.0,1308614400.0,DOWNTREND
D11,2011,6,22,2,25,3,Wednesday,2011-06-22,7.6,7.6,7.2,7.2,1400.0,1308700800.0,DOWNTREND
D11,2011,6,23,2,25,4,Thursday,2011-06-23,7.92,7.92,6.96,6.96,1200.0,1308787200.0,DOWNTREND
D11,2011,6,24,2,25,5,Friday,2011-06-24,7.17,7.17,7.17,7.17,200.0,1308873600.0,SIDEWAY
D11,2011,6,27,2,26,1,Monday,2011-06-27,7.49,7.49,7.36,7.36,400.0,1309132800.0,DOWNTREND
D11,2011,6,28,2,26,2,Tuesday,2011-06-28,7.87,7.87,7.2,7.2,800.0,1309219200.0,DOWNTREND
D11,2011,6,29,2,26,3,Wednesday,2011-06-29,7.36,7.36,7.25,7.25,200.0,1309305600.0,DOWNTREND
D11,2011,6,30,2,26,4,Thursday,2011-06-30,7.23,7.23,7.2,7.2,2100.0,1309392000.0,DOWNTREND
D11,2011,7,1,3,26,5,Friday,2011-07-01,7.23,7.23,7.2,7.2,5800.0,1309478400.0,DOWNTREND
D11,2011,7,7,3,27,4,Thursday,2011-07-07,6.75,6.77,6.75,6.75,1100.0,1309996800.0,SIDEWAY
D11,2011,7,8,3,27,5,Friday,2011-07-08,7.07,7.07,7.07,7.07,3000.0,1310083200.0,SIDEWAY
D11,2011,7,13,3,28,3,Wednesday,2011-07-13,7.25,7.25,7.25,7.25,100.0,1310515200.0,SIDEWAY
D11,2011,7,14,3,28,4,Thursday,2011-07-14,7.15,7.15,7.15,7.15,3500.0,1310601600.0,SIDEWAY
D11,2011,7,15,3,28,5,Friday,2011-07-15,7.07,7.17,7.07,7.17,4300.0,1310688000.0,UPTREND
D11,2011,7,18,3,29,1,Monday,2011-07-18,7.07,7.07,7.07,7.07,6000.0,1310947200.0,SIDEWAY
D11,2011,7,19,3,29,2,Tuesday,2011-07-19,7.25,7.28,7.25,7.28,6000.0,1311033600.0,UPTREND
D11,2011,7,20,3,29,3,Wednesday,2011-07-20,6.77,6.77,6.77,6.77,100.0,1311120000.0,SIDEWAY
D11,2011,7,21,3,29,4,Thursday,2011-07-21,6.59,6.59,6.59,6.59,200.0,1311206400.0,SIDEWAY
D11,2011,7,22,3,29,5,Friday,2011-07-22,6.99,6.99,6.93,6.93,7200.0,1311292800.0,DOWNTREND
D11,2011,7,25,3,30,1,Monday,2011-07-25,7.41,7.41,7.41,7.41,100.0,1311552000.0,SIDEWAY
D11,2011,7,26,3,30,2,Tuesday,2011-07-26,7.17,7.17,7.04,7.04,10100.0,1311638400.0,DOWNTREND
D11,2011,7,27,3,30,3,Wednesday,2011-07-27,7.47,7.47,6.93,6.93,4900.0,1311724800.0,DOWNTREND
D11,2011,7,29,3,30,5,Friday,2011-07-29,7.49,7.49,7.49,7.49,100.0,1311897600.0,SIDEWAY
D11,2011,8,3,3,31,3,Wednesday,2011-08-03,6.99,6.99,6.99,6.99,2300.0,1312329600.0,SIDEWAY
D11,2011,8,4,3,31,4,Thursday,2011-08-04,6.99,6.99,6.99,6.99,300.0,1312416000.0,SIDEWAY
D11,2011,8,11,3,32,4,Thursday,2011-08-11,7.44,7.44,7.44,7.44,14900.0,1313020800.0,SIDEWAY
D11,2011,8,16,3,33,2,Tuesday,2011-08-16,7.07,7.07,7.07,7.07,100.0,1313452800.0,SIDEWAY
D11,2011,8,17,3,33,3,Wednesday,2011-08-17,7.15,7.15,7.15,7.15,700.0,1313539200.0,SIDEWAY
D11,2011,8,18,3,33,4,Thursday,2011-08-18,7.15,7.15,6.72,6.72,700.0,1313625600.0,DOWNTREND
D11,2011,8,19,3,33,5,Friday,2011-08-19,7.31,7.31,7.17,7.17,11000.0,1313712000.0,DOWNTREND
D11,2011,8,22,3,34,1,Monday,2011-08-22,7.47,7.47,7.2,7.2,800.0,1313971200.0,DOWNTREND
D11,2011,8,23,3,34,2,Tuesday,2011-08-23,7.47,7.47,7.36,7.36,11200.0,1314057600.0,DOWNTREND
D11,2011,8,25,3,34,4,Thursday,2011-08-25,7.36,7.36,7.36,7.36,500.0,1314230400.0,SIDEWAY
D11,2011,8,26,3,34,5,Friday,2011-08-26,7.25,7.25,7.17,7.17,8300.0,1314316800.0,DOWNTREND
D11,2011,8,29,3,35,1,Monday,2011-08-29,7.2,7.33,7.17,7.17,11600.0,1314576000.0,DOWNTREND
D11,2011,8,30,3,35,2,Tuesday,2011-08-30,7.28,7.47,7.28,7.47,3500.0,1314662400.0,UPTREND
D11,2011,9,1,3,35,4,Thursday,2011-09-01,7.36,7.84,7.36,7.84,1000.0,1314835200.0,UPTREND
D11,2011,9,5,3,36,1,Monday,2011-09-05,7.47,7.47,7.39,7.39,1100.0,1315180800.0,DOWNTREND
D11,2011,9,8,3,36,4,Thursday,2011-09-08,7.92,7.92,7.92,7.92,100.0,1315440000.0,SIDEWAY
D11,2011,9,9,3,36,5,Friday,2011-09-09,8.4,8.4,8.4,8.4,100.0,1315526400.0,SIDEWAY
D11,2011,9,12,3,37,1,Monday,2011-09-12,8.74,8.74,8.74,8.74,100.0,1315785600.0,SIDEWAY
D11,2011,9,13,3,37,2,Tuesday,2011-09-13,9.26,9.26,8.96,9.15,2200.0,1315872000.0,DOWNTREND
D11,2011,9,14,3,37,3,Wednesday,2011-09-14,8.44,9.15,8.44,9.15,200.0,1315958400.0,UPTREND
D11,2011,9,15,3,37,4,Thursday,2011-09-15,8.21,8.21,8.21,8.21,200.0,1316044800.0,SIDEWAY
D11,2011,9,26,3,39,1,Monday,2011-09-26,7.65,7.65,7.65,7.65,100.0,1316995200.0,SIDEWAY
D11,2011,9,29,3,39,4,Thursday,2011-09-29,8.1,8.1,8.1,8.1,100.0,1317254400.0,SIDEWAY
D11,2011,9,30,3,39,5,Friday,2011-09-30,8.55,8.55,8.55,8.55,100.0,1317340800.0,SIDEWAY
D11,2011,10,11,4,41,2,Tuesday,2011-10-11,8.96,8.96,8.96,8.96,100.0,1318291200.0,SIDEWAY
D11,2011,10,14,4,41,5,Friday,2011-10-14,8.36,8.36,8.36,8.36,300.0,1318550400.0,SIDEWAY
D11,2011,10,19,4,42,3,Wednesday,2011-10-19,7.8,7.8,7.8,7.8,200.0,1318982400.0,SIDEWAY
D11,2011,10,24,4,43,1,Monday,2011-10-24,7.28,7.28,7.28,7.28,400.0,1319414400.0,SIDEWAY
D11,2011,10,25,4,43,2,Tuesday,2011-10-25,6.79,6.79,6.79,6.79,100.0,1319500800.0,SIDEWAY
D11,2011,10,26,4,43,3,Wednesday,2011-10-26,6.35,6.35,6.35,6.35,1000.0,1319587200.0,SIDEWAY
D11,2011,10,27,4,43,4,Thursday,2011-10-27,6.05,6.05,6.05,6.05,1200.0,1319673600.0,SIDEWAY
D11,2011,10,31,4,44,1,Monday,2011-10-31,5.71,5.71,5.71,5.71,100.0,1320019200.0,SIDEWAY
D11,2011,11,1,4,44,2,Tuesday,2011-11-01,5.6,5.6,5.6,5.6,13500.0,1320105600.0,SIDEWAY
D11,2011,11,2,4,44,3,Wednesday,2011-11-02,5.6,5.6,5.6,5.6,4000.0,1320192000.0,SIDEWAY
D11,2011,11,3,4,44,4,Thursday,2011-11-03,5.6,5.6,5.6,5.6,2000.0,1320278400.0,SIDEWAY
D11,2011,11,4,4,44,5,Friday,2011-11-04,5.23,5.26,5.23,5.26,500.0,1320364800.0,UPTREND
D11,2011,11,7,4,45,1,Monday,2011-11-07,5.41,5.41,5.08,5.41,8800.0,1320624000.0,SIDEWAY
D11,2011,11,9,4,45,3,Wednesday,2011-11-09,4.89,4.89,4.89,4.89,1000.0,1320796800.0,SIDEWAY
D11,2011,11,10,4,45,4,Thursday,2011-11-10,4.93,4.93,4.93,4.93,300.0,1320883200.0,SIDEWAY
D11,2011,11,16,4,46,3,Wednesday,2011-11-16,5.26,5.26,5.26,5.26,100.0,1321401600.0,SIDEWAY
D11,2011,11,21,4,47,1,Monday,2011-11-21,4.93,4.93,4.93,4.93,400.0,1321833600.0,SIDEWAY
D11,2011,11,22,4,47,2,Tuesday,2011-11-22,5.04,5.04,5.04,5.04,200.0,1321920000.0,SIDEWAY
D11,2011,11,23,4,47,3,Wednesday,2011-11-23,5.04,5.04,5.04,5.04,500.0,1322006400.0,SIDEWAY
D11,2011,11,24,4,47,4,Thursday,2011-11-24,5.04,5.04,5.04,5.04,300.0,1322092800.0,SIDEWAY
D11,2011,12,1,4,48,4,Thursday,2011-12-01,5.34,5.34,5.34,5.34,100.0,1322697600.0,SIDEWAY
D11,2011,12,2,4,48,5,Friday,2011-12-02,4.96,4.96,4.96,4.96,10000.0,1322784000.0,SIDEWAY
D11,2011,12,5,4,49,1,Monday,2011-12-05,4.93,4.93,4.89,4.89,10000.0,1323043200.0,DOWNTREND
D11,2011,12,6,4,49,2,Tuesday,2011-12-06,5.23,5.23,5.23,5.23,100.0,1323129600.0,SIDEWAY
D11,2011,12,7,4,49,3,Wednesday,2011-12-07,5.53,5.53,5.53,5.53,100.0,1323216000.0,SIDEWAY
D11,2011,12,16,4,50,5,Friday,2011-12-16,5.15,5.15,5.15,5.15,100.0,1323993600.0,SIDEWAY
D11,2011,12,19,4,51,1,Monday,2011-12-19,4.82,5.41,4.82,5.41,200.0,1324252800.0,UPTREND
D11,2011,12,21,4,51,3,Wednesday,2011-12-21,4.78,4.78,4.78,4.78,100.0,1324425600.0,SIDEWAY
D11,2011,12,22,4,51,4,Thursday,2011-12-22,5.08,5.08,5.08,5.08,100.0,1324512000.0,SIDEWAY
D11,2011,12,23,4,51,5,Friday,2011-12-23,4.74,4.74,4.74,4.74,100.0,1324598400.0,SIDEWAY
D11,2011,12,26,4,52,1,Monday,2011-12-26,4.74,4.74,4.74,4.74,400.0,1324857600.0,SIDEWAY
D11,2011,12,27,4,52,2,Tuesday,2011-12-27,4.44,4.44,4.44,4.44,3000.0,1324944000.0,SIDEWAY
D11,2011,12,28,4,52,3,Wednesday,2011-12-28,4.74,4.74,4.14,4.14,6100.0,1325030400.0,DOWNTREND
D11,2011,12,29,4,52,4,Thursday,2011-12-29,4.41,4.41,4.41,4.41,400.0,1325116800.0,SIDEWAY
D11,2012,1,3,1,1,2,Tuesday,2012-01-03,4.7,4.7,4.7,4.7,100.0,1325548800.0,SIDEWAY
D11,2012,1,4,1,1,3,Wednesday,2012-01-04,5.0,5.0,5.0,5.0,100.0,1325635200.0,SIDEWAY
D11,2012,1,5,1,1,4,Thursday,2012-01-05,5.3,5.3,5.3,5.3,100.0,1325721600.0,SIDEWAY
D11,2012,1,18,1,3,3,Wednesday,2012-01-18,4.96,4.96,4.96,4.96,100.0,1326844800.0,SIDEWAY
D11,2012,1,19,1,3,4,Thursday,2012-01-19,4.63,4.63,4.63,4.63,100.0,1326931200.0,SIDEWAY
D11,2012,1,20,1,3,5,Friday,2012-01-20,4.93,4.93,4.33,4.33,700.0,1327017600.0,DOWNTREND
D11,2012,1,30,1,5,1,Monday,2012-01-30,4.7,4.7,4.7,4.7,100.0,1327881600.0,SIDEWAY
D11,2012,1,31,1,5,2,Tuesday,2012-01-31,5.0,5.0,5.0,5.0,5100.0,1327968000.0,SIDEWAY
D11,2012,2,1,1,5,3,Wednesday,2012-02-01,5.34,5.34,5.34,5.34,9000.0,1328054400.0,SIDEWAY
D11,2012,2,2,1,5,4,Thursday,2012-02-02,5.71,5.71,5.71,5.71,7700.0,1328140800.0,SIDEWAY
D11,2012,2,3,1,5,5,Friday,2012-02-03,6.08,6.08,6.08,6.08,1900.0,1328227200.0,SIDEWAY
D11,2012,2,6,1,6,1,Monday,2012-02-06,6.5,6.5,6.08,6.08,34000.0,1328486400.0,DOWNTREND
D11,2012,2,7,1,6,2,Tuesday,2012-02-07,6.35,6.46,6.08,6.27,14100.0,1328572800.0,DOWNTREND
D11,2012,2,8,1,6,3,Wednesday,2012-02-08,6.27,6.38,6.27,6.38,7400.0,1328659200.0,UPTREND
D11,2012,2,9,1,6,4,Thursday,2012-02-09,6.38,6.76,6.38,6.72,12100.0,1328745600.0,UPTREND
D11,2012,2,10,1,6,5,Friday,2012-02-10,6.98,7.02,6.98,6.98,10000.0,1328832000.0,SIDEWAY
D11,2012,2,13,1,7,1,Monday,2012-02-13,6.91,6.91,6.72,6.72,6600.0,1329091200.0,DOWNTREND
D11,2012,2,14,1,7,2,Tuesday,2012-02-14,6.87,6.87,6.76,6.79,3800.0,1329177600.0,DOWNTREND
D11,2012,2,15,1,7,3,Wednesday,2012-02-15,7.06,7.06,6.72,6.72,1100.0,1329264000.0,DOWNTREND
D11,2012,2,16,1,7,4,Thursday,2012-02-16,6.64,6.64,6.61,6.61,5800.0,1329350400.0,DOWNTREND
D11,2012,2,17,1,7,5,Friday,2012-02-17,6.64,6.91,6.57,6.91,6000.0,1329436800.0,UPTREND
D11,2012,2,20,1,8,1,Monday,2012-02-20,7.06,7.09,7.06,7.06,17500.0,1329696000.0,SIDEWAY
D11,2012,2,21,1,8,2,Tuesday,2012-02-21,7.09,7.09,6.68,6.79,8500.0,1329782400.0,DOWNTREND
D11,2012,2,22,1,8,3,Wednesday,2012-02-22,6.94,6.94,6.79,6.79,6600.0,1329868800.0,DOWNTREND
D11,2012,2,23,1,8,4,Thursday,2012-02-23,6.72,7.06,6.72,6.94,8900.0,1329955200.0,UPTREND
D11,2012,2,24,1,8,5,Friday,2012-02-24,7.09,7.09,6.87,6.91,15500.0,1330041600.0,DOWNTREND
D11,2012,2,27,1,9,1,Monday,2012-02-27,7.06,7.47,6.98,7.47,37400.0,1330300800.0,UPTREND
D11,2012,2,28,1,9,2,Tuesday,2012-02-28,7.36,7.36,6.94,6.94,27500.0,1330387200.0,DOWNTREND
D11,2012,2,29,1,9,3,Wednesday,2012-02-29,7.17,7.17,6.94,7.06,30500.0,1330473600.0,DOWNTREND
D11,2012,3,1,1,9,4,Thursday,2012-03-01,7.09,7.5,7.02,7.28,30800.0,1330560000.0,UPTREND
D11,2012,3,2,1,9,5,Friday,2012-03-02,7.28,7.73,7.24,7.73,51500.0,1330646400.0,UPTREND
D11,2012,3,5,1,10,1,Monday,2012-03-05,8.03,8.03,8.03,8.03,10500.0,1330905600.0,SIDEWAY
D11,2012,3,6,1,10,2,Tuesday,2012-03-06,8.59,8.59,7.65,7.84,26600.0,1330992000.0,DOWNTREND
D11,2012,3,7,1,10,3,Wednesday,2012-03-07,7.84,7.84,7.43,7.65,19600.0,1331078400.0,DOWNTREND
D11,2012,3,8,1,10,4,Thursday,2012-03-08,7.62,7.62,7.17,7.17,18400.0,1331164800.0,DOWNTREND
D11,2012,3,9,1,10,5,Friday,2012-03-09,7.21,7.43,7.13,7.43,3100.0,1331251200.0,UPTREND
D11,2012,3,12,1,11,1,Monday,2012-03-12,7.06,7.47,6.91,6.91,22400.0,1331510400.0,DOWNTREND
D11,2012,3,13,1,11,2,Tuesday,2012-03-13,6.91,6.98,6.91,6.91,12400.0,1331596800.0,SIDEWAY
D11,2012,3,14,1,11,3,Wednesday,2012-03-14,6.83,6.91,6.68,6.68,7200.0,1331683200.0,DOWNTREND
D11,2012,3,15,1,11,4,Thursday,2012-03-15,6.83,7.21,6.79,7.21,20800.0,1331769600.0,UPTREND
D11,2012,3,16,1,11,5,Friday,2012-03-16,7.17,7.24,7.09,7.09,11700.0,1331856000.0,DOWNTREND
D11,2012,3,19,1,12,1,Monday,2012-03-19,7.06,7.13,7.06,7.13,5600.0,1332115200.0,UPTREND
D11,2012,3,20,1,12,2,Tuesday,2012-03-20,7.09,7.28,7.09,7.17,2200.0,1332201600.0,UPTREND
D11,2012,3,21,1,12,3,Wednesday,2012-03-21,7.32,7.32,7.09,7.24,6100.0,1332288000.0,DOWNTREND
D11,2012,3,22,1,12,4,Thursday,2012-03-22,7.36,7.36,7.32,7.32,18600.0,1332374400.0,DOWNTREND
D11,2012,3,23,1,12,5,Friday,2012-03-23,7.28,7.54,7.17,7.54,14900.0,1332460800.0,UPTREND
D11,2012,3,26,1,13,1,Monday,2012-03-26,7.84,7.88,7.54,7.88,30100.0,1332720000.0,UPTREND
D11,2012,3,27,1,13,2,Tuesday,2012-03-27,8.03,8.06,7.58,7.58,3100.0,1332806400.0,DOWNTREND
D11,2012,3,28,1,13,3,Wednesday,2012-03-28,7.76,7.76,7.58,7.65,3600.0,1332892800.0,DOWNTREND
D11,2012,3,29,1,13,4,Thursday,2012-03-29,7.95,7.95,7.47,7.62,6200.0,1332979200.0,DOWNTREND
D11,2012,3,30,1,13,5,Friday,2012-03-30,7.43,7.58,7.43,7.58,2900.0,1333065600.0,UPTREND
D11,2012,4,3,2,14,2,Tuesday,2012-04-03,7.92,7.92,7.92,7.92,100.0,1333411200.0,SIDEWAY
D11,2012,4,4,2,14,3,Wednesday,2012-04-04,7.73,7.73,7.47,7.47,9000.0,1333497600.0,DOWNTREND
D11,2012,4,5,2,14,4,Thursday,2012-04-05,7.54,7.62,7.47,7.62,1700.0,1333584000.0,UPTREND
D11,2012,4,6,2,14,5,Friday,2012-04-06,7.62,7.62,7.32,7.32,7500.0,1333670400.0,DOWNTREND
D11,2012,4,9,2,15,1,Monday,2012-04-09,7.58,7.58,7.58,7.58,15000.0,1333929600.0,SIDEWAY
D11,2012,4,10,2,15,2,Tuesday,2012-04-10,7.73,7.73,7.73,7.73,100.0,1334016000.0,SIDEWAY
D11,2012,4,11,2,15,3,Wednesday,2012-04-11,7.76,7.76,7.76,7.76,3200.0,1334102400.0,SIDEWAY
D11,2012,4,12,2,15,4,Thursday,2012-04-12,8.21,8.21,7.84,8.03,17900.0,1334188800.0,DOWNTREND
D11,2012,4,13,2,15,5,Friday,2012-04-13,8.59,8.59,8.14,8.14,23200.0,1334275200.0,DOWNTREND
D11,2012,4,16,2,16,1,Monday,2012-04-16,8.29,8.32,8.29,8.29,1200.0,1334534400.0,SIDEWAY
D11,2012,4,17,2,16,2,Tuesday,2012-04-17,8.29,8.85,8.29,8.62,30200.0,1334620800.0,UPTREND
D11,2012,4,18,2,16,3,Wednesday,2012-04-18,8.81,9.22,8.62,9.22,35000.0,1334707200.0,UPTREND
D11,2012,4,19,2,16,4,Thursday,2012-04-19,8.88,9.3,8.88,9.3,7200.0,1334793600.0,UPTREND
D11,2012,4,20,2,16,5,Friday,2012-04-20,8.96,9.33,8.96,9.3,9500.0,1334880000.0,UPTREND
D11,2012,4,23,2,17,1,Monday,2012-04-23,8.96,8.96,8.96,8.96,1500.0,1335139200.0,SIDEWAY
D11,2012,4,24,2,17,2,Tuesday,2012-04-24,8.96,9.22,8.92,9.22,6600.0,1335225600.0,UPTREND
D11,2012,4,25,2,17,3,Wednesday,2012-04-25,9.71,9.71,9.22,9.33,7400.0,1335312000.0,DOWNTREND
D11,2012,4,26,2,17,4,Thursday,2012-04-26,8.96,8.96,8.7,8.74,58900.0,1335398400.0,DOWNTREND
D11,2012,4,27,2,17,5,Friday,2012-04-27,9.07,9.07,9.07,9.07,100.0,1335484800.0,SIDEWAY
D11,2012,5,2,2,18,3,Wednesday,2012-05-02,8.44,9.18,8.44,8.92,5200.0,1335916800.0,UPTREND
D11,2012,5,4,2,18,5,Friday,2012-05-04,8.32,8.77,8.29,8.59,18400.0,1336089600.0,UPTREND
D11,2012,5,7,2,19,1,Monday,2012-05-07,9.18,9.18,8.7,8.81,8000.0,1336348800.0,DOWNTREND
D11,2012,5,8,2,19,2,Tuesday,2012-05-08,8.88,8.92,8.62,8.62,7200.0,1336435200.0,DOWNTREND
D11,2012,5,9,2,19,3,Wednesday,2012-05-09,8.59,8.66,8.44,8.59,13000.0,1336521600.0,SIDEWAY
D11,2012,5,10,2,19,4,Thursday,2012-05-10,8.62,8.62,8.32,8.62,8200.0,1336608000.0,SIDEWAY
D11,2012,5,11,2,19,5,Friday,2012-05-11,8.18,8.18,7.99,7.99,9700.0,1336694400.0,DOWNTREND
D11,2012,5,14,2,20,1,Monday,2012-05-14,7.8,7.8,7.8,7.8,400.0,1336953600.0,SIDEWAY
D11,2012,5,15,2,20,2,Tuesday,2012-05-15,7.39,7.43,7.28,7.43,8800.0,1337040000.0,UPTREND
D11,2012,5,16,2,20,3,Wednesday,2012-05-16,7.5,7.84,7.5,7.5,7100.0,1337126400.0,SIDEWAY
D11,2012,5,17,2,20,4,Thursday,2012-05-17,7.21,7.21,7.09,7.09,5800.0,1337212800.0,DOWNTREND
D11,2012,5,18,2,20,5,Friday,2012-05-18,7.13,7.13,6.76,6.76,1200.0,1337299200.0,DOWNTREND
D11,2012,5,21,2,21,1,Monday,2012-05-21,7.09,7.21,7.09,7.21,2800.0,1337558400.0,UPTREND
D11,2012,5,22,2,21,2,Tuesday,2012-05-22,7.47,7.47,7.47,7.47,100.0,1337644800.0,SIDEWAY
D11,2012,5,24,2,21,4,Thursday,2012-05-24,7.47,7.47,6.94,6.94,1700.0,1337817600.0,DOWNTREND
D11,2012,5,25,2,21,5,Friday,2012-05-25,7.09,7.21,7.09,7.21,3900.0,1337904000.0,UPTREND
D11,2012,5,28,2,22,1,Monday,2012-05-28,7.47,7.47,7.47,7.47,100.0,1338163200.0,SIDEWAY
D11,2012,5,30,2,22,3,Wednesday,2012-05-30,7.76,7.76,7.76,7.76,100.0,1338336000.0,SIDEWAY
D11,2012,5,31,2,22,4,Thursday,2012-05-31,7.47,7.54,7.28,7.54,400.0,1338422400.0,UPTREND
D11,2012,6,1,2,22,5,Friday,2012-06-01,7.39,7.39,7.39,7.39,1100.0,1338508800.0,SIDEWAY
D11,2012,6,4,2,23,1,Monday,2012-06-04,6.98,7.24,6.91,7.24,600.0,1338768000.0,UPTREND
D11,2012,6,5,2,23,2,Tuesday,2012-06-05,7.17,7.54,7.17,7.54,400.0,1338854400.0,UPTREND
D11,2012,6,6,2,23,3,Wednesday,2012-06-06,7.76,7.76,7.65,7.65,1100.0,1338940800.0,DOWNTREND
D11,2012,6,7,2,23,4,Thursday,2012-06-07,7.88,7.88,7.88,7.88,100.0,1339027200.0,SIDEWAY
D11,2012,6,8,2,23,5,Friday,2012-06-08,7.36,7.58,7.36,7.36,4400.0,1339113600.0,SIDEWAY
D11,2012,6,11,2,24,1,Monday,2012-06-11,7.73,7.76,7.21,7.28,900.0,1339372800.0,DOWNTREND
D11,2012,6,12,2,24,2,Tuesday,2012-06-12,7.36,7.36,7.06,7.06,300.0,1339459200.0,DOWNTREND
D11,2012,6,13,2,24,3,Wednesday,2012-06-13,6.94,7.47,6.94,7.47,300.0,1339545600.0,UPTREND
D11,2012,6,14,2,24,4,Thursday,2012-06-14,6.94,6.94,6.94,6.94,100.0,1339632000.0,SIDEWAY
D11,2012,6,15,2,24,5,Friday,2012-06-15,7.36,7.36,7.36,7.36,100.0,1339718400.0,SIDEWAY
D11,2012,6,18,2,25,1,Monday,2012-06-18,7.17,7.65,7.17,7.65,300.0,1339977600.0,UPTREND
D11,2012,6,19,2,25,2,Tuesday,2012-06-19,7.09,7.09,7.09,7.09,100.0,1340064000.0,SIDEWAY
D11,2012,6,20,2,25,3,Wednesday,2012-06-20,7.09,7.09,6.83,6.83,300.0,1340150400.0,DOWNTREND
D11,2012,6,21,2,25,4,Thursday,2012-06-21,7.09,7.09,6.87,6.87,300.0,1340236800.0,DOWNTREND
D11,2012,6,22,2,25,5,Friday,2012-06-22,6.94,6.94,6.91,6.91,300.0,1340323200.0,DOWNTREND
D11,2012,6,25,2,26,1,Monday,2012-06-25,7.17,7.17,7.17,7.17,100.0,1340582400.0,SIDEWAY
D11,2012,6,26,2,26,2,Tuesday,2012-06-26,6.76,6.76,6.72,6.72,1300.0,1340668800.0,DOWNTREND
D11,2012,6,27,2,26,3,Wednesday,2012-06-27,6.76,6.76,6.5,6.5,300.0,1340755200.0,DOWNTREND
D11,2012,6,28,2,26,4,Thursday,2012-06-28,6.38,6.38,6.38,6.38,700.0,1340841600.0,SIDEWAY
D11,2012,6,29,2,26,5,Friday,2012-06-29,6.42,6.72,5.97,5.97,1100.0,1340928000.0,DOWNTREND
D11,2012,7,2,3,27,1,Monday,2012-07-02,6.76,6.79,6.38,6.38,6100.0,1341187200.0,DOWNTREND
D11,2012,7,3,3,27,2,Tuesday,2012-07-03,6.38,6.38,6.38,6.38,300.0,1341273600.0,SIDEWAY
D11,2012,7,4,3,27,3,Wednesday,2012-07-04,6.38,6.64,6.38,6.64,800.0,1341360000.0,UPTREND
D11,2012,7,5,3,27,4,Thursday,2012-07-05,6.31,6.31,6.31,6.31,100.0,1341446400.0,SIDEWAY
D11,2012,7,6,3,27,5,Friday,2012-07-06,6.64,6.64,6.16,6.16,200.0,1341532800.0,DOWNTREND
D11,2012,7,10,3,28,2,Tuesday,2012-07-10,6.72,6.72,6.16,6.16,300.0,1341878400.0,DOWNTREND
D11,2012,7,11,3,28,3,Wednesday,2012-07-11,6.53,6.72,6.27,6.27,900.0,1341964800.0,DOWNTREND
D11,2012,7,12,3,28,4,Thursday,2012-07-12,6.24,6.24,6.24,6.24,100.0,1342051200.0,SIDEWAY
D11,2012,7,13,3,28,5,Friday,2012-07-13,6.61,6.64,6.61,6.64,9400.0,1342137600.0,UPTREND
D11,2012,7,16,3,29,1,Monday,2012-07-16,7.02,7.06,7.02,7.06,700.0,1342396800.0,UPTREND
D11,2012,7,17,3,29,2,Tuesday,2012-07-17,7.47,7.47,7.39,7.39,2500.0,1342483200.0,DOWNTREND
D11,2012,7,18,3,29,3,Wednesday,2012-07-18,7.39,7.39,6.91,6.91,200.0,1342569600.0,DOWNTREND
D11,2012,7,19,3,29,4,Thursday,2012-07-19,7.28,7.28,7.28,7.28,200.0,1342656000.0,SIDEWAY
D11,2012,7,20,3,29,5,Friday,2012-07-20,7.65,7.65,6.79,6.79,200.0,1342742400.0,DOWNTREND
D11,2012,7,23,3,30,1,Monday,2012-07-23,7.21,7.21,6.42,6.42,300.0,1343001600.0,DOWNTREND
D11,2012,7,24,3,30,2,Tuesday,2012-07-24,6.24,6.61,5.97,6.61,4500.0,1343088000.0,UPTREND
D11,2012,7,25,3,30,3,Wednesday,2012-07-25,6.61,6.79,6.38,6.38,1400.0,1343174400.0,DOWNTREND
D11,2012,7,26,3,30,4,Thursday,2012-07-26,6.76,6.76,6.38,6.38,400.0,1343260800.0,DOWNTREND
D11,2012,7,27,3,30,5,Friday,2012-07-27,6.76,6.76,6.38,6.38,600.0,1343347200.0,DOWNTREND
D11,2012,8,1,3,31,3,Wednesday,2012-08-01,6.31,6.31,6.24,6.24,3500.0,1343779200.0,DOWNTREND
D11,2012,8,2,3,31,4,Thursday,2012-08-02,6.61,6.61,5.97,5.97,1000.0,1343865600.0,DOWNTREND
D11,2012,8,3,3,31,5,Friday,2012-08-03,6.38,6.38,6.01,6.01,3700.0,1343952000.0,DOWNTREND
D11,2012,8,6,3,32,1,Monday,2012-08-06,5.86,5.86,5.86,5.86,100.0,1344211200.0,SIDEWAY
D11,2012,8,7,3,32,2,Tuesday,2012-08-07,6.24,6.24,5.56,5.56,500.0,1344297600.0,DOWNTREND
D11,2012,8,8,3,32,3,Wednesday,2012-08-08,5.94,5.94,5.94,5.94,100.0,1344384000.0,SIDEWAY
D11,2012,8,9,3,32,4,Thursday,2012-08-09,6.35,6.35,6.35,6.35,100.0,1344470400.0,SIDEWAY
D11,2012,8,10,3,32,5,Friday,2012-08-10,6.42,6.42,6.42,6.42,100.0,1344556800.0,SIDEWAY
D11,2012,8,13,3,33,1,Monday,2012-08-13,5.97,5.97,5.97,5.97,100.0,1344816000.0,SIDEWAY
D11,2012,8,14,3,33,2,Tuesday,2012-08-14,5.6,5.6,5.6,5.6,100.0,1344902400.0,SIDEWAY
D11,2012,8,15,3,33,3,Wednesday,2012-08-15,5.97,5.97,5.97,5.97,600.0,1344988800.0,SIDEWAY
D11,2012,8,21,3,34,2,Tuesday,2012-08-21,5.6,5.6,5.6,5.6,1000.0,1345507200.0,SIDEWAY
D11,2012,8,22,3,34,3,Wednesday,2012-08-22,5.45,5.94,5.26,5.94,5200.0,1345593600.0,UPTREND
D11,2012,8,23,3,34,4,Thursday,2012-08-23,5.6,5.6,5.53,5.53,2000.0,1345680000.0,DOWNTREND
D11,2012,8,24,3,34,5,Friday,2012-08-24,5.19,5.19,5.15,5.15,2400.0,1345766400.0,DOWNTREND
D11,2012,8,27,3,35,1,Monday,2012-08-27,5.08,5.08,4.82,4.82,3900.0,1346025600.0,DOWNTREND
D11,2012,8,28,3,35,2,Tuesday,2012-08-28,4.67,4.67,4.48,4.48,17900.0,1346112000.0,DOWNTREND
D11,2012,8,29,3,35,3,Wednesday,2012-08-29,4.48,4.48,4.29,4.29,7000.0,1346198400.0,DOWNTREND
D11,2012,8,30,3,35,4,Thursday,2012-08-30,4.59,4.59,4.59,4.59,5800.0,1346284800.0,SIDEWAY
D11,2012,9,4,3,36,2,Tuesday,2012-09-04,4.41,4.41,4.37,4.37,3800.0,1346716800.0,DOWNTREND
D11,2012,9,6,3,36,4,Thursday,2012-09-06,4.37,4.37,4.33,4.33,2000.0,1346889600.0,DOWNTREND
D11,2012,9,10,3,37,1,Monday,2012-09-10,4.11,4.11,4.03,4.03,4100.0,1347235200.0,DOWNTREND
D11,2012,9,11,3,37,2,Tuesday,2012-09-11,3.92,4.07,3.85,4.07,10200.0,1347321600.0,UPTREND
D11,2012,9,13,3,37,4,Thursday,2012-09-13,4.03,4.07,3.92,4.07,7800.0,1347494400.0,UPTREND
D11,2012,9,14,3,37,5,Friday,2012-09-14,4.07,4.11,4.07,4.11,1500.0,1347580800.0,UPTREND
D11,2012,9,17,3,38,1,Monday,2012-09-17,4.11,4.33,4.11,4.11,400.0,1347840000.0,SIDEWAY
D11,2012,9,18,3,38,2,Tuesday,2012-09-18,4.03,4.18,4.03,4.18,300.0,1347926400.0,UPTREND
D11,2012,9,19,3,38,3,Wednesday,2012-09-19,4.0,4.41,3.96,4.41,300.0,1348012800.0,UPTREND
D11,2012,9,20,3,38,4,Thursday,2012-09-20,4.7,4.7,4.11,4.55,1500.0,1348099200.0,DOWNTREND
D11,2012,9,21,3,38,5,Friday,2012-09-21,4.26,4.59,4.26,4.59,200.0,1348185600.0,UPTREND
D11,2012,9,27,3,39,4,Thursday,2012-09-27,4.37,4.37,4.29,4.29,1400.0,1348704000.0,DOWNTREND
D11,2012,9,28,3,39,5,Friday,2012-09-28,4.55,4.55,4.55,4.55,100.0,1348790400.0,SIDEWAY
D11,2012,10,1,4,40,1,Monday,2012-10-01,4.82,4.82,4.26,4.44,5300.0,1349049600.0,DOWNTREND
D11,2012,10,2,4,40,2,Tuesday,2012-10-02,4.18,4.18,4.18,4.18,4000.0,1349136000.0,SIDEWAY
D11,2012,10,3,4,40,3,Wednesday,2012-10-03,4.03,4.03,4.03,4.03,100.0,1349222400.0,SIDEWAY
D11,2012,10,4,4,40,4,Thursday,2012-10-04,4.18,4.18,3.85,3.85,1600.0,1349308800.0,DOWNTREND
D11,2012,10,5,4,40,5,Friday,2012-10-05,3.92,3.96,3.92,3.96,1400.0,1349395200.0,UPTREND
D11,2012,10,8,4,41,1,Monday,2012-10-08,4.0,4.22,4.0,4.22,400.0,1349654400.0,UPTREND
D11,2012,10,9,4,41,2,Tuesday,2012-10-09,4.03,4.03,4.03,4.03,200.0,1349740800.0,SIDEWAY
D11,2012,10,11,4,41,4,Thursday,2012-10-11,4.11,4.11,4.11,4.11,1000.0,1349913600.0,SIDEWAY
D11,2012,10,15,4,42,1,Monday,2012-10-15,4.33,4.33,4.33,4.33,100.0,1350259200.0,SIDEWAY
D11,2012,10,16,4,42,2,Tuesday,2012-10-16,4.14,4.14,4.14,4.14,1100.0,1350345600.0,SIDEWAY
D11,2012,10,17,4,42,3,Wednesday,2012-10-17,4.14,4.14,4.11,4.11,400.0,1350432000.0,DOWNTREND
D11,2012,10,18,4,42,4,Thursday,2012-10-18,4.07,4.07,4.03,4.03,3600.0,1350518400.0,DOWNTREND
D11,2012,10,24,4,43,3,Wednesday,2012-10-24,3.92,3.92,3.92,3.92,100.0,1351036800.0,SIDEWAY
D11,2012,10,26,4,43,5,Friday,2012-10-26,4.14,4.14,4.03,4.14,300.0,1351209600.0,SIDEWAY
D11,2012,10,29,4,44,1,Monday,2012-10-29,4.22,4.22,4.22,4.22,100.0,1351468800.0,SIDEWAY
D11,2012,10,30,4,44,2,Tuesday,2012-10-30,4.37,4.37,4.37,4.37,100.0,1351555200.0,SIDEWAY
D11,2012,10,31,4,44,3,Wednesday,2012-10-31,4.52,4.52,4.52,4.52,100.0,1351641600.0,SIDEWAY
D11,2012,11,7,4,45,3,Wednesday,2012-11-07,4.22,4.22,4.22,4.22,100.0,1352246400.0,SIDEWAY
D11,2012,11,8,4,45,4,Thursday,2012-11-08,3.96,4.18,3.96,4.18,1900.0,1352332800.0,UPTREND
D11,2012,11,9,4,45,5,Friday,2012-11-09,3.96,3.96,3.96,3.96,500.0,1352419200.0,SIDEWAY
D11,2012,11,14,4,46,3,Wednesday,2012-11-14,3.85,3.88,3.85,3.88,1100.0,1352851200.0,UPTREND
D11,2012,11,16,4,46,5,Friday,2012-11-16,4.0,4.03,4.0,4.03,500.0,1353024000.0,UPTREND
D11,2012,11,19,4,47,1,Monday,2012-11-19,4.26,4.26,4.26,4.26,100.0,1353283200.0,SIDEWAY
D11,2012,11,20,4,47,2,Tuesday,2012-11-20,4.41,4.41,4.41,4.41,100.0,1353369600.0,SIDEWAY
D11,2012,11,21,4,47,3,Wednesday,2012-11-21,4.48,4.48,4.48,4.48,100.0,1353456000.0,SIDEWAY
D11,2012,11,22,4,47,4,Thursday,2012-11-22,4.18,4.18,4.18,4.18,100.0,1353542400.0,SIDEWAY
D11,2012,11,23,4,47,5,Friday,2012-11-23,4.29,4.29,4.29,4.29,100.0,1353628800.0,SIDEWAY
D11,2012,11,26,4,48,1,Monday,2012-11-26,4.41,4.41,4.0,4.0,1900.0,1353888000.0,DOWNTREND
D11,2012,11,27,4,48,2,Tuesday,2012-11-27,4.22,4.22,3.73,3.73,10100.0,1353974400.0,DOWNTREND
D11,2012,11,29,4,48,4,Thursday,2012-11-29,3.96,3.96,3.96,3.96,400.0,1354147200.0,SIDEWAY
D11,2012,11,30,4,48,5,Friday,2012-11-30,3.85,3.85,3.85,3.85,100.0,1354233600.0,SIDEWAY
D11,2012,12,3,4,49,1,Monday,2012-12-03,4.03,4.03,4.03,4.03,100.0,1354492800.0,SIDEWAY
D11,2012,12,4,4,49,2,Tuesday,2012-12-04,3.85,3.85,3.77,3.77,4200.0,1354579200.0,DOWNTREND
D11,2012,12,6,4,49,4,Thursday,2012-12-06,4.0,4.03,4.0,4.03,1800.0,1354752000.0,UPTREND
D11,2012,12,7,4,49,5,Friday,2012-12-07,4.26,4.26,4.26,4.26,400.0,1354838400.0,SIDEWAY
D11,2012,12,10,4,50,1,Monday,2012-12-10,4.41,4.41,4.41,4.41,100.0,1355097600.0,SIDEWAY
D11,2012,12,11,4,50,2,Tuesday,2012-12-11,4.59,4.59,4.59,4.59,100.0,1355184000.0,SIDEWAY
D11,2012,12,12,4,50,3,Wednesday,2012-12-12,4.29,4.29,4.29,4.29,1400.0,1355270400.0,SIDEWAY
D11,2012,12,14,4,50,5,Friday,2012-12-14,4.29,4.29,4.29,4.29,100.0,1355443200.0,SIDEWAY
D11,2012,12,20,4,51,4,Thursday,2012-12-20,4.29,4.29,4.26,4.29,10000.0,1355961600.0,SIDEWAY
D11,2012,12,21,4,51,5,Friday,2012-12-21,4.26,4.26,4.26,4.26,1900.0,1356048000.0,SIDEWAY
D11,2012,12,25,4,52,2,Tuesday,2012-12-25,4.26,4.26,4.26,4.26,200.0,1356393600.0,SIDEWAY
D11,2012,12,28,4,52,5,Friday,2012-12-28,4.29,4.29,4.29,4.29,1900.0,1356652800.0,SIDEWAY
D11,2013,1,2,1,1,3,Wednesday,2013-01-02,4.29,4.29,4.29,4.29,1000.0,1357084800.0,SIDEWAY
D11,2013,1,3,1,1,4,Thursday,2013-01-03,4.22,4.22,4.22,4.22,1000.0,1357171200.0,SIDEWAY
D11,2013,1,9,1,2,3,Wednesday,2013-01-09,4.0,4.07,4.0,4.07,1100.0,1357689600.0,UPTREND
D11,2013,1,11,1,2,5,Friday,2013-01-11,4.11,4.11,4.11,4.11,1700.0,1357862400.0,SIDEWAY
D11,2013,1,16,1,3,3,Wednesday,2013-01-16,4.11,4.11,4.11,4.11,300.0,1358294400.0,SIDEWAY
D11,2013,1,17,1,3,4,Thursday,2013-01-17,4.22,4.52,4.22,4.52,2500.0,1358380800.0,UPTREND
D11,2013,1,21,1,4,1,Monday,2013-01-21,4.55,4.55,4.55,4.55,300.0,1358726400.0,SIDEWAY
D11,2013,1,23,1,4,3,Wednesday,2013-01-23,4.55,4.55,4.55,4.55,200.0,1358899200.0,SIDEWAY
D11,2013,1,28,1,5,1,Monday,2013-01-28,4.55,4.55,4.55,4.55,100.0,1359331200.0,SIDEWAY
D11,2013,1,29,1,5,2,Tuesday,2013-01-29,4.11,4.11,4.11,4.11,900.0,1359417600.0,SIDEWAY
D11,2013,1,30,1,5,3,Wednesday,2013-01-30,4.11,4.11,4.07,4.07,2500.0,1359504000.0,DOWNTREND
D11,2013,2,1,1,5,5,Friday,2013-02-01,3.92,3.92,3.92,3.92,6100.0,1359676800.0,SIDEWAY
D11,2013,2,4,1,6,1,Monday,2013-02-04,3.85,4.11,3.85,4.11,200.0,1359936000.0,UPTREND
D11,2013,2,6,1,6,3,Wednesday,2013-02-06,4.11,4.11,4.11,4.11,200.0,1360108800.0,SIDEWAY
D11,2013,2,7,1,6,4,Thursday,2013-02-07,4.11,4.11,4.11,4.11,100.0,1360195200.0,SIDEWAY
D11,2013,2,8,1,6,5,Friday,2013-02-08,4.11,4.11,4.11,4.11,1000.0,1360281600.0,SIDEWAY
D11,2013,2,18,1,8,1,Monday,2013-02-18,4.26,4.29,4.26,4.29,200.0,1361145600.0,UPTREND
D11,2013,2,19,1,8,2,Tuesday,2013-02-19,4.29,4.29,4.29,4.29,400.0,1361232000.0,SIDEWAY
D11,2013,2,21,1,8,4,Thursday,2013-02-21,4.11,4.14,4.11,4.11,2000.0,1361404800.0,SIDEWAY
D11,2013,2,22,1,8,5,Friday,2013-02-22,4.11,4.11,4.11,4.11,1000.0,1361491200.0,SIDEWAY
D11,2013,2,26,1,9,2,Tuesday,2013-02-26,3.81,3.81,3.81,3.81,13900.0,1361836800.0,SIDEWAY
D11,2013,3,1,1,9,5,Friday,2013-03-01,4.18,4.18,4.18,4.18,2700.0,1362096000.0,SIDEWAY
D11,2013,3,4,1,10,1,Monday,2013-03-04,4.59,4.59,3.77,4.55,21600.0,1362355200.0,DOWNTREND
D11,2013,3,6,1,10,3,Wednesday,2013-03-06,4.14,4.14,4.14,4.14,100.0,1362528000.0,SIDEWAY
D11,2013,3,7,1,10,4,Thursday,2013-03-07,3.77,4.48,3.77,3.92,5300.0,1362614400.0,UPTREND
D11,2013,3,11,1,11,1,Monday,2013-03-11,3.92,4.29,3.92,4.29,7200.0,1362960000.0,UPTREND
D11,2013,3,12,1,11,2,Tuesday,2013-03-12,4.7,4.7,4.59,4.7,39600.0,1363046400.0,SIDEWAY
D11,2013,3,13,1,11,3,Wednesday,2013-03-13,5.15,5.15,5.15,5.15,7800.0,1363132800.0,SIDEWAY
D11,2013,3,14,1,11,4,Thursday,2013-03-14,5.64,5.64,5.45,5.56,11000.0,1363219200.0,DOWNTREND
D11,2013,3,15,1,11,5,Friday,2013-03-15,5.08,5.26,5.04,5.04,3100.0,1363305600.0,DOWNTREND
D11,2013,3,18,1,12,1,Monday,2013-03-18,4.67,5.04,4.55,5.04,12100.0,1363564800.0,UPTREND
D11,2013,3,19,1,12,2,Tuesday,2013-03-19,4.63,5.38,4.63,5.38,5500.0,1363651200.0,UPTREND
D11,2013,3,20,1,12,3,Wednesday,2013-03-20,4.89,5.64,4.89,5.64,2200.0,1363737600.0,UPTREND
D11,2013,3,21,1,12,4,Thursday,2013-03-21,6.05,6.05,5.08,5.94,9700.0,1363824000.0,DOWNTREND
D11,2013,3,22,1,12,5,Friday,2013-03-22,5.79,5.94,5.38,5.6,10600.0,1363910400.0,DOWNTREND
D11,2013,3,25,1,13,1,Monday,2013-03-25,5.15,5.34,5.04,5.34,4700.0,1364169600.0,UPTREND
D11,2013,3,26,1,13,2,Tuesday,2013-03-26,4.85,5.38,4.82,5.26,2900.0,1364256000.0,UPTREND
D11,2013,3,27,1,13,3,Wednesday,2013-03-27,4.74,5.19,4.74,5.19,400.0,1364342400.0,UPTREND
D11,2013,3,28,1,13,4,Thursday,2013-03-28,4.74,5.19,4.74,5.19,3200.0,1364428800.0,UPTREND
D11,2013,4,1,2,14,1,Monday,2013-04-01,5.38,5.38,4.85,5.38,800.0,1364774400.0,SIDEWAY
D11,2013,4,2,2,14,2,Tuesday,2013-04-02,5.64,5.64,5.38,5.38,800.0,1364860800.0,DOWNTREND
D11,2013,4,3,2,14,3,Wednesday,2013-04-03,5.6,5.6,5.3,5.3,3800.0,1364947200.0,DOWNTREND
D11,2013,4,5,2,14,5,Friday,2013-04-05,5.23,5.53,5.23,5.53,5100.0,1365120000.0,UPTREND
D11,2013,4,8,2,15,1,Monday,2013-04-08,5.38,5.38,5.0,5.34,10400.0,1365379200.0,DOWNTREND
D11,2013,4,9,2,15,2,Tuesday,2013-04-09,5.41,5.41,5.41,5.41,100.0,1365465600.0,SIDEWAY
D11,2013,4,15,2,16,1,Monday,2013-04-15,4.89,5.38,4.89,5.23,25300.0,1365984000.0,UPTREND
D11,2013,4,16,2,16,2,Tuesday,2013-04-16,5.6,5.6,5.6,5.6,2000.0,1366070400.0,SIDEWAY
D11,2013,4,17,2,16,3,Wednesday,2013-04-17,5.6,5.6,5.6,5.6,100.0,1366156800.0,SIDEWAY
D11,2013,4,18,2,16,4,Thursday,2013-04-18,5.97,5.97,5.97,5.97,100.0,1366243200.0,SIDEWAY
D11,2013,4,22,2,17,1,Monday,2013-04-22,6.57,6.57,5.38,5.9,20800.0,1366588800.0,DOWNTREND
D11,2013,4,23,2,17,2,Tuesday,2013-04-23,5.45,5.82,5.34,5.56,6600.0,1366675200.0,UPTREND
D11,2013,4,24,2,17,3,Wednesday,2013-04-24,6.08,6.08,5.41,5.53,2000.0,1366761600.0,DOWNTREND
D11,2013,4,25,2,17,4,Thursday,2013-04-25,5.53,5.53,5.23,5.23,200.0,1366848000.0,DOWNTREND
D11,2013,4,26,2,17,5,Friday,2013-04-26,5.49,5.53,4.96,4.96,4300.0,1366934400.0,DOWNTREND
D11,2013,5,2,2,18,4,Thursday,2013-05-02,5.34,5.38,5.34,5.38,2000.0,1367452800.0,UPTREND
D11,2013,5,3,2,18,5,Friday,2013-05-03,5.38,5.45,5.38,5.38,1100.0,1367539200.0,SIDEWAY
D11,2013,5,6,2,19,1,Monday,2013-05-06,4.96,5.45,4.96,5.45,9800.0,1367798400.0,UPTREND
D11,2013,5,7,2,19,2,Tuesday,2013-05-07,4.96,5.41,4.93,5.38,3700.0,1367884800.0,UPTREND
D11,2013,5,8,2,19,3,Wednesday,2013-05-08,4.85,5.34,4.85,5.34,1200.0,1367971200.0,UPTREND
D11,2013,5,13,2,20,1,Monday,2013-05-13,4.78,5.23,4.78,5.19,12200.0,1368403200.0,UPTREND
D11,2013,5,14,2,20,2,Tuesday,2013-05-14,5.34,5.34,5.34,5.34,4800.0,1368489600.0,SIDEWAY
D11,2013,5,17,2,20,5,Friday,2013-05-17,5.23,5.3,5.23,5.3,1000.0,1368748800.0,UPTREND
D11,2013,5,21,2,21,2,Tuesday,2013-05-21,4.89,4.89,4.89,4.89,2500.0,1369094400.0,SIDEWAY
D11,2013,5,22,2,21,3,Wednesday,2013-05-22,5.04,5.38,4.85,5.26,6500.0,1369180800.0,UPTREND
D11,2013,5,23,2,21,4,Thursday,2013-05-23,5.26,5.26,5.26,5.26,300.0,1369267200.0,SIDEWAY
D11,2013,5,24,2,21,5,Friday,2013-05-24,5.26,5.71,5.26,5.26,1200.0,1369353600.0,SIDEWAY
D11,2013,5,27,2,22,1,Monday,2013-05-27,5.19,5.38,5.19,5.38,3500.0,1369612800.0,UPTREND
D11,2013,5,28,2,22,2,Tuesday,2013-05-28,5.08,5.26,5.08,5.26,2500.0,1369699200.0,UPTREND
D11,2013,5,29,2,22,3,Wednesday,2013-05-29,5.08,5.23,4.96,5.23,18700.0,1369785600.0,UPTREND
D11,2013,5,30,2,22,4,Thursday,2013-05-30,5.41,5.41,5.41,5.41,300.0,1369872000.0,SIDEWAY
D11,2013,5,31,2,22,5,Friday,2013-05-31,5.41,5.41,5.41,5.41,100.0,1369958400.0,SIDEWAY
D11,2013,6,3,2,23,1,Monday,2013-06-03,4.89,5.53,4.89,5.34,13700.0,1370217600.0,UPTREND
D11,2013,6,4,2,23,2,Tuesday,2013-06-04,4.85,5.38,4.7,5.38,22800.0,1370304000.0,UPTREND
D11,2013,6,5,2,23,3,Wednesday,2013-06-05,5.38,5.38,5.38,5.38,200.0,1370390400.0,SIDEWAY
D11,2013,6,6,2,23,4,Thursday,2013-06-06,5.38,5.82,5.38,5.82,11000.0,1370476800.0,UPTREND
D11,2013,6,7,2,23,5,Friday,2013-06-07,5.34,5.34,5.34,5.34,100.0,1370563200.0,SIDEWAY
D11,2013,6,10,2,24,1,Monday,2013-06-10,5.6,5.6,5.23,5.34,12000.0,1370822400.0,DOWNTREND
D11,2013,6,11,2,24,2,Tuesday,2013-06-11,5.53,5.53,5.38,5.53,2300.0,1370908800.0,SIDEWAY
D11,2013,6,12,2,24,3,Wednesday,2013-06-12,5.26,5.79,5.26,5.79,400.0,1370995200.0,UPTREND
D11,2013,6,13,2,24,4,Thursday,2013-06-13,6.16,6.16,5.6,5.79,16200.0,1371081600.0,DOWNTREND
D11,2013,6,14,2,24,5,Friday,2013-06-14,5.6,6.16,5.6,5.86,16400.0,1371168000.0,UPTREND
D11,2013,6,17,2,25,1,Monday,2013-06-17,5.64,5.86,5.53,5.86,13700.0,1371427200.0,UPTREND
D11,2013,6,18,2,25,2,Tuesday,2013-06-18,6.05,6.05,5.53,5.6,14200.0,1371513600.0,DOWNTREND
D11,2013,6,19,2,25,3,Wednesday,2013-06-19,5.79,5.79,5.53,5.6,22000.0,1371600000.0,DOWNTREND
D11,2013,6,20,2,25,4,Thursday,2013-06-20,5.6,5.97,5.6,5.97,4200.0,1371686400.0,UPTREND
D11,2013,6,21,2,25,5,Friday,2013-06-21,6.16,6.16,6.16,5.97,100.0,1371772800.0,DOWNTREND
D11,2013,6,24,2,26,1,Monday,2013-06-24,5.97,5.97,5.97,5.97,3900.0,1372032000.0,SIDEWAY
D11,2013,6,25,2,26,2,Tuesday,2013-06-25,5.6,5.6,5.53,5.53,7100.0,1372118400.0,DOWNTREND
D11,2013,6,26,2,26,3,Wednesday,2013-06-26,5.53,5.53,5.53,5.53,2200.0,1372204800.0,SIDEWAY
D11,2013,6,28,2,26,5,Friday,2013-06-28,5.53,5.53,5.53,5.53,2000.0,1372377600.0,SIDEWAY
D11,2013,7,2,3,27,2,Tuesday,2013-07-02,5.82,5.82,5.82,5.82,100.0,1372723200.0,SIDEWAY
D11,2013,7,4,3,27,4,Thursday,2013-07-04,5.56,5.56,5.53,5.53,8400.0,1372896000.0,DOWNTREND
D11,2013,7,5,3,27,5,Friday,2013-07-05,5.53,5.53,5.53,5.53,1000.0,1372982400.0,SIDEWAY
D11,2013,7,8,3,28,1,Monday,2013-07-08,5.53,5.53,5.53,5.53,4500.0,1373241600.0,SIDEWAY
D11,2013,7,9,3,28,2,Tuesday,2013-07-09,5.53,5.53,5.53,5.53,200.0,1373328000.0,SIDEWAY
D11,2013,7,10,3,28,3,Wednesday,2013-07-10,5.26,5.53,5.26,5.53,1600.0,1373414400.0,UPTREND
D11,2013,7,11,3,28,4,Thursday,2013-07-11,5.53,5.53,5.53,5.53,5500.0,1373500800.0,SIDEWAY
D11,2013,7,15,3,29,1,Monday,2013-07-15,5.53,5.53,5.53,5.53,4800.0,1373846400.0,SIDEWAY
D11,2013,7,17,3,29,3,Wednesday,2013-07-17,5.53,5.53,5.53,5.53,1500.0,1374019200.0,SIDEWAY
D11,2013,7,22,3,30,1,Monday,2013-07-22,5.6,5.6,5.56,5.56,5100.0,1374451200.0,DOWNTREND
D11,2013,7,23,3,30,2,Tuesday,2013-07-23,5.6,5.6,5.6,5.6,1000.0,1374537600.0,SIDEWAY
D11,2013,7,24,3,30,3,Wednesday,2013-07-24,5.56,5.6,5.56,5.56,1800.0,1374624000.0,SIDEWAY
D11,2013,7,25,3,30,4,Thursday,2013-07-25,5.6,5.6,5.6,5.6,1000.0,1374710400.0,SIDEWAY
D11,2013,7,26,3,30,5,Friday,2013-07-26,5.56,5.6,5.56,5.6,6700.0,1374796800.0,UPTREND
D11,2013,7,29,3,31,1,Monday,2013-07-29,5.6,5.79,5.6,5.79,2300.0,1375056000.0,UPTREND
D11,2013,7,30,3,31,2,Tuesday,2013-07-30,5.64,5.64,5.6,5.6,3800.0,1375142400.0,DOWNTREND
D11,2013,8,8,3,32,4,Thursday,2013-08-08,5.41,5.41,5.41,5.41,1000.0,1375920000.0,SIDEWAY
D11,2013,8,14,3,33,3,Wednesday,2013-08-14,5.38,5.94,5.38,5.94,300.0,1376438400.0,UPTREND
D11,2013,8,15,3,33,4,Thursday,2013-08-15,5.97,5.97,5.97,5.97,100.0,1376524800.0,SIDEWAY
D11,2013,8,19,3,34,1,Monday,2013-08-19,5.53,5.53,5.53,5.53,5000.0,1376870400.0,SIDEWAY
D11,2013,8,20,3,34,2,Tuesday,2013-08-20,5.53,5.53,5.53,5.53,4200.0,1376956800.0,SIDEWAY
D11,2013,8,21,3,34,3,Wednesday,2013-08-21,5.53,5.56,5.53,5.56,7200.0,1377043200.0,UPTREND
D11,2013,8,22,3,34,4,Thursday,2013-08-22,5.53,5.53,5.53,5.53,3800.0,1377129600.0,SIDEWAY
D11,2013,8,23,3,34,5,Friday,2013-08-23,5.53,5.53,5.53,5.53,3000.0,1377216000.0,SIDEWAY
D11,2013,8,26,3,35,1,Monday,2013-08-26,5.56,5.56,5.56,5.56,1000.0,1377475200.0,SIDEWAY
D11,2013,8,28,3,35,3,Wednesday,2013-08-28,5.56,5.79,5.53,5.79,7100.0,1377648000.0,UPTREND
D11,2013,9,3,3,36,2,Tuesday,2013-09-03,5.56,5.56,5.56,5.56,500.0,1378166400.0,SIDEWAY
D11,2013,9,4,3,36,3,Wednesday,2013-09-04,5.53,5.53,5.53,5.53,3100.0,1378252800.0,SIDEWAY
D11,2013,9,6,3,36,5,Friday,2013-09-06,5.53,5.53,5.53,5.53,4000.0,1378425600.0,SIDEWAY
D11,2013,9,23,3,39,1,Monday,2013-09-23,5.6,5.82,5.6,5.82,13000.0,1379894400.0,UPTREND
D11,2013,9,24,3,39,2,Tuesday,2013-09-24,5.82,5.82,5.82,5.82,500.0,1379980800.0,SIDEWAY
D11,2013,9,26,3,39,4,Thursday,2013-09-26,6.08,6.08,6.08,6.08,300.0,1380153600.0,SIDEWAY
D11,2013,9,27,3,39,5,Friday,2013-09-27,6.44,6.44,6.44,6.44,4100.0,1380240000.0,SIDEWAY
D11,2013,9,30,3,40,1,Monday,2013-09-30,6.44,6.44,6.4,6.4,4700.0,1380499200.0,DOWNTREND
D11,2013,10,1,4,40,2,Tuesday,2013-10-01,6.35,6.35,6.35,6.35,4600.0,1380585600.0,SIDEWAY
D11,2013,10,3,4,40,4,Thursday,2013-10-03,6.35,6.35,6.35,6.35,100.0,1380758400.0,SIDEWAY
D11,2013,10,8,4,41,2,Tuesday,2013-10-08,5.73,5.73,5.73,5.73,1000.0,1381190400.0,SIDEWAY
D11,2013,10,9,4,41,3,Wednesday,2013-10-09,6.3,6.3,6.3,6.3,100.0,1381276800.0,SIDEWAY
D11,2013,10,10,4,41,4,Thursday,2013-10-10,5.68,6.68,5.68,6.68,1900.0,1381363200.0,UPTREND
D11,2013,10,11,4,41,5,Friday,2013-10-11,6.01,6.01,6.01,6.01,100.0,1381449600.0,SIDEWAY
D11,2013,10,23,4,43,3,Wednesday,2013-10-23,6.01,6.01,6.01,6.01,5000.0,1382486400.0,SIDEWAY
D11,2013,10,29,4,44,2,Tuesday,2013-10-29,5.54,5.54,5.54,5.54,4000.0,1383004800.0,SIDEWAY
D11,2013,10,30,4,44,3,Wednesday,2013-10-30,5.54,5.54,5.54,5.54,5000.0,1383091200.0,SIDEWAY
D11,2013,11,5,4,45,2,Tuesday,2013-11-05,5.54,5.54,5.54,5.54,100.0,1383609600.0,SIDEWAY
D11,2013,11,7,4,45,4,Thursday,2013-11-07,5.54,5.54,5.54,5.54,900.0,1383782400.0,SIDEWAY
D11,2013,11,18,4,47,1,Monday,2013-11-18,5.73,5.73,5.73,5.73,100.0,1384732800.0,SIDEWAY
D11,2013,11,19,4,47,2,Tuesday,2013-11-19,5.54,5.63,5.54,5.63,10100.0,1384819200.0,UPTREND
D11,2013,11,20,4,47,3,Wednesday,2013-11-20,5.63,5.63,5.63,5.63,900.0,1384905600.0,SIDEWAY
D11,2013,11,21,4,47,4,Thursday,2013-11-21,5.54,5.54,5.54,5.54,100.0,1384992000.0,SIDEWAY
D11,2013,11,22,4,47,5,Friday,2013-11-22,5.54,5.54,5.54,5.54,1000.0,1385078400.0,SIDEWAY
D11,2013,11,29,4,48,5,Friday,2013-11-29,5.54,5.54,5.49,5.49,5000.0,1385683200.0,DOWNTREND
D11,2013,12,2,4,49,1,Monday,2013-12-02,5.44,5.49,5.44,5.49,6000.0,1385942400.0,UPTREND
D11,2013,12,4,4,49,3,Wednesday,2013-12-04,5.73,5.73,5.73,5.73,5000.0,1386115200.0,SIDEWAY
D11,2013,12,5,4,49,4,Thursday,2013-12-05,5.73,5.73,5.73,5.73,3700.0,1386201600.0,SIDEWAY
D11,2013,12,6,4,49,5,Friday,2013-12-06,5.97,5.97,5.97,5.97,100.0,1386288000.0,SIDEWAY
D11,2013,12,9,4,50,1,Monday,2013-12-09,5.73,5.73,5.73,5.73,6000.0,1386547200.0,SIDEWAY
D11,2013,12,11,4,50,3,Wednesday,2013-12-11,5.25,5.25,5.25,5.25,100.0,1386720000.0,SIDEWAY
D11,2013,12,17,4,51,2,Tuesday,2013-12-17,5.25,5.25,5.25,5.25,1200.0,1387238400.0,SIDEWAY
D11,2013,12,18,4,51,3,Wednesday,2013-12-18,5.25,5.25,5.25,5.25,1000.0,1387324800.0,SIDEWAY
D11,2013,12,19,4,51,4,Thursday,2013-12-19,5.3,5.3,5.3,5.3,2200.0,1387411200.0,SIDEWAY
D11,2013,12,20,4,51,5,Friday,2013-12-20,5.49,5.49,5.25,5.25,5000.0,1387497600.0,DOWNTREND
D11,2013,12,23,4,52,1,Monday,2013-12-23,5.78,5.78,5.78,5.78,5000.0,1387756800.0,SIDEWAY
D11,2013,12,24,4,52,2,Tuesday,2013-12-24,5.97,5.97,5.97,5.97,1500.0,1387843200.0,SIDEWAY
D11,2014,1,6,1,2,1,Monday,2014-01-06,5.82,5.82,5.82,5.82,3000.0,1388966400.0,SIDEWAY
D11,2014,1,7,1,2,2,Tuesday,2014-01-07,5.87,5.87,5.87,5.87,3700.0,1389052800.0,SIDEWAY
D11,2014,1,8,1,2,3,Wednesday,2014-01-08,5.92,5.92,5.92,5.92,400.0,1389139200.0,SIDEWAY
D11,2014,1,15,1,3,3,Wednesday,2014-01-15,5.92,5.92,5.92,5.92,2000.0,1389744000.0,SIDEWAY
D11,2014,1,16,1,3,4,Thursday,2014-01-16,5.92,5.92,5.92,5.92,1500.0,1389830400.0,SIDEWAY
D11,2014,1,21,1,4,2,Tuesday,2014-01-21,5.92,5.92,5.92,5.92,5000.0,1390262400.0,SIDEWAY
D11,2014,1,22,1,4,3,Wednesday,2014-01-22,5.92,5.92,5.92,5.92,2000.0,1390348800.0,SIDEWAY
D11,2014,2,7,1,6,5,Friday,2014-02-07,5.87,5.87,5.87,5.87,4200.0,1391731200.0,SIDEWAY
D11,2014,2,10,1,7,1,Monday,2014-02-10,5.87,5.92,5.82,5.92,8000.0,1391990400.0,UPTREND
D11,2014,2,11,1,7,2,Tuesday,2014-02-11,5.92,5.92,5.92,5.92,4800.0,1392076800.0,SIDEWAY
D11,2014,2,13,1,7,4,Thursday,2014-02-13,5.97,6.11,5.97,6.11,1400.0,1392249600.0,UPTREND
D11,2014,2,14,1,7,5,Friday,2014-02-14,5.97,6.01,5.97,5.97,5100.0,1392336000.0,SIDEWAY
D11,2014,2,17,1,8,1,Monday,2014-02-17,5.97,5.97,5.97,5.97,1500.0,1392595200.0,SIDEWAY
D11,2014,2,20,1,8,4,Thursday,2014-02-20,5.97,5.97,5.97,5.97,1000.0,1392854400.0,SIDEWAY
D11,2014,2,26,1,9,3,Wednesday,2014-02-26,6.01,6.01,6.01,6.01,1500.0,1393372800.0,SIDEWAY
D11,2014,3,4,1,10,2,Tuesday,2014-03-04,6.59,6.59,6.59,6.59,100.0,1393891200.0,SIDEWAY
D11,2014,3,5,1,10,3,Wednesday,2014-03-05,7.06,7.06,7.06,7.06,100.0,1393977600.0,SIDEWAY
D11,2014,3,20,1,12,4,Thursday,2014-03-20,6.68,6.68,6.59,6.59,300.0,1395273600.0,DOWNTREND
D11,2014,3,26,1,13,3,Wednesday,2014-03-26,6.59,6.59,6.59,6.59,500.0,1395792000.0,SIDEWAY
D11,2014,3,27,1,13,4,Thursday,2014-03-27,6.44,6.44,6.44,6.44,1000.0,1395878400.0,SIDEWAY
D11,2014,4,1,2,14,2,Tuesday,2014-04-01,6.11,6.11,6.11,6.11,200.0,1396310400.0,SIDEWAY
D11,2014,4,2,2,14,3,Wednesday,2014-04-02,6.54,6.54,6.54,6.54,100.0,1396396800.0,SIDEWAY
D11,2014,4,3,2,14,4,Thursday,2014-04-03,6.21,6.21,6.21,6.21,100.0,1396483200.0,SIDEWAY
D11,2014,4,7,2,15,1,Monday,2014-04-07,6.21,6.21,6.21,6.21,100.0,1396828800.0,SIDEWAY
D11,2014,4,8,2,15,2,Tuesday,2014-04-08,5.97,5.97,5.97,5.97,100.0,1396915200.0,SIDEWAY
D11,2014,4,11,2,15,5,Friday,2014-04-11,5.97,5.97,5.97,5.97,4000.0,1397174400.0,SIDEWAY
D11,2014,4,14,2,16,1,Monday,2014-04-14,6.06,6.06,6.06,6.06,2000.0,1397433600.0,SIDEWAY
D11,2014,4,16,2,16,3,Wednesday,2014-04-16,6.06,6.06,6.06,6.06,2500.0,1397606400.0,SIDEWAY
D11,2014,4,17,2,16,4,Thursday,2014-04-17,6.06,6.11,6.06,6.06,12400.0,1397692800.0,SIDEWAY
D11,2014,4,21,2,17,1,Monday,2014-04-21,6.21,6.21,6.21,6.21,500.0,1398038400.0,SIDEWAY
D11,2014,4,24,2,17,4,Thursday,2014-04-24,6.25,6.25,6.25,6.25,500.0,1398297600.0,SIDEWAY
D11,2014,4,29,2,18,2,Tuesday,2014-04-29,6.11,6.11,6.11,6.11,400.0,1398729600.0,SIDEWAY
D11,2014,5,6,2,19,2,Tuesday,2014-05-06,6.21,6.21,6.21,6.21,100.0,1399334400.0,SIDEWAY
D11,2014,5,8,2,19,4,Thursday,2014-05-08,6.16,6.21,6.06,6.06,27700.0,1399507200.0,DOWNTREND
D11,2014,5,9,2,19,5,Friday,2014-05-09,6.16,6.16,6.16,6.16,9900.0,1399593600.0,SIDEWAY
D11,2014,5,12,2,20,1,Monday,2014-05-12,6.16,6.16,6.06,6.11,36400.0,1399852800.0,DOWNTREND
D11,2014,5,13,2,20,2,Tuesday,2014-05-13,6.06,6.11,6.06,6.11,20400.0,1399939200.0,UPTREND
D11,2014,5,14,2,20,3,Wednesday,2014-05-14,6.21,6.21,6.21,6.21,2000.0,1400025600.0,SIDEWAY
D11,2014,5,15,2,20,4,Thursday,2014-05-15,6.11,6.11,6.11,6.11,46200.0,1400112000.0,SIDEWAY
D11,2014,5,16,2,20,5,Friday,2014-05-16,6.16,6.16,6.11,6.11,41400.0,1400198400.0,DOWNTREND
D11,2014,5,19,2,21,1,Monday,2014-05-19,6.11,6.11,6.11,6.11,100.0,1400457600.0,SIDEWAY
D11,2014,5,23,2,21,5,Friday,2014-05-23,6.21,6.21,6.21,6.21,3000.0,1400803200.0,SIDEWAY
D11,2014,5,26,2,22,1,Monday,2014-05-26,6.3,6.3,6.21,6.21,2100.0,1401062400.0,DOWNTREND
D11,2014,5,27,2,22,2,Tuesday,2014-05-27,6.3,6.3,6.3,6.3,500.0,1401148800.0,SIDEWAY
D11,2014,6,13,2,24,5,Friday,2014-06-13,6.3,6.3,6.3,6.3,400.0,1402617600.0,SIDEWAY
D11,2014,7,17,3,29,4,Thursday,2014-07-17,6.89,6.89,6.89,6.89,6500.0,1405555200.0,SIDEWAY
D11,2014,7,23,3,30,3,Wednesday,2014-07-23,6.46,6.46,6.46,6.46,100.0,1406073600.0,SIDEWAY
D11,2014,8,12,3,33,2,Tuesday,2014-08-12,6.73,6.73,6.73,6.73,700.0,1407801600.0,SIDEWAY
D11,2014,9,30,3,40,2,Tuesday,2014-09-30,6.73,6.73,6.73,6.73,100.0,1412035200.0,SIDEWAY
D11,2014,10,3,4,40,5,Friday,2014-10-03,6.46,6.46,6.46,6.46,100.0,1412294400.0,SIDEWAY
D11,2014,10,7,4,41,2,Tuesday,2014-10-07,6.25,6.25,6.25,6.25,200.0,1412640000.0,SIDEWAY
D11,2014,10,8,4,41,3,Wednesday,2014-10-08,6.14,6.14,6.14,6.14,300.0,1412726400.0,SIDEWAY
D11,2014,10,9,4,41,4,Thursday,2014-10-09,6.35,6.35,6.35,6.35,500.0,1412812800.0,SIDEWAY
D11,2014,10,10,4,41,5,Friday,2014-10-10,6.89,6.89,6.89,6.89,700.0,1412899200.0,SIDEWAY
D11,2014,10,14,4,42,2,Tuesday,2014-10-14,6.35,6.35,6.35,6.35,500.0,1413244800.0,SIDEWAY
D11,2014,10,15,4,42,3,Wednesday,2014-10-15,6.95,6.95,6.57,6.57,1770.0,1413331200.0,DOWNTREND
D11,2014,10,16,4,42,4,Thursday,2014-10-16,5.98,5.98,5.98,5.98,100.0,1413417600.0,SIDEWAY
D11,2014,10,20,4,43,1,Monday,2014-10-20,6.57,6.57,6.57,6.57,100.0,1413763200.0,SIDEWAY
D11,2014,10,28,4,44,2,Tuesday,2014-10-28,6.03,6.03,6.03,6.03,500.0,1414454400.0,SIDEWAY
D11,2014,11,4,4,45,2,Tuesday,2014-11-04,6.62,6.62,6.62,6.62,1900.0,1415059200.0,SIDEWAY
D11,2014,11,5,4,45,3,Wednesday,2014-11-05,6.68,6.68,6.68,6.68,200.0,1415145600.0,SIDEWAY
D11,2014,11,6,4,45,4,Thursday,2014-11-06,7.27,7.27,6.68,6.68,3540.0,1415232000.0,DOWNTREND
D11,2014,11,11,4,46,2,Tuesday,2014-11-11,6.46,6.46,6.46,6.46,300.0,1415664000.0,SIDEWAY
D11,2014,11,13,4,46,4,Thursday,2014-11-13,6.68,6.73,6.51,6.51,8300.0,1415836800.0,DOWNTREND
D11,2014,11,14,4,46,5,Friday,2014-11-14,6.68,6.68,6.51,6.51,1000.0,1415923200.0,DOWNTREND
D11,2014,11,19,4,47,3,Wednesday,2014-11-19,6.51,7.0,6.51,6.51,5800.0,1416355200.0,SIDEWAY
D11,2014,11,21,4,47,5,Friday,2014-11-21,6.73,6.73,6.73,6.73,100.0,1416528000.0,SIDEWAY
D11,2014,11,24,4,48,1,Monday,2014-11-24,6.51,6.51,6.51,6.51,100.0,1416787200.0,SIDEWAY
D11,2014,11,25,4,48,2,Tuesday,2014-11-25,6.62,6.62,6.62,6.62,200.0,1416873600.0,SIDEWAY
D11,2014,11,26,4,48,3,Wednesday,2014-11-26,6.62,6.62,6.62,6.62,900.0,1416960000.0,SIDEWAY
D11,2014,11,28,4,48,5,Friday,2014-11-28,6.95,6.95,6.95,6.95,100.0,1417132800.0,SIDEWAY
D11,2014,12,1,4,49,1,Monday,2014-12-01,6.51,6.51,6.51,6.51,300.0,1417392000.0,SIDEWAY
D11,2014,12,2,4,49,2,Tuesday,2014-12-02,6.51,7.16,6.51,7.16,2600.0,1417478400.0,UPTREND
D11,2014,12,3,4,49,3,Wednesday,2014-12-03,6.51,6.57,6.51,6.51,2500.0,1417564800.0,SIDEWAY
D11,2014,12,4,4,49,4,Thursday,2014-12-04,7.0,7.16,6.79,7.16,206500.0,1417651200.0,UPTREND
D11,2014,12,5,4,49,5,Friday,2014-12-05,7.7,7.86,7.16,7.16,28100.0,1417737600.0,DOWNTREND
D11,2014,12,8,4,50,1,Monday,2014-12-08,6.46,7.32,6.46,7.0,900.0,1417996800.0,UPTREND
D11,2014,12,9,4,50,2,Tuesday,2014-12-09,6.3,7.0,6.3,6.84,1000.0,1418083200.0,UPTREND
D11,2014,12,10,4,50,3,Wednesday,2014-12-10,6.46,7.27,6.46,7.27,2000.0,1418169600.0,UPTREND
D11,2014,12,11,4,50,4,Thursday,2014-12-11,6.62,7.32,6.62,7.27,52500.0,1418256000.0,UPTREND
D11,2014,12,12,4,50,5,Friday,2014-12-12,7.32,7.32,7.05,7.05,103200.0,1418342400.0,DOWNTREND
D11,2014,12,15,4,51,1,Monday,2014-12-15,7.05,7.32,7.05,7.11,113100.0,1418601600.0,UPTREND
D11,2014,12,16,4,51,2,Tuesday,2014-12-16,7.32,7.32,7.32,7.32,16300.0,1418688000.0,SIDEWAY
D11,2014,12,17,4,51,3,Wednesday,2014-12-17,7.32,7.32,7.32,7.32,28500.0,1418774400.0,SIDEWAY
D11,2014,12,18,4,51,4,Thursday,2014-12-18,6.62,7.27,6.62,7.27,400.0,1418860800.0,UPTREND
D11,2014,12,19,4,51,5,Friday,2014-12-19,6.62,7.43,6.62,7.32,1300.0,1418947200.0,UPTREND
D11,2014,12,22,4,52,1,Monday,2014-12-22,7.32,7.32,7.32,7.32,100.0,1419206400.0,SIDEWAY
D11,2014,12,23,4,52,2,Tuesday,2014-12-23,6.84,6.84,6.84,6.84,1400.0,1419292800.0,SIDEWAY
D11,2014,12,25,4,52,4,Thursday,2014-12-25,6.84,6.84,6.68,6.68,400.0,1419465600.0,DOWNTREND
D11,2014,12,26,4,52,5,Friday,2014-12-26,6.84,6.89,6.84,6.89,8900.0,1419552000.0,UPTREND
D11,2014,12,29,4,1,1,Monday,2014-12-29,7.43,7.43,7.43,7.43,100.0,1419811200.0,SIDEWAY
D11,2015,1,6,1,2,2,Tuesday,2015-01-06,7.86,7.86,7.86,7.86,100.0,1420502400.0,SIDEWAY
D11,2015,1,7,1,2,3,Wednesday,2015-01-07,8.56,8.56,8.56,8.56,500.0,1420588800.0,SIDEWAY
D11,2015,1,8,1,2,4,Thursday,2015-01-08,7.75,7.75,7.75,7.75,101.0,1420675200.0,SIDEWAY
D11,2015,1,9,1,2,5,Friday,2015-01-09,8.24,8.24,8.24,8.24,100.0,1420761600.0,SIDEWAY
D11,2015,1,13,1,3,2,Tuesday,2015-01-13,7.43,7.43,7.43,7.43,100.0,1421107200.0,SIDEWAY
D11,2015,1,15,1,3,4,Thursday,2015-01-15,7.0,7.0,7.0,7.0,2100.0,1421280000.0,SIDEWAY
D11,2015,1,21,1,4,3,Wednesday,2015-01-21,7.27,7.27,7.27,7.27,600.0,1421798400.0,SIDEWAY
D11,2015,1,23,1,4,5,Friday,2015-01-23,7.0,7.0,7.0,7.0,2200.0,1421971200.0,SIDEWAY
D11,2015,1,28,1,5,3,Wednesday,2015-01-28,7.05,7.05,7.05,7.05,1000.0,1422403200.0,SIDEWAY
D11,2015,1,30,1,5,5,Friday,2015-01-30,7.11,7.11,7.11,7.11,500.0,1422576000.0,SIDEWAY
D11,2015,2,3,1,6,2,Tuesday,2015-02-03,7.11,7.11,7.11,7.11,2080.0,1422921600.0,SIDEWAY
D11,2015,2,6,1,6,5,Friday,2015-02-06,7.05,7.05,7.05,7.05,100.0,1423180800.0,SIDEWAY
D11,2015,2,9,1,7,1,Monday,2015-02-09,7.0,7.11,7.0,7.0,300.0,1423440000.0,SIDEWAY
D11,2015,2,10,1,7,2,Tuesday,2015-02-10,7.0,7.11,7.0,7.11,7130.0,1423526400.0,UPTREND
D11,2015,2,11,1,7,3,Wednesday,2015-02-11,7.11,7.11,7.11,7.11,1100.0,1423612800.0,SIDEWAY
D11,2015,2,13,1,7,5,Friday,2015-02-13,7.11,7.11,7.11,7.11,1000.0,1423785600.0,SIDEWAY
D11,2015,2,25,1,9,3,Wednesday,2015-02-25,7.11,7.11,7.11,7.11,100.0,1424822400.0,SIDEWAY
D11,2015,3,2,1,10,1,Monday,2015-03-02,7.11,7.11,7.11,7.11,100.0,1425254400.0,SIDEWAY
D11,2015,3,16,1,12,1,Monday,2015-03-16,7.59,7.59,7.59,7.59,100.0,1426464000.0,SIDEWAY
D11,2015,3,20,1,12,5,Friday,2015-03-20,7.92,7.92,7.92,7.92,140.0,1426809600.0,SIDEWAY
D11,2015,3,30,1,14,1,Monday,2015-03-30,7.16,7.16,7.16,7.16,120.0,1427673600.0,SIDEWAY
D11,2015,3,31,1,14,2,Tuesday,2015-03-31,7.7,7.7,7.43,7.43,3100.0,1427760000.0,DOWNTREND
D11,2015,4,1,2,14,3,Wednesday,2015-04-01,7.49,7.49,7.49,7.49,1800.0,1427846400.0,SIDEWAY
D11,2015,4,3,2,14,5,Friday,2015-04-03,8.19,8.19,8.19,8.19,100.0,1428019200.0,SIDEWAY
D11,2015,4,6,2,15,1,Monday,2015-04-06,7.81,7.81,7.38,7.38,4500.0,1428278400.0,DOWNTREND
D11,2015,4,7,2,15,2,Tuesday,2015-04-07,8.08,8.08,8.08,8.08,100.0,1428364800.0,SIDEWAY
D11,2015,4,8,2,15,3,Wednesday,2015-04-08,7.27,8.24,7.27,8.24,1800.0,1428451200.0,UPTREND
D11,2015,4,9,2,15,4,Thursday,2015-04-09,7.43,7.43,7.43,7.43,9590.0,1428537600.0,SIDEWAY
D11,2015,4,13,2,16,1,Monday,2015-04-13,7.49,7.49,7.49,7.49,1500.0,1428883200.0,SIDEWAY
D11,2015,4,14,2,16,2,Tuesday,2015-04-14,7.49,7.54,7.49,7.49,1200.0,1428969600.0,SIDEWAY
D11,2015,4,15,2,16,3,Wednesday,2015-04-15,8.13,8.13,8.13,8.13,11400.0,1429056000.0,SIDEWAY
D11,2015,4,17,2,16,5,Friday,2015-04-17,7.66,7.66,7.66,7.66,100.0,1429228800.0,SIDEWAY
D11,2015,4,22,2,17,3,Wednesday,2015-04-22,7.66,7.66,7.66,7.66,100.0,1429660800.0,SIDEWAY
D11,2015,5,6,2,19,3,Wednesday,2015-05-06,8.37,8.37,7.9,7.9,1400.0,1430870400.0,DOWNTREND
D11,2015,5,26,2,22,2,Tuesday,2015-05-26,7.66,7.66,7.66,7.66,2100.0,1432598400.0,SIDEWAY
D11,2015,6,5,2,23,5,Friday,2015-06-05,7.84,7.84,7.78,7.84,3100.0,1433462400.0,SIDEWAY
D11,2015,6,9,2,24,2,Tuesday,2015-06-09,7.9,7.9,7.9,7.9,7000.0,1433808000.0,SIDEWAY
D11,2015,6,10,2,24,3,Wednesday,2015-06-10,7.9,7.9,7.9,7.9,8200.0,1433894400.0,SIDEWAY
D11,2015,6,12,2,24,5,Friday,2015-06-12,7.9,7.9,7.9,7.9,12500.0,1434067200.0,SIDEWAY
D11,2015,6,24,2,26,3,Wednesday,2015-06-24,7.13,7.13,7.13,7.13,100.0,1435104000.0,SIDEWAY
D11,2015,7,3,3,27,5,Friday,2015-07-03,7.84,7.84,7.84,7.84,100.0,1435881600.0,SIDEWAY
D11,2015,7,8,3,28,3,Wednesday,2015-07-08,7.07,7.96,7.07,7.96,200.0,1436313600.0,UPTREND
D11,2015,8,3,3,32,1,Monday,2015-08-03,7.96,7.96,7.96,7.96,4000.0,1438560000.0,SIDEWAY
D11,2015,8,20,3,34,4,Thursday,2015-08-20,7.19,7.19,7.19,7.19,100.0,1440028800.0,SIDEWAY
D11,2015,8,24,3,35,1,Monday,2015-08-24,7.01,7.01,7.01,7.01,6000.0,1440374400.0,SIDEWAY
D11,2015,8,25,3,35,2,Tuesday,2015-08-25,7.19,7.19,7.19,7.19,4000.0,1440460800.0,SIDEWAY
D11,2015,9,4,3,36,5,Friday,2015-09-04,7.07,7.07,6.78,6.78,1600.0,1441324800.0,DOWNTREND
D11,2015,9,7,3,37,1,Monday,2015-09-07,7.01,7.01,7.01,7.01,1000.0,1441584000.0,SIDEWAY
D11,2015,9,14,3,38,1,Monday,2015-09-14,6.37,6.37,6.37,6.37,100.0,1442188800.0,SIDEWAY
D11,2015,9,18,3,38,5,Friday,2015-09-18,6.95,6.95,6.95,6.95,100.0,1442534400.0,SIDEWAY
D11,2015,9,22,3,39,2,Tuesday,2015-09-22,7.07,7.07,7.07,7.07,100.0,1442880000.0,SIDEWAY
D11,2015,10,2,4,40,5,Friday,2015-10-02,7.31,7.31,7.31,7.31,200.0,1443744000.0,SIDEWAY
D11,2015,10,8,4,41,4,Thursday,2015-10-08,6.6,6.6,6.6,6.6,100.0,1444262400.0,SIDEWAY
D11,2015,10,16,4,42,5,Friday,2015-10-16,7.25,7.25,7.25,7.25,100.0,1444953600.0,SIDEWAY
D11,2015,10,19,4,43,1,Monday,2015-10-19,6.54,6.54,6.54,6.54,100.0,1445212800.0,SIDEWAY
D11,2015,10,22,4,43,4,Thursday,2015-10-22,7.19,7.19,7.19,7.19,100.0,1445472000.0,SIDEWAY
D11,2015,10,23,4,43,5,Friday,2015-10-23,7.66,7.78,7.66,7.78,200.0,1445558400.0,UPTREND
D11,2015,10,26,4,44,1,Monday,2015-10-26,7.01,8.49,7.01,8.49,200.0,1445817600.0,UPTREND
D11,2015,11,2,4,45,1,Monday,2015-11-02,7.66,7.66,7.66,7.66,100.0,1446422400.0,SIDEWAY
D11,2015,11,9,4,46,1,Monday,2015-11-09,6.89,6.89,6.89,6.89,100.0,1447027200.0,SIDEWAY
D11,2015,12,2,4,49,3,Wednesday,2015-12-02,6.78,6.78,6.78,6.78,100.0,1449014400.0,SIDEWAY
D11,2015,12,25,4,52,5,Friday,2015-12-25,6.78,6.78,6.78,6.78,6000.0,1451001600.0,SIDEWAY
D11,2015,12,30,4,53,3,Wednesday,2015-12-30,7.42,7.42,7.42,7.42,100.0,1451433600.0,SIDEWAY
D11,2016,1,8,1,1,5,Friday,2016-01-08,6.72,6.72,6.72,6.72,100.0,1452211200.0,SIDEWAY
D11,2016,1,18,1,3,1,Monday,2016-01-18,6.72,6.72,6.72,6.72,9000.0,1453075200.0,SIDEWAY
D11,2016,1,19,1,3,2,Tuesday,2016-01-19,6.48,6.48,6.48,6.48,8500.0,1453161600.0,SIDEWAY
D11,2016,1,20,1,3,3,Wednesday,2016-01-20,6.66,6.66,6.66,6.66,100.0,1453248000.0,SIDEWAY
D11,2016,1,21,1,3,4,Thursday,2016-01-21,6.42,6.42,6.42,6.42,9400.0,1453334400.0,SIDEWAY
D11,2016,1,22,1,3,5,Friday,2016-01-22,6.37,6.37,6.37,6.37,9500.0,1453420800.0,SIDEWAY
D11,2016,2,2,1,5,2,Tuesday,2016-02-02,6.37,6.37,6.37,6.37,100.0,1454371200.0,SIDEWAY
D11,2016,2,15,1,7,1,Monday,2016-02-15,6.75,6.75,6.75,6.75,400.0,1455494400.0,SIDEWAY
D11,2016,2,23,1,8,2,Tuesday,2016-02-23,6.11,6.11,6.11,6.11,100.0,1456185600.0,SIDEWAY
D11,2016,2,24,1,8,3,Wednesday,2016-02-24,6.43,6.43,6.43,6.43,100.0,1456272000.0,SIDEWAY
D11,2016,3,1,1,9,2,Tuesday,2016-03-01,6.81,6.81,6.81,6.81,200.0,1456790400.0,SIDEWAY
D11,2016,3,2,1,9,3,Wednesday,2016-03-02,6.81,6.81,6.81,6.81,100.0,1456876800.0,SIDEWAY
D11,2016,3,8,1,10,2,Tuesday,2016-03-08,6.81,6.81,6.49,6.49,300.0,1457395200.0,DOWNTREND
D11,2016,3,16,1,11,3,Wednesday,2016-03-16,6.62,6.81,6.62,6.81,4600.0,1458086400.0,UPTREND
D11,2016,3,17,1,11,4,Thursday,2016-03-17,6.81,6.81,6.81,6.81,110.0,1458172800.0,SIDEWAY
D11,2016,3,29,1,13,2,Tuesday,2016-03-29,7.45,7.45,7.45,7.45,1000.0,1459209600.0,SIDEWAY
D11,2016,3,30,1,13,3,Wednesday,2016-03-30,6.75,8.15,6.75,6.81,700.0,1459296000.0,UPTREND
D11,2016,4,6,2,14,3,Wednesday,2016-04-06,6.17,6.17,6.17,6.17,100.0,1459900800.0,SIDEWAY
D11,2016,5,11,2,19,3,Wednesday,2016-05-11,6.75,6.75,6.75,6.75,100.0,1462924800.0,SIDEWAY
D11,2016,5,18,2,20,3,Wednesday,2016-05-18,6.11,6.11,6.11,6.11,100.0,1463529600.0,SIDEWAY
D11,2016,6,16,2,24,4,Thursday,2016-06-16,6.37,6.37,6.37,6.37,1200.0,1466035200.0,SIDEWAY
D11,2016,7,4,3,27,1,Monday,2016-07-04,6.37,7.0,6.37,7.0,2900.0,1467590400.0,UPTREND
D11,2016,7,5,3,27,2,Tuesday,2016-07-05,7.0,7.0,7.0,7.0,1200.0,1467676800.0,SIDEWAY
D11,2016,7,6,3,27,3,Wednesday,2016-07-06,6.3,6.3,6.3,6.3,100.0,1467763200.0,SIDEWAY
D11,2016,7,13,3,28,3,Wednesday,2016-07-13,6.37,6.62,6.37,6.62,3600.0,1468368000.0,UPTREND
D11,2016,7,26,3,30,2,Tuesday,2016-07-26,6.45,6.45,6.45,6.45,2400.0,1469491200.0,SIDEWAY
D11,2016,8,9,3,32,2,Tuesday,2016-08-09,6.77,6.83,6.77,6.83,2000.0,1470700800.0,UPTREND
D11,2016,8,22,3,34,1,Monday,2016-08-22,6.51,6.51,6.51,6.51,100.0,1471824000.0,SIDEWAY
D11,2016,9,6,3,36,2,Tuesday,2016-09-06,6.58,6.58,6.58,6.58,100.0,1473120000.0,SIDEWAY
D11,2016,9,20,3,38,2,Tuesday,2016-09-20,6.45,6.45,6.45,6.45,4200.0,1474329600.0,SIDEWAY
D11,2016,9,28,3,39,3,Wednesday,2016-09-28,6.45,6.45,6.45,6.45,200.0,1475020800.0,SIDEWAY
D11,2016,10,6,4,40,4,Thursday,2016-10-06,6.45,6.45,6.45,6.45,500.0,1475712000.0,SIDEWAY
D11,2016,11,3,4,44,4,Thursday,2016-11-03,6.45,6.45,6.45,6.45,25600.0,1478131200.0,SIDEWAY
D11,2016,11,4,4,44,5,Friday,2016-11-04,6.45,6.45,6.45,6.45,24679.0,1478217600.0,SIDEWAY
D11,2016,11,7,4,45,1,Monday,2016-11-07,7.09,7.09,7.09,7.09,1500.0,1478476800.0,SIDEWAY
D11,2016,11,8,4,45,2,Tuesday,2016-11-08,6.45,6.45,6.45,6.45,100.0,1478563200.0,SIDEWAY
D11,2016,11,30,4,48,3,Wednesday,2016-11-30,6.45,6.45,6.45,6.45,200.0,1480464000.0,SIDEWAY
D11,2016,12,9,4,49,5,Friday,2016-12-09,6.45,6.45,6.45,6.45,1200.0,1481241600.0,SIDEWAY
D11,2016,12,19,4,51,1,Monday,2016-12-19,6.77,6.77,6.77,6.77,100.0,1482105600.0,SIDEWAY
D11,2016,12,22,4,51,4,Thursday,2016-12-22,6.77,7.09,6.58,6.77,1300.0,1482364800.0,SIDEWAY
D11,2016,12,28,4,52,3,Wednesday,2016-12-28,6.45,6.45,6.45,6.45,4368.0,1482883200.0,SIDEWAY
D11,2017,1,20,1,3,5,Friday,2017-01-20,6.45,6.51,6.45,6.51,3000.0,1484870400.0,UPTREND
D11,2017,1,23,1,4,1,Monday,2017-01-23,6.51,6.51,6.51,6.51,600.0,1485129600.0,SIDEWAY
D11,2017,2,2,1,5,4,Thursday,2017-02-02,6.51,6.51,6.51,6.51,900.0,1485993600.0,SIDEWAY
D11,2017,2,3,1,5,5,Friday,2017-02-03,6.45,6.45,6.45,6.45,10300.0,1486080000.0,SIDEWAY
D11,2017,2,6,1,6,1,Monday,2017-02-06,6.45,6.83,6.45,6.83,3700.0,1486339200.0,UPTREND
D11,2017,2,10,1,6,5,Friday,2017-02-10,6.83,6.83,6.83,6.83,500.0,1486684800.0,SIDEWAY
D11,2017,3,3,1,9,5,Friday,2017-03-03,6.83,6.83,6.83,6.83,500.0,1488499200.0,SIDEWAY
D11,2017,3,9,1,10,4,Thursday,2017-03-09,7.09,7.41,7.09,7.41,1400.0,1489017600.0,UPTREND
D11,2017,3,14,1,11,2,Tuesday,2017-03-14,7.09,7.41,7.09,7.41,900.0,1489449600.0,UPTREND
D11,2017,3,24,1,12,5,Friday,2017-03-24,8.0,8.0,8.0,8.0,100.0,1490313600.0,SIDEWAY
D11,2017,4,3,2,14,1,Monday,2017-04-03,8.06,8.06,8.06,8.06,474.0,1491177600.0,SIDEWAY
D11,2017,4,4,2,14,2,Tuesday,2017-04-04,8.7,8.7,8.7,8.7,200.0,1491264000.0,SIDEWAY
D11,2017,4,5,2,14,3,Wednesday,2017-04-05,8.7,8.7,8.7,8.7,35.0,1491350400.0,SIDEWAY
D11,2017,4,7,2,14,5,Friday,2017-04-07,9.22,9.22,9.22,9.22,121.0,1491523200.0,SIDEWAY
D11,2017,4,10,2,15,1,Monday,2017-04-10,9.03,9.03,9.03,9.03,100.0,1491782400.0,SIDEWAY
D11,2017,4,11,2,15,2,Tuesday,2017-04-11,8.38,8.38,8.38,8.38,400.0,1491868800.0,SIDEWAY
D11,2017,4,12,2,15,3,Wednesday,2017-04-12,8.9,8.9,8.9,8.9,180.0,1491955200.0,SIDEWAY
D11,2017,4,13,2,15,4,Thursday,2017-04-13,8.96,9.15,8.96,9.15,102279.0,1492041600.0,UPTREND
D11,2017,4,17,2,16,1,Monday,2017-04-17,9.15,9.15,9.15,9.15,80.0,1492387200.0,SIDEWAY
D11,2017,4,19,2,16,3,Wednesday,2017-04-19,9.15,9.15,9.15,9.15,30.0,1492560000.0,SIDEWAY
D11,2017,4,27,2,17,4,Thursday,2017-04-27,8.35,8.35,8.29,8.29,300.0,1493251200.0,DOWNTREND
D11,2017,5,3,2,18,3,Wednesday,2017-05-03,8.29,8.29,7.88,7.88,600.0,1493769600.0,DOWNTREND
D11,2017,5,4,2,18,4,Thursday,2017-05-04,8.35,8.62,8.35,8.62,630.0,1493856000.0,UPTREND
D11,2017,5,5,2,18,5,Friday,2017-05-05,8.89,8.89,8.89,8.89,200.0,1493942400.0,SIDEWAY
D11,2017,5,11,2,19,4,Thursday,2017-05-11,8.69,9.29,8.69,9.29,300.0,1494460800.0,UPTREND
D11,2017,5,12,2,19,5,Friday,2017-05-12,8.69,8.69,8.69,8.69,100.0,1494547200.0,SIDEWAY
D11,2017,5,16,2,20,2,Tuesday,2017-05-16,9.29,9.29,9.29,9.29,2300.0,1494892800.0,SIDEWAY
D11,2017,5,22,2,21,1,Monday,2017-05-22,9.29,9.29,9.29,9.29,70.0,1495411200.0,SIDEWAY
D11,2017,5,25,2,21,4,Thursday,2017-05-25,8.42,8.42,8.42,8.42,800.0,1495670400.0,SIDEWAY
D11,2017,5,29,2,22,1,Monday,2017-05-29,8.42,8.42,8.42,8.42,80.0,1496016000.0,SIDEWAY
D11,2017,6,14,2,24,3,Wednesday,2017-06-14,9.22,9.22,9.22,9.22,400.0,1497398400.0,SIDEWAY
D11,2017,6,15,2,24,4,Thursday,2017-06-15,9.22,9.22,9.22,9.22,200.0,1497484800.0,SIDEWAY
D11,2017,6,20,2,25,2,Tuesday,2017-06-20,9.36,9.36,9.36,9.36,200.0,1497916800.0,SIDEWAY
D11,2017,6,23,2,25,5,Friday,2017-06-23,9.22,9.22,9.22,9.22,500.0,1498176000.0,SIDEWAY
D11,2017,7,7,3,27,5,Friday,2017-07-07,8.69,8.69,8.69,8.69,220.0,1499385600.0,SIDEWAY
D11,2017,7,17,3,29,1,Monday,2017-07-17,9.31,9.45,9.31,9.45,600.0,1500249600.0,UPTREND
D11,2017,7,19,3,29,3,Wednesday,2017-07-19,10.34,10.34,10.34,10.34,100.0,1500422400.0,SIDEWAY
D11,2017,7,25,3,30,2,Tuesday,2017-07-25,9.45,9.45,9.45,9.45,100.0,1500940800.0,SIDEWAY
D11,2017,7,26,3,30,3,Wednesday,2017-07-26,8.62,8.62,8.62,8.62,110.0,1501027200.0,SIDEWAY
D11,2017,7,31,3,31,1,Monday,2017-07-31,7.79,7.79,7.79,7.79,100.0,1501459200.0,SIDEWAY
D11,2017,8,1,3,31,2,Tuesday,2017-08-01,8.55,8.55,7.79,7.79,1010.0,1501545600.0,DOWNTREND
D11,2017,8,2,3,31,3,Wednesday,2017-08-02,8.55,8.55,7.1,7.1,400.0,1501632000.0,DOWNTREND
D11,2017,8,3,3,31,4,Thursday,2017-08-03,7.79,7.79,7.58,7.58,600.0,1501718400.0,DOWNTREND
D11,2017,8,4,3,31,5,Friday,2017-08-04,8.34,8.34,7.79,7.79,200.0,1501804800.0,DOWNTREND
D11,2017,8,7,3,32,1,Monday,2017-08-07,7.86,8.55,7.79,7.79,600.0,1502064000.0,DOWNTREND
D11,2017,8,8,3,32,2,Tuesday,2017-08-08,8.27,8.27,8.0,8.0,200.0,1502150400.0,DOWNTREND
D11,2017,8,11,3,32,5,Friday,2017-08-11,8.0,8.0,8.0,8.0,100.0,1502409600.0,SIDEWAY
D11,2017,8,21,3,34,1,Monday,2017-08-21,7.45,7.45,7.45,7.45,200.0,1503273600.0,SIDEWAY
D11,2017,8,22,3,34,2,Tuesday,2017-08-22,8.14,8.14,7.31,7.31,1200.0,1503360000.0,DOWNTREND
D11,2017,8,25,3,34,5,Friday,2017-08-25,8.0,8.0,7.31,7.31,800.0,1503619200.0,DOWNTREND
D11,2017,8,28,3,35,1,Monday,2017-08-28,7.93,8.0,7.58,7.58,1200.0,1503878400.0,DOWNTREND
D11,2017,9,6,3,36,3,Wednesday,2017-09-06,8.0,8.0,8.0,8.0,500.0,1504656000.0,SIDEWAY
D11,2017,9,7,3,36,4,Thursday,2017-09-07,8.07,8.07,7.65,7.65,600.0,1504742400.0,DOWNTREND
D11,2017,9,11,3,37,1,Monday,2017-09-11,7.93,8.07,7.93,8.07,900.0,1505088000.0,UPTREND
D11,2017,9,12,3,37,2,Tuesday,2017-09-12,8.14,8.14,8.14,8.14,800.0,1505174400.0,SIDEWAY
D11,2017,9,28,3,39,4,Thursday,2017-09-28,8.83,8.83,8.83,8.83,100.0,1506556800.0,SIDEWAY
D11,2017,10,9,4,41,1,Monday,2017-10-09,9.31,9.31,9.31,9.31,100.0,1507507200.0,SIDEWAY
D11,2017,10,17,4,42,2,Tuesday,2017-10-17,9.24,9.31,9.24,9.31,500.0,1508198400.0,UPTREND
D11,2017,10,19,4,42,4,Thursday,2017-10-19,9.31,9.31,9.31,9.31,200.0,1508371200.0,SIDEWAY
D11,2017,10,20,4,42,5,Friday,2017-10-20,8.41,8.96,8.41,8.96,7400.0,1508457600.0,UPTREND
D11,2017,10,23,4,43,1,Monday,2017-10-23,8.96,8.96,8.69,8.69,2100.0,1508716800.0,DOWNTREND
D11,2017,10,24,4,43,2,Tuesday,2017-10-24,8.69,8.69,8.69,8.69,100.0,1508803200.0,SIDEWAY
D11,2017,10,25,4,43,3,Wednesday,2017-10-25,8.96,8.96,8.96,8.96,100.0,1508889600.0,SIDEWAY
D11,2017,10,26,4,43,4,Thursday,2017-10-26,8.69,8.69,8.69,8.69,1700.0,1508976000.0,SIDEWAY
D11,2017,10,27,4,43,5,Friday,2017-10-27,8.69,9.45,8.69,8.69,5224.0,1509062400.0,SIDEWAY
D11,2017,10,31,4,44,2,Tuesday,2017-10-31,8.69,8.69,8.69,8.69,300.0,1509408000.0,SIDEWAY
D11,2017,11,1,4,44,3,Wednesday,2017-11-01,8.83,9.52,8.83,9.24,9300.0,1509494400.0,UPTREND
D11,2017,11,2,4,44,4,Thursday,2017-11-02,9.03,9.03,9.03,9.03,100.0,1509580800.0,SIDEWAY
D11,2017,11,3,4,44,5,Friday,2017-11-03,8.83,8.83,8.83,8.83,200.0,1509667200.0,SIDEWAY
D11,2017,11,7,4,45,2,Tuesday,2017-11-07,8.96,9.52,8.96,9.1,1500.0,1510012800.0,UPTREND
D11,2017,11,8,4,45,3,Wednesday,2017-11-08,9.31,9.31,9.03,9.03,600.0,1510099200.0,DOWNTREND
D11,2017,11,9,4,45,4,Thursday,2017-11-09,9.52,9.65,9.03,9.17,5600.0,1510185600.0,DOWNTREND
D11,2017,11,13,4,46,1,Monday,2017-11-13,8.27,9.58,8.27,9.58,1600.0,1510531200.0,UPTREND
D11,2017,11,14,4,46,2,Tuesday,2017-11-14,9.03,9.58,9.03,9.58,600.0,1510617600.0,UPTREND
D11,2017,11,15,4,46,3,Wednesday,2017-11-15,9.17,9.58,9.17,9.58,1200.0,1510704000.0,UPTREND
D11,2017,11,16,4,46,4,Thursday,2017-11-16,9.24,9.24,9.24,9.24,100.0,1510790400.0,SIDEWAY
D11,2017,11,17,4,46,5,Friday,2017-11-17,9.17,9.93,9.17,9.52,3624.0,1510876800.0,UPTREND
D11,2017,11,21,4,47,2,Tuesday,2017-11-21,9.52,9.93,9.52,9.93,7100.0,1511222400.0,UPTREND
D11,2017,11,22,4,47,3,Wednesday,2017-11-22,9.58,9.58,9.58,9.58,100.0,1511308800.0,SIDEWAY
D11,2017,11,24,4,47,5,Friday,2017-11-24,9.52,9.52,9.52,9.52,100.0,1511481600.0,SIDEWAY
D11,2017,11,27,4,48,1,Monday,2017-11-27,9.03,9.03,9.03,9.03,100.0,1511740800.0,SIDEWAY
D11,2017,11,28,4,48,2,Tuesday,2017-11-28,9.93,9.93,9.93,9.93,10200.0,1511827200.0,SIDEWAY
D11,2017,11,29,4,48,3,Wednesday,2017-11-29,10.41,10.41,10.41,10.41,100.0,1511913600.0,SIDEWAY
D11,2017,11,30,4,48,4,Thursday,2017-11-30,9.75,10.71,9.75,10.71,2100.0,1512000000.0,UPTREND
D11,2017,12,4,4,49,1,Monday,2017-12-04,10.71,10.71,10.71,10.71,5000.0,1512345600.0,SIDEWAY
D11,2017,12,5,4,49,2,Tuesday,2017-12-05,10.71,10.78,10.71,10.71,13000.0,1512432000.0,SIDEWAY
D11,2017,12,7,4,49,4,Thursday,2017-12-07,9.67,9.67,9.67,9.67,100.0,1512604800.0,SIDEWAY
D11,2017,12,8,4,49,5,Friday,2017-12-08,10.63,10.63,10.63,10.63,500.0,1512691200.0,SIDEWAY
D11,2017,12,11,4,50,1,Monday,2017-12-11,10.63,10.78,10.63,10.78,4800.0,1512950400.0,UPTREND
D11,2017,12,13,4,50,3,Wednesday,2017-12-13,10.85,10.85,10.78,10.78,2000.0,1513123200.0,DOWNTREND
D11,2017,12,14,4,50,4,Thursday,2017-12-14,10.34,10.34,10.34,10.34,100.0,1513209600.0,SIDEWAY
D11,2017,12,20,4,51,3,Wednesday,2017-12-20,9.6,9.6,9.6,9.6,400.0,1513728000.0,SIDEWAY
D11,2017,12,21,4,51,4,Thursday,2017-12-21,10.56,10.56,10.56,10.56,5800.0,1513814400.0,SIDEWAY
D11,2017,12,22,4,51,5,Friday,2017-12-22,10.56,10.56,10.56,10.56,7000.0,1513900800.0,SIDEWAY
D11,2017,12,26,4,52,2,Tuesday,2017-12-26,10.56,10.56,9.75,9.75,1200.0,1514246400.0,DOWNTREND
D11,2017,12,29,4,52,5,Friday,2017-12-29,10.34,10.34,10.34,10.34,500.0,1514505600.0,SIDEWAY
D11,2018,1,2,1,1,2,Tuesday,2018-01-02,9.75,9.75,9.75,9.75,500.0,1514851200.0,SIDEWAY
D11,2018,1,3,1,1,3,Wednesday,2018-01-03,9.6,9.6,9.6,9.6,100.0,1514937600.0,SIDEWAY
D11,2018,1,5,1,1,5,Friday,2018-01-05,10.26,10.56,10.26,10.56,400.0,1515110400.0,UPTREND
D11,2018,1,8,1,2,1,Monday,2018-01-08,10.34,10.34,10.34,10.34,100.0,1515369600.0,SIDEWAY
D11,2018,1,10,1,2,3,Wednesday,2018-01-10,10.04,10.04,10.04,10.04,100.0,1515542400.0,SIDEWAY
D11,2018,1,11,1,2,4,Thursday,2018-01-11,10.04,10.04,9.67,9.67,800.0,1515628800.0,DOWNTREND
D11,2018,1,12,1,2,5,Friday,2018-01-12,9.75,10.34,9.75,9.75,1200.0,1515715200.0,SIDEWAY
D11,2018,1,15,1,3,1,Monday,2018-01-15,10.56,10.56,9.82,9.82,3200.0,1515974400.0,DOWNTREND
D11,2018,1,16,1,3,2,Tuesday,2018-01-16,10.34,10.71,9.89,9.89,600.0,1516060800.0,DOWNTREND
D11,2018,1,17,1,3,3,Wednesday,2018-01-17,10.34,10.34,10.34,10.34,100.0,1516147200.0,SIDEWAY
D11,2018,1,29,1,5,1,Monday,2018-01-29,10.41,10.41,10.34,10.41,1200.0,1517184000.0,SIDEWAY
D11,2018,2,2,1,5,5,Friday,2018-02-02,10.48,10.48,10.41,10.41,500.0,1517529600.0,DOWNTREND
D11,2018,2,5,1,6,1,Monday,2018-02-05,10.48,11.0,10.48,11.0,5800.0,1517788800.0,UPTREND
D11,2018,2,6,1,6,2,Tuesday,2018-02-06,10.34,11.0,10.19,10.19,6300.0,1517875200.0,DOWNTREND
D11,2018,2,7,1,6,3,Wednesday,2018-02-07,10.93,11.0,10.19,10.19,7100.0,1517961600.0,DOWNTREND
D11,2018,2,8,1,6,4,Thursday,2018-02-08,10.41,11.0,10.41,11.0,3300.0,1518048000.0,UPTREND
D11,2018,2,13,1,7,2,Tuesday,2018-02-13,10.63,11.0,10.63,11.0,700.0,1518480000.0,UPTREND
D11,2018,2,26,1,9,1,Monday,2018-02-26,10.34,10.34,10.34,10.34,400.0,1519603200.0,SIDEWAY
D11,2018,2,27,1,9,2,Tuesday,2018-02-27,10.41,11.08,10.41,10.63,3050.0,1519689600.0,UPTREND
D11,2018,3,1,1,9,4,Thursday,2018-03-01,10.93,10.93,10.48,10.48,700.0,1519862400.0,DOWNTREND
D11,2018,3,6,1,10,2,Tuesday,2018-03-06,11.08,11.08,10.78,10.78,1600.0,1520294400.0,DOWNTREND
D11,2018,3,7,1,10,3,Wednesday,2018-03-07,11.08,11.22,11.08,11.22,5900.0,1520380800.0,UPTREND
D11,2018,3,8,1,10,4,Thursday,2018-03-08,11.22,11.22,11.22,11.22,1900.0,1520467200.0,SIDEWAY
D11,2018,3,13,1,11,2,Tuesday,2018-03-13,10.12,10.12,10.12,10.12,322.0,1520899200.0,SIDEWAY
D11,2018,3,14,1,11,3,Wednesday,2018-03-14,11.08,11.08,11.08,11.08,14000.0,1520985600.0,SIDEWAY
D11,2018,3,15,1,11,4,Thursday,2018-03-15,12.18,12.18,11.59,11.59,1530.0,1521072000.0,DOWNTREND
D11,2018,3,26,1,13,1,Monday,2018-03-26,11.59,11.81,11.59,11.81,1000.0,1522022400.0,UPTREND
D11,2018,3,28,1,13,3,Wednesday,2018-03-28,11.0,11.0,11.0,11.0,5010.0,1522195200.0,SIDEWAY
D11,2018,3,29,1,13,4,Thursday,2018-03-29,11.0,11.0,11.0,11.0,500.0,1522281600.0,SIDEWAY
D11,2018,3,30,1,13,5,Friday,2018-03-30,12.04,12.04,12.04,12.04,100.0,1522368000.0,SIDEWAY
D11,2018,4,2,2,14,1,Monday,2018-04-02,11.74,11.74,11.74,11.74,100.0,1522627200.0,SIDEWAY
D11,2018,4,3,2,14,2,Tuesday,2018-04-03,11.15,11.15,11.15,11.15,300.0,1522713600.0,SIDEWAY
D11,2018,4,4,2,14,3,Wednesday,2018-04-04,10.78,10.78,10.78,10.78,400.0,1522800000.0,SIDEWAY
D11,2018,4,12,2,15,4,Thursday,2018-04-12,11.67,11.67,11.67,11.67,100.0,1523491200.0,SIDEWAY
D11,2018,4,13,2,15,5,Friday,2018-04-13,11.08,11.08,11.08,11.08,1000.0,1523577600.0,SIDEWAY
D11,2018,4,16,2,16,1,Monday,2018-04-16,10.63,10.63,10.63,10.63,1000.0,1523836800.0,SIDEWAY
D11,2018,4,17,2,16,2,Tuesday,2018-04-17,10.63,10.63,10.63,10.63,1400.0,1523923200.0,SIDEWAY
D11,2018,4,18,2,16,3,Wednesday,2018-04-18,10.63,10.71,10.63,10.71,700.0,1524009600.0,UPTREND
D11,2018,4,20,2,16,5,Friday,2018-04-20,10.41,10.41,10.41,10.41,100.0,1524182400.0,SIDEWAY
D11,2018,4,23,2,17,1,Monday,2018-04-23,11.45,11.45,11.45,11.45,100.0,1524441600.0,SIDEWAY
D11,2018,5,3,2,18,4,Thursday,2018-05-03,10.71,10.71,10.56,10.56,2000.0,1525305600.0,DOWNTREND
D11,2018,5,4,2,18,5,Friday,2018-05-04,10.56,10.56,10.56,10.56,1300.0,1525392000.0,SIDEWAY
D11,2018,5,7,2,19,1,Monday,2018-05-07,11.59,11.59,10.56,10.56,200.0,1525651200.0,DOWNTREND
D11,2018,5,8,2,19,2,Tuesday,2018-05-08,10.34,10.34,10.34,10.34,300.0,1525737600.0,SIDEWAY
D11,2018,5,9,2,19,3,Wednesday,2018-05-09,11.0,11.08,10.48,10.63,3900.0,1525824000.0,DOWNTREND
D11,2018,5,10,2,19,4,Thursday,2018-05-10,11.0,11.08,10.41,10.41,1800.0,1525910400.0,DOWNTREND
D11,2018,5,11,2,19,5,Friday,2018-05-11,11.37,11.45,10.71,11.45,3100.0,1525996800.0,UPTREND
D11,2018,5,14,2,20,1,Monday,2018-05-14,10.78,10.78,10.78,10.78,100.0,1526256000.0,SIDEWAY
D11,2018,5,15,2,20,2,Tuesday,2018-05-15,11.81,11.81,11.81,11.81,100.0,1526342400.0,SIDEWAY
D11,2018,5,16,2,20,3,Wednesday,2018-05-16,10.78,10.78,10.78,10.78,300.0,1526428800.0,SIDEWAY
D11,2018,5,18,2,20,5,Friday,2018-05-18,10.56,11.08,10.56,10.63,9100.0,1526601600.0,UPTREND
D11,2018,5,24,2,21,4,Thursday,2018-05-24,11.0,11.0,10.48,10.48,3000.0,1527120000.0,DOWNTREND
D11,2018,5,28,2,22,1,Monday,2018-05-28,10.48,10.48,10.48,10.48,1000.0,1527465600.0,SIDEWAY
D11,2018,5,29,2,22,2,Tuesday,2018-05-29,10.71,10.71,10.48,10.48,5100.0,1527552000.0,DOWNTREND
D11,2018,5,30,2,22,3,Wednesday,2018-05-30,10.48,10.63,10.48,10.48,3800.0,1527638400.0,SIDEWAY
D11,2018,6,1,2,22,5,Friday,2018-06-01,10.56,10.56,10.34,10.34,4200.0,1527811200.0,DOWNTREND
D11,2018,6,13,2,24,3,Wednesday,2018-06-13,10.34,10.34,10.34,10.34,1000.0,1528848000.0,SIDEWAY
D11,2018,6,21,2,25,4,Thursday,2018-06-21,11.3,11.3,11.3,11.3,100.0,1529539200.0,SIDEWAY
D11,2018,6,22,2,25,5,Friday,2018-06-22,10.34,10.34,10.34,10.34,2100.0,1529625600.0,SIDEWAY
D11,2018,6,26,2,26,2,Tuesday,2018-06-26,11.37,11.37,10.71,10.71,200.0,1529971200.0,DOWNTREND
D11,2018,6,28,2,26,4,Thursday,2018-06-28,9.97,9.97,9.97,9.97,400.0,1530144000.0,SIDEWAY
D11,2018,7,3,3,27,2,Tuesday,2018-07-03,9.97,9.97,9.97,9.97,1200.0,1530576000.0,SIDEWAY
D11,2018,7,4,3,27,3,Wednesday,2018-07-04,10.93,10.93,9.01,9.01,200.0,1530662400.0,DOWNTREND
D11,2018,7,5,3,27,4,Thursday,2018-07-05,9.89,9.89,9.3,9.3,42000.0,1530748800.0,DOWNTREND
D11,2018,7,6,3,27,5,Friday,2018-07-06,10.19,10.19,9.45,9.45,200.0,1530835200.0,DOWNTREND
D11,2018,7,9,3,28,1,Monday,2018-07-09,10.19,10.19,10.19,10.19,100.0,1531094400.0,SIDEWAY
D11,2018,7,12,3,28,4,Thursday,2018-07-12,9.3,10.12,9.3,9.82,700.0,1531353600.0,UPTREND
D11,2018,7,16,3,29,1,Monday,2018-07-16,10.78,10.78,9.75,9.75,200.0,1531699200.0,DOWNTREND
D11,2018,7,17,3,29,2,Tuesday,2018-07-17,8.79,10.34,8.79,9.45,400.0,1531785600.0,UPTREND
D11,2018,7,18,3,29,3,Wednesday,2018-07-18,9.53,10.34,8.71,8.71,2200.0,1531872000.0,DOWNTREND
D11,2018,7,19,3,29,4,Thursday,2018-07-19,9.53,9.53,7.9,7.9,4200.0,1531958400.0,DOWNTREND
D11,2018,7,20,3,29,5,Friday,2018-07-20,8.64,8.64,7.9,7.9,200.0,1532044800.0,DOWNTREND
D11,2018,7,23,3,30,1,Monday,2018-07-23,8.64,8.64,7.9,8.64,4300.0,1532304000.0,SIDEWAY
D11,2018,7,24,3,30,2,Tuesday,2018-07-24,9.45,9.45,8.93,9.45,400.0,1532390400.0,SIDEWAY
D11,2018,7,25,3,30,3,Wednesday,2018-07-25,9.6,9.67,9.6,9.67,7800.0,1532476800.0,UPTREND
D11,2018,7,26,3,30,4,Thursday,2018-07-26,9.6,9.67,9.6,9.67,200.0,1532563200.0,UPTREND
D11,2018,7,27,3,30,5,Friday,2018-07-27,9.97,9.97,9.97,9.97,4500.0,1532649600.0,SIDEWAY
D11,2018,8,1,3,31,3,Wednesday,2018-08-01,9.97,9.97,9.97,9.97,200.0,1533081600.0,SIDEWAY
D11,2018,8,2,3,31,4,Thursday,2018-08-02,9.97,9.97,9.97,9.97,3600.0,1533168000.0,SIDEWAY
D11,2018,8,3,3,31,5,Friday,2018-08-03,9.89,9.97,9.89,9.97,2500.0,1533254400.0,UPTREND
D11,2018,8,6,3,32,1,Monday,2018-08-06,9.97,10.19,9.97,10.19,2500.0,1533513600.0,UPTREND
D11,2018,8,7,3,32,2,Tuesday,2018-08-07,10.19,10.19,10.19,10.19,5100.0,1533600000.0,SIDEWAY
D11,2018,8,8,3,32,3,Wednesday,2018-08-08,10.12,10.19,10.12,10.19,300.0,1533686400.0,UPTREND
D11,2018,8,9,3,32,4,Thursday,2018-08-09,10.19,10.19,10.19,10.19,500.0,1533772800.0,SIDEWAY
D11,2018,8,13,3,33,1,Monday,2018-08-13,10.19,10.19,10.19,10.19,1900.0,1534118400.0,SIDEWAY
D11,2018,8,14,3,33,2,Tuesday,2018-08-14,10.19,10.19,10.12,10.12,300.0,1534204800.0,DOWNTREND
D11,2018,8,15,3,33,3,Wednesday,2018-08-15,10.19,10.19,10.12,10.12,7000.0,1534291200.0,DOWNTREND
D11,2018,8,21,3,34,2,Tuesday,2018-08-21,10.19,11.0,10.19,11.0,700.0,1534809600.0,UPTREND
D11,2018,8,23,3,34,4,Thursday,2018-08-23,10.12,10.12,10.12,10.12,100.0,1534982400.0,SIDEWAY
D11,2018,8,27,3,35,1,Monday,2018-08-27,10.04,10.04,10.04,10.04,2400.0,1535328000.0,SIDEWAY
D11,2018,8,29,3,35,3,Wednesday,2018-08-29,9.89,9.89,9.89,9.89,3000.0,1535500800.0,SIDEWAY
D11,2018,9,11,3,37,2,Tuesday,2018-09-11,10.34,10.34,10.34,10.34,100.0,1536624000.0,SIDEWAY
D11,2018,9,12,3,37,3,Wednesday,2018-09-12,9.75,9.75,9.75,9.75,3000.0,1536710400.0,SIDEWAY
D11,2018,9,17,3,38,1,Monday,2018-09-17,9.75,9.75,9.75,9.75,3100.0,1537142400.0,SIDEWAY
D11,2018,9,26,3,39,3,Wednesday,2018-09-26,9.82,9.82,9.82,9.82,3000.0,1537920000.0,SIDEWAY
D11,2018,9,27,3,39,4,Thursday,2018-09-27,9.89,9.97,9.89,9.89,7000.0,1538006400.0,SIDEWAY
D11,2018,9,28,3,39,5,Friday,2018-09-28,9.89,10.04,9.89,10.04,6000.0,1538092800.0,UPTREND
D11,2018,10,3,4,40,3,Wednesday,2018-10-03,9.82,9.82,9.82,9.82,4000.0,1538524800.0,SIDEWAY
D11,2018,10,8,4,41,1,Monday,2018-10-08,9.82,9.82,9.82,9.82,13400.0,1538956800.0,SIDEWAY
D11,2018,10,9,4,41,2,Tuesday,2018-10-09,9.82,9.82,9.82,9.82,1700.0,1539043200.0,SIDEWAY
D11,2018,10,10,4,41,3,Wednesday,2018-10-10,10.26,10.71,10.26,10.71,1800.0,1539129600.0,UPTREND
D11,2018,10,11,4,41,4,Thursday,2018-10-11,9.89,9.89,9.82,9.82,9490.0,1539216000.0,DOWNTREND
D11,2018,10,12,4,41,5,Friday,2018-10-12,10.26,10.78,9.82,9.82,500.0,1539302400.0,DOWNTREND
D11,2018,10,15,4,42,1,Monday,2018-10-15,9.82,9.82,8.93,8.93,1800.0,1539561600.0,DOWNTREND
D11,2018,10,17,4,42,3,Wednesday,2018-10-17,9.23,9.23,9.23,9.23,400.0,1539734400.0,SIDEWAY
D11,2018,10,18,4,42,4,Thursday,2018-10-18,10.04,10.04,10.04,10.04,100.0,1539820800.0,SIDEWAY
D11,2018,10,19,4,42,5,Friday,2018-10-19,10.04,10.93,10.04,10.93,200.0,1539907200.0,UPTREND
D11,2018,10,23,4,43,2,Tuesday,2018-10-23,10.04,10.04,9.89,9.89,2100.0,1540252800.0,DOWNTREND
D11,2018,11,6,4,45,2,Tuesday,2018-11-06,9.97,9.97,9.97,9.97,5000.0,1541462400.0,SIDEWAY
D11,2018,11,29,4,48,4,Thursday,2018-11-29,10.34,10.85,10.34,10.85,200.0,1543449600.0,UPTREND
D11,2018,12,14,4,50,5,Friday,2018-12-14,9.97,10.04,9.97,10.04,600.0,1544745600.0,UPTREND
D11,2018,12,17,4,51,1,Monday,2018-12-17,10.52,10.52,10.44,10.44,1100.0,1545004800.0,DOWNTREND
D11,2018,12,20,4,51,4,Thursday,2018-12-20,10.44,10.44,10.44,10.44,200.0,1545264000.0,SIDEWAY
D11,2019,1,10,1,2,4,Thursday,2019-01-10,11.08,11.08,11.08,11.08,100.0,1547078400.0,SIDEWAY
D11,2019,1,28,1,5,1,Monday,2019-01-28,12.11,12.11,12.11,12.11,100.0,1548633600.0,SIDEWAY
D11,2019,2,12,1,7,2,Tuesday,2019-02-12,10.92,10.92,10.92,10.92,200.0,1549929600.0,SIDEWAY
D11,2019,2,13,1,7,3,Wednesday,2019-02-13,11.88,11.88,11.88,11.88,100.0,1550016000.0,SIDEWAY
D11,2019,2,19,1,8,2,Tuesday,2019-02-19,10.76,11.88,10.76,11.88,1200.0,1550534400.0,UPTREND
D11,2019,2,20,1,8,3,Wednesday,2019-02-20,10.76,11.4,10.76,10.76,1000.0,1550620800.0,SIDEWAY
D11,2019,2,21,1,8,4,Thursday,2019-02-21,11.63,11.63,10.76,10.76,200.0,1550707200.0,DOWNTREND
D11,2019,2,22,1,8,5,Friday,2019-02-22,11.63,11.63,11.63,11.63,100.0,1550793600.0,SIDEWAY
D11,2019,3,1,1,9,5,Friday,2019-03-01,10.76,10.76,10.76,10.76,2100.0,1551398400.0,SIDEWAY
D11,2019,3,4,1,10,1,Monday,2019-03-04,11.63,11.63,10.76,11.56,1200.0,1551657600.0,DOWNTREND
D11,2019,3,7,1,10,4,Thursday,2019-03-07,11.71,11.71,10.68,10.68,7200.0,1551916800.0,DOWNTREND
D11,2019,3,13,1,11,3,Wednesday,2019-03-13,11.71,11.71,10.68,10.68,1300.0,1552435200.0,DOWNTREND
D11,2019,3,14,1,11,4,Thursday,2019-03-14,11.63,11.63,11.63,11.63,100.0,1552521600.0,SIDEWAY
D11,2019,3,15,1,11,5,Friday,2019-03-15,11.56,11.56,10.76,10.76,1500.0,1552608000.0,DOWNTREND
D11,2019,3,18,1,12,1,Monday,2019-03-18,10.68,10.68,10.68,10.68,2000.0,1552867200.0,SIDEWAY
D11,2019,3,19,1,12,2,Tuesday,2019-03-19,11.71,11.71,11.71,11.71,100.0,1552953600.0,SIDEWAY
D11,2019,3,20,1,12,3,Wednesday,2019-03-20,11.88,11.88,11.88,11.88,100.0,1553040000.0,SIDEWAY
D11,2019,3,21,1,12,4,Thursday,2019-03-21,10.76,10.84,10.76,10.76,4600.0,1553126400.0,SIDEWAY
D11,2019,3,22,1,12,5,Friday,2019-03-22,10.76,10.76,10.76,10.76,1600.0,1553212800.0,SIDEWAY
D11,2019,3,25,1,13,1,Monday,2019-03-25,10.76,10.76,10.76,10.76,100.0,1553472000.0,SIDEWAY
D11,2019,3,26,1,13,2,Tuesday,2019-03-26,10.76,10.76,10.76,10.76,8.0,1553558400.0,SIDEWAY
D11,2019,3,27,1,13,3,Wednesday,2019-03-27,10.76,10.76,10.68,10.68,4600.0,1553644800.0,DOWNTREND
D11,2019,3,29,1,13,5,Friday,2019-03-29,10.68,10.68,10.68,10.68,6.0,1553817600.0,SIDEWAY
D11,2019,4,1,2,14,1,Monday,2019-04-01,10.6,10.6,10.6,10.6,3000.0,1554076800.0,SIDEWAY
D11,2019,4,10,2,15,3,Wednesday,2019-04-10,11.08,11.08,11.08,11.08,2300.0,1554854400.0,SIDEWAY
D11,2019,4,16,2,16,2,Tuesday,2019-04-16,10.6,10.6,10.6,10.6,2000.0,1555372800.0,SIDEWAY
D11,2019,4,19,2,16,5,Friday,2019-04-19,11.08,11.08,10.52,11.0,2300.0,1555632000.0,DOWNTREND
D11,2019,4,24,2,17,3,Wednesday,2019-04-24,10.44,10.44,10.44,10.44,100.0,1556064000.0,SIDEWAY
D11,2019,4,25,2,17,4,Thursday,2019-04-25,10.92,10.92,10.92,10.92,100.0,1556150400.0,SIDEWAY
D11,2019,5,2,2,18,4,Thursday,2019-05-02,10.92,10.92,10.92,10.92,6.0,1556755200.0,SIDEWAY
D11,2019,5,3,2,18,5,Friday,2019-05-03,11.08,11.08,11.08,11.08,200.0,1556841600.0,SIDEWAY
D11,2019,5,7,2,19,2,Tuesday,2019-05-07,10.12,10.2,10.04,10.04,5700.0,1557187200.0,DOWNTREND
D11,2019,5,9,2,19,4,Thursday,2019-05-09,9.72,9.72,9.72,9.72,1000.0,1557360000.0,SIDEWAY
D11,2019,5,13,2,20,1,Monday,2019-05-13,9.72,9.72,9.72,9.72,60.0,1557705600.0,SIDEWAY
D11,2019,5,14,2,20,2,Tuesday,2019-05-14,10.6,10.6,10.6,10.6,100.0,1557792000.0,SIDEWAY
D11,2019,5,17,2,20,5,Friday,2019-05-17,10.92,10.92,10.92,10.92,100.0,1558051200.0,SIDEWAY
D11,2019,5,20,2,21,1,Monday,2019-05-20,11.0,11.0,10.84,10.92,3000.0,1558310400.0,DOWNTREND
D11,2019,5,21,2,21,2,Tuesday,2019-05-21,11.0,11.0,10.92,10.92,2200.0,1558396800.0,DOWNTREND
D11,2019,5,22,2,21,3,Wednesday,2019-05-22,10.36,10.76,10.28,10.76,1100.0,1558483200.0,UPTREND
D11,2019,5,24,2,21,5,Friday,2019-05-24,9.8,10.84,9.8,10.84,2200.0,1558656000.0,UPTREND
D11,2019,5,27,2,22,1,Monday,2019-05-27,10.04,10.04,10.04,10.04,200.0,1558915200.0,SIDEWAY
D11,2019,5,28,2,22,2,Tuesday,2019-05-28,9.96,9.96,9.72,9.72,5500.0,1559001600.0,DOWNTREND
D11,2019,5,29,2,22,3,Wednesday,2019-05-29,9.64,9.72,9.56,9.56,2700.0,1559088000.0,DOWNTREND
D11,2019,6,3,2,23,1,Monday,2019-06-03,9.56,9.56,9.56,9.56,1000.0,1559520000.0,SIDEWAY
D11,2019,6,19,2,25,3,Wednesday,2019-06-19,9.88,9.88,9.88,9.88,100.0,1560902400.0,SIDEWAY
D11,2019,6,20,2,25,4,Thursday,2019-06-20,9.88,9.88,9.88,9.88,100.0,1560988800.0,SIDEWAY
D11,2019,7,8,3,28,1,Monday,2019-07-08,9.88,9.88,9.88,9.88,300.0,1562544000.0,SIDEWAY
D11,2019,7,9,3,28,2,Tuesday,2019-07-09,10.2,10.2,10.2,10.2,5000.0,1562630400.0,SIDEWAY
D11,2019,7,10,3,28,3,Wednesday,2019-07-10,10.36,11.16,10.36,11.16,10700.0,1562716800.0,UPTREND
D11,2019,7,11,3,28,4,Thursday,2019-07-11,10.76,10.76,10.76,10.76,6000.0,1562803200.0,SIDEWAY
D11,2019,7,12,3,28,5,Friday,2019-07-12,11.63,11.79,10.84,11.63,10000.0,1562889600.0,SIDEWAY
D11,2019,7,15,3,29,1,Monday,2019-07-15,11.95,12.75,11.95,12.75,22800.0,1563148800.0,UPTREND
D11,2019,7,16,3,29,2,Tuesday,2019-07-16,14.03,14.03,13.15,14.03,81200.0,1563235200.0,SIDEWAY
D11,2019,7,17,3,29,3,Wednesday,2019-07-17,15.14,15.14,14.19,14.74,22500.0,1563321600.0,DOWNTREND
D11,2019,7,18,3,29,4,Thursday,2019-07-18,14.82,14.82,13.63,14.82,30300.0,1563408000.0,SIDEWAY
D11,2019,7,19,3,29,5,Friday,2019-07-19,14.66,15.46,14.66,15.14,20800.0,1563494400.0,UPTREND
D11,2019,7,22,3,30,1,Monday,2019-07-22,16.1,16.1,16.1,16.1,200.0,1563753600.0,SIDEWAY
D11,2019,7,23,3,30,2,Tuesday,2019-07-23,16.02,16.98,14.51,14.51,52300.0,1563840000.0,DOWNTREND
D11,2019,7,24,3,30,3,Wednesday,2019-07-24,14.03,15.06,13.87,15.06,8300.0,1563926400.0,UPTREND
D11,2019,7,25,3,30,4,Thursday,2019-07-25,14.35,14.35,14.35,14.35,1000.0,1564012800.0,SIDEWAY
D11,2019,7,26,3,30,5,Friday,2019-07-26,14.74,14.74,13.95,14.03,6900.0,1564099200.0,DOWNTREND
D11,2019,7,29,3,31,1,Monday,2019-07-29,13.63,14.51,13.63,14.27,13000.0,1564358400.0,UPTREND
D11,2019,7,30,3,31,2,Tuesday,2019-07-30,13.55,14.03,13.55,13.71,3400.0,1564444800.0,UPTREND
D11,2019,7,31,3,31,3,Wednesday,2019-07-31,13.71,13.71,13.55,13.55,6100.0,1564531200.0,DOWNTREND
D11,2019,8,1,3,31,4,Thursday,2019-08-01,13.55,14.9,13.55,14.9,36700.0,1564617600.0,UPTREND
D11,2019,8,2,3,31,5,Friday,2019-08-02,15.7,15.78,14.98,15.78,18100.0,1564704000.0,UPTREND
D11,2019,8,5,3,32,1,Monday,2019-08-05,15.78,16.66,15.14,16.5,50100.0,1564963200.0,UPTREND
D11,2019,8,6,3,32,2,Tuesday,2019-08-06,16.58,16.66,14.98,16.5,32200.0,1565049600.0,DOWNTREND
D11,2019,8,7,3,32,3,Wednesday,2019-08-07,16.42,18.09,15.94,18.09,73900.0,1565136000.0,UPTREND
D11,2019,8,8,3,32,4,Thursday,2019-08-08,18.33,18.33,16.82,17.45,22400.0,1565222400.0,DOWNTREND
D11,2019,8,9,3,32,5,Friday,2019-08-09,16.34,18.09,16.34,17.77,13300.0,1565308800.0,UPTREND
D11,2019,8,12,3,33,1,Monday,2019-08-12,17.53,17.85,16.74,17.85,25600.0,1565568000.0,UPTREND
D11,2019,8,13,3,33,2,Tuesday,2019-08-13,17.21,17.37,16.42,17.05,14300.0,1565654400.0,DOWNTREND
D11,2019,8,14,3,33,3,Wednesday,2019-08-14,16.74,17.05,16.42,16.89,12600.0,1565740800.0,UPTREND
D11,2019,8,15,3,33,4,Thursday,2019-08-15,15.94,16.74,15.22,15.94,19100.0,1565827200.0,SIDEWAY
D11,2019,8,16,3,33,5,Friday,2019-08-16,15.94,17.13,15.78,17.13,13700.0,1565913600.0,UPTREND
D11,2019,8,19,3,34,1,Monday,2019-08-19,16.1,17.13,15.94,15.94,16700.0,1566172800.0,DOWNTREND
D11,2019,8,20,3,34,2,Tuesday,2019-08-20,15.62,16.66,15.3,16.5,32300.0,1566259200.0,UPTREND
D11,2019,8,21,3,34,3,Wednesday,2019-08-21,16.42,16.66,16.1,16.1,14700.0,1566345600.0,DOWNTREND
D11,2019,8,22,3,34,4,Thursday,2019-08-22,16.58,16.74,16.42,16.66,5000.0,1566432000.0,UPTREND
D11,2019,8,23,3,34,5,Friday,2019-08-23,16.74,16.74,16.34,16.42,20000.0,1566518400.0,DOWNTREND
D11,2019,8,26,3,35,1,Monday,2019-08-26,16.5,16.58,16.18,16.5,12200.0,1566777600.0,SIDEWAY
D11,2019,8,27,3,35,2,Tuesday,2019-08-27,16.5,18.09,16.5,18.09,52900.0,1566864000.0,UPTREND
D11,2019,8,28,3,35,3,Wednesday,2019-08-28,18.33,19.52,18.33,19.13,27000.0,1566950400.0,UPTREND
D11,2019,8,29,3,35,4,Thursday,2019-08-29,17.61,18.33,17.53,18.33,13800.0,1567036800.0,UPTREND
D11,2019,8,30,3,35,5,Friday,2019-08-30,18.17,18.33,16.58,16.82,19300.0,1567123200.0,DOWNTREND
D11,2019,9,3,3,36,2,Tuesday,2019-09-03,16.82,17.13,15.94,16.98,19900.0,1567468800.0,UPTREND
D11,2019,9,4,3,36,3,Wednesday,2019-09-04,16.89,16.89,15.94,16.26,6700.0,1567555200.0,DOWNTREND
D11,2019,9,5,3,36,4,Thursday,2019-09-05,16.74,17.37,16.74,16.98,19800.0,1567641600.0,UPTREND
D11,2019,9,6,3,36,5,Friday,2019-09-06,16.98,17.85,16.98,17.85,15500.0,1567728000.0,UPTREND
D11,2019,9,9,3,37,1,Monday,2019-09-09,18.25,18.25,17.29,18.01,18400.0,1567987200.0,DOWNTREND
D11,2019,9,10,3,37,2,Tuesday,2019-09-10,17.05,17.37,17.05,17.05,24700.0,1568073600.0,SIDEWAY
D11,2019,9,11,3,37,3,Wednesday,2019-09-11,17.69,17.69,17.69,17.69,800.0,1568160000.0,SIDEWAY
D11,2019,9,12,3,37,4,Thursday,2019-09-12,17.69,17.93,17.37,17.93,4400.0,1568246400.0,UPTREND
D11,2019,9,13,3,37,5,Friday,2019-09-13,17.93,17.93,17.45,17.93,11100.0,1568332800.0,SIDEWAY
D11,2019,9,16,3,38,1,Monday,2019-09-16,18.01,18.01,17.53,17.53,5200.0,1568592000.0,DOWNTREND
D11,2019,9,17,3,38,2,Tuesday,2019-09-17,17.37,17.53,17.29,17.29,5900.0,1568678400.0,DOWNTREND
D11,2019,9,18,3,38,3,Wednesday,2019-09-18,17.37,17.37,17.29,17.29,1100.0,1568764800.0,DOWNTREND
D11,2019,9,20,3,38,5,Friday,2019-09-20,17.21,17.21,16.42,16.42,3000.0,1568937600.0,DOWNTREND
D11,2019,9,23,3,39,1,Monday,2019-09-23,16.02,17.05,16.02,17.05,1300.0,1569196800.0,UPTREND
D11,2019,9,24,3,39,2,Tuesday,2019-09-24,15.86,17.05,15.86,15.94,4700.0,1569283200.0,UPTREND
D11,2019,9,25,3,39,3,Wednesday,2019-09-25,16.34,16.74,16.34,16.74,2400.0,1569369600.0,UPTREND
D11,2019,9,26,3,39,4,Thursday,2019-09-26,17.33,17.5,16.14,16.14,400.0,1569456000.0,DOWNTREND
D11,2019,9,27,3,39,5,Friday,2019-09-27,16.9,17.75,16.14,16.82,11100.0,1569542400.0,DOWNTREND
D11,2019,9,30,3,40,1,Monday,2019-09-30,17.33,17.33,16.99,16.99,3000.0,1569801600.0,DOWNTREND
D11,2019,10,1,4,40,2,Tuesday,2019-10-01,17.33,17.33,16.9,16.9,1000.0,1569888000.0,DOWNTREND
D11,2019,10,2,4,40,3,Wednesday,2019-10-02,16.99,18.0,16.99,17.92,5900.0,1569974400.0,UPTREND
D11,2019,10,3,4,40,4,Thursday,2019-10-03,17.75,18.0,17.5,17.5,3100.0,1570060800.0,DOWNTREND
D11,2019,10,4,4,40,5,Friday,2019-10-04,18.09,18.09,17.33,17.75,1600.0,1570147200.0,DOWNTREND
D11,2019,10,7,4,41,1,Monday,2019-10-07,17.07,17.16,17.07,17.07,300.0,1570406400.0,SIDEWAY
D11,2019,10,8,4,41,2,Tuesday,2019-10-08,16.4,17.41,16.4,17.41,1700.0,1570492800.0,UPTREND
D11,2019,10,9,4,41,3,Wednesday,2019-10-09,17.41,17.75,17.41,17.75,1300.0,1570579200.0,UPTREND
D11,2019,10,10,4,41,4,Thursday,2019-10-10,17.66,17.66,17.66,17.66,1200.0,1570665600.0,SIDEWAY
D11,2019,10,11,4,41,5,Friday,2019-10-11,17.92,17.92,16.9,16.9,200.0,1570752000.0,DOWNTREND
D11,2019,10,14,4,42,1,Monday,2019-10-14,16.82,16.9,16.82,16.9,1500.0,1571011200.0,UPTREND
D11,2019,10,15,4,42,2,Tuesday,2019-10-15,16.82,16.82,16.73,16.73,1500.0,1571097600.0,DOWNTREND
D11,2019,10,16,4,42,3,Wednesday,2019-10-16,16.73,16.73,16.73,16.73,1000.0,1571184000.0,SIDEWAY
D11,2019,10,18,4,42,5,Friday,2019-10-18,17.16,17.41,17.16,17.41,2500.0,1571356800.0,UPTREND
D11,2019,10,22,4,43,2,Tuesday,2019-10-22,17.33,17.58,17.33,17.5,3400.0,1571702400.0,UPTREND
D11,2019,10,23,4,43,3,Wednesday,2019-10-23,17.07,17.07,17.07,17.07,500.0,1571788800.0,SIDEWAY
D11,2019,10,25,4,43,5,Friday,2019-10-25,16.65,16.65,16.65,16.65,900.0,1571961600.0,SIDEWAY
D11,2019,10,28,4,44,1,Monday,2019-10-28,16.9,16.9,16.9,16.9,500.0,1572220800.0,SIDEWAY
D11,2019,10,29,4,44,2,Tuesday,2019-10-29,16.9,16.9,16.9,16.9,1000.0,1572307200.0,SIDEWAY
D11,2019,10,31,4,44,4,Thursday,2019-10-31,16.06,16.06,16.06,16.06,100.0,1572480000.0,SIDEWAY
D11,2019,11,4,4,45,1,Monday,2019-11-04,16.9,16.9,16.9,16.9,300.0,1572825600.0,SIDEWAY
D11,2019,11,5,4,45,2,Tuesday,2019-11-05,16.9,16.9,16.9,16.9,100.0,1572912000.0,SIDEWAY
D11,2019,11,7,4,45,4,Thursday,2019-11-07,16.82,16.9,16.82,16.82,1900.0,1573084800.0,SIDEWAY
D11,2019,11,8,4,45,5,Friday,2019-11-08,15.89,16.99,15.89,16.99,600.0,1573171200.0,UPTREND
D11,2019,11,12,4,46,2,Tuesday,2019-11-12,16.99,16.99,16.99,16.99,2500.0,1573516800.0,SIDEWAY
D11,2019,11,13,4,46,3,Wednesday,2019-11-13,17.75,17.75,16.06,16.99,2200.0,1573603200.0,DOWNTREND
D11,2019,11,14,4,46,4,Thursday,2019-11-14,16.9,17.66,16.9,16.99,7200.0,1573689600.0,UPTREND
D11,2019,11,18,4,47,1,Monday,2019-11-18,16.99,16.99,16.99,16.99,600.0,1574035200.0,SIDEWAY
D11,2019,11,19,4,47,2,Tuesday,2019-11-19,16.9,16.9,15.8,15.8,2300.0,1574121600.0,DOWNTREND
D11,2019,11,20,4,47,3,Wednesday,2019-11-20,16.48,16.48,15.72,15.89,2500.0,1574208000.0,DOWNTREND
D11,2019,11,21,4,47,4,Thursday,2019-11-21,15.38,17.24,15.3,15.97,5600.0,1574294400.0,UPTREND
D11,2019,11,26,4,48,2,Tuesday,2019-11-26,15.8,16.06,15.8,16.06,1900.0,1574726400.0,UPTREND
D11,2019,11,28,4,48,4,Thursday,2019-11-28,15.55,15.55,15.55,15.55,100.0,1574899200.0,SIDEWAY
D11,2019,11,29,4,48,5,Friday,2019-11-29,15.97,16.9,15.97,16.9,9400.0,1574985600.0,UPTREND
D11,2019,12,2,4,49,1,Monday,2019-12-02,15.47,15.47,15.47,15.47,400.0,1575244800.0,SIDEWAY
D11,2019,12,5,4,49,4,Thursday,2019-12-05,15.47,15.8,15.47,15.8,600.0,1575504000.0,UPTREND
D11,2019,12,6,4,49,5,Friday,2019-12-06,15.97,15.97,15.97,15.97,100.0,1575590400.0,SIDEWAY
D11,2019,12,11,4,50,3,Wednesday,2019-12-11,15.97,16.14,15.47,15.47,1400.0,1576022400.0,DOWNTREND
D11,2019,12,13,4,50,5,Friday,2019-12-13,15.97,15.97,15.97,15.97,500.0,1576195200.0,SIDEWAY
D11,2019,12,16,4,51,1,Monday,2019-12-16,15.89,15.89,15.89,15.89,200.0,1576454400.0,SIDEWAY
D11,2019,12,17,4,51,2,Tuesday,2019-12-17,15.47,15.47,15.47,15.47,2000.0,1576540800.0,SIDEWAY
D11,2019,12,18,4,51,3,Wednesday,2019-12-18,15.47,15.55,15.47,15.55,1100.0,1576627200.0,UPTREND
D11,2019,12,23,4,52,1,Monday,2019-12-23,14.62,15.13,14.37,14.45,11400.0,1577059200.0,DOWNTREND
D11,2019,12,25,4,52,3,Wednesday,2019-12-25,15.13,15.72,15.13,15.47,2800.0,1577232000.0,UPTREND
D11,2019,12,26,4,52,4,Thursday,2019-12-26,15.47,15.64,15.47,15.47,3400.0,1577318400.0,SIDEWAY
D11,2019,12,27,4,52,5,Friday,2019-12-27,15.47,15.47,15.47,15.47,3000.0,1577404800.0,SIDEWAY
D11,2019,12,31,4,1,2,Tuesday,2019-12-31,15.21,15.21,14.88,14.88,15300.0,1577750400.0,DOWNTREND
D11,2020,1,6,1,2,1,Monday,2020-01-06,14.88,14.88,14.88,14.88,5100.0,1578268800.0,SIDEWAY
D11,2020,1,7,1,2,2,Tuesday,2020-01-07,14.62,14.62,14.03,14.2,10500.0,1578355200.0,DOWNTREND
D11,2020,1,9,1,2,4,Thursday,2020-01-09,15.04,15.04,15.04,15.04,100.0,1578528000.0,SIDEWAY
D11,2020,1,10,1,2,5,Friday,2020-01-10,13.95,14.37,13.95,14.37,200.0,1578614400.0,UPTREND
D11,2020,1,14,1,3,2,Tuesday,2020-01-14,14.2,14.2,14.2,14.2,1300.0,1578960000.0,SIDEWAY
D11,2020,1,15,1,3,3,Wednesday,2020-01-15,14.2,14.2,14.2,14.2,500.0,1579046400.0,SIDEWAY
D11,2020,1,17,1,3,5,Friday,2020-01-17,14.62,15.47,14.62,15.13,1300.0,1579219200.0,UPTREND
D11,2020,1,20,1,4,1,Monday,2020-01-20,15.13,15.13,15.13,15.13,100.0,1579478400.0,SIDEWAY
D11,2020,1,21,1,4,2,Tuesday,2020-01-21,15.21,15.21,15.21,15.21,100.0,1579564800.0,SIDEWAY
D11,2020,1,22,1,4,3,Wednesday,2020-01-22,16.06,16.06,16.06,16.06,100.0,1579651200.0,SIDEWAY
D11,2020,1,30,1,5,4,Thursday,2020-01-30,16.48,16.48,14.54,14.62,600.0,1580342400.0,DOWNTREND
D11,2020,1,31,1,5,5,Friday,2020-01-31,15.97,15.97,15.21,15.21,500.0,1580428800.0,DOWNTREND
D11,2020,2,3,1,6,1,Monday,2020-02-03,16.06,16.06,14.03,15.97,300.0,1580688000.0,DOWNTREND
D11,2020,2,4,1,6,2,Tuesday,2020-02-04,15.04,15.04,15.04,15.04,200.0,1580774400.0,SIDEWAY
D11,2020,2,5,1,6,3,Wednesday,2020-02-05,15.55,15.55,14.79,14.79,1100.0,1580860800.0,DOWNTREND
D11,2020,2,6,1,6,4,Thursday,2020-02-06,15.55,15.55,15.21,15.55,300.0,1580947200.0,SIDEWAY
D11,2020,2,7,1,6,5,Friday,2020-02-07,15.97,15.97,14.88,14.88,1100.0,1581033600.0,DOWNTREND
D11,2020,2,10,1,7,1,Monday,2020-02-10,14.45,14.45,13.95,13.95,3600.0,1581292800.0,DOWNTREND
D11,2020,2,11,1,7,2,Tuesday,2020-02-11,13.69,13.69,13.52,13.52,5500.0,1581379200.0,DOWNTREND
D11,2020,2,12,1,7,3,Wednesday,2020-02-12,13.52,14.28,12.68,13.35,2000.0,1581465600.0,DOWNTREND
D11,2020,2,13,1,7,4,Thursday,2020-02-13,13.1,13.1,13.1,13.1,700.0,1581552000.0,SIDEWAY
D11,2020,2,14,1,7,5,Friday,2020-02-14,13.35,14.37,13.35,14.03,8400.0,1581638400.0,UPTREND
D11,2020,2,17,1,8,1,Monday,2020-02-17,15.13,15.38,15.13,15.38,19100.0,1581897600.0,UPTREND
D11,2020,2,18,1,8,2,Tuesday,2020-02-18,14.79,15.64,14.79,15.64,1300.0,1581984000.0,UPTREND
D11,2020,2,19,1,8,3,Wednesday,2020-02-19,14.37,16.31,14.37,14.37,5500.0,1582070400.0,SIDEWAY
D11,2020,2,20,1,8,4,Thursday,2020-02-20,15.72,15.8,14.54,14.54,7300.0,1582156800.0,DOWNTREND
D11,2020,2,21,1,8,5,Friday,2020-02-21,15.97,15.97,14.54,15.04,2400.0,1582243200.0,DOWNTREND
D11,2020,2,24,1,9,1,Monday,2020-02-24,14.54,14.54,14.37,14.37,1600.0,1582502400.0,DOWNTREND
D11,2020,2,25,1,9,2,Tuesday,2020-02-25,14.28,15.8,14.28,14.88,4700.0,1582588800.0,UPTREND
D11,2020,2,26,1,9,3,Wednesday,2020-02-26,14.2,14.2,14.2,14.2,2000.0,1582675200.0,SIDEWAY
D11,2020,2,27,1,9,4,Thursday,2020-02-27,14.03,14.03,14.03,14.03,1500.0,1582761600.0,SIDEWAY
D11,2020,2,28,1,9,5,Friday,2020-02-28,13.52,13.52,13.52,13.52,100.0,1582848000.0,SIDEWAY
D11,2020,3,2,1,10,1,Monday,2020-03-02,14.71,14.88,14.71,14.88,800.0,1583107200.0,UPTREND
D11,2020,3,3,1,10,2,Tuesday,2020-03-03,15.97,16.31,13.52,15.13,31300.0,1583193600.0,DOWNTREND
D11,2020,3,4,1,10,3,Wednesday,2020-03-04,16.23,16.23,16.23,16.23,100.0,1583280000.0,SIDEWAY
D11,2020,3,5,1,10,4,Thursday,2020-03-05,14.96,14.96,14.96,14.96,1800.0,1583366400.0,SIDEWAY
D11,2020,3,6,1,10,5,Friday,2020-03-06,14.88,14.88,14.37,14.37,2400.0,1583452800.0,DOWNTREND
D11,2020,3,9,1,11,1,Monday,2020-03-09,13.52,14.45,13.1,13.1,7000.0,1583712000.0,DOWNTREND
D11,2020,3,10,1,11,2,Tuesday,2020-03-10,13.19,13.19,13.02,13.1,1400.0,1583798400.0,DOWNTREND
D11,2020,3,11,1,11,3,Wednesday,2020-03-11,13.19,13.78,12.68,13.78,4600.0,1583884800.0,UPTREND
D11,2020,3,12,1,11,4,Thursday,2020-03-12,12.76,12.76,12.43,12.43,36900.0,1583971200.0,DOWNTREND
D11,2020,3,13,1,11,5,Friday,2020-03-13,13.19,13.19,13.19,13.19,100.0,1584057600.0,SIDEWAY
D11,2020,3,16,1,12,1,Monday,2020-03-16,12.26,13.69,12.17,12.34,3200.0,1584316800.0,UPTREND
D11,2020,3,18,1,12,3,Wednesday,2020-03-18,11.83,12.0,11.83,12.0,1500.0,1584489600.0,UPTREND
D11,2020,3,19,1,12,4,Thursday,2020-03-19,12.68,13.02,12.68,13.02,1300.0,1584576000.0,UPTREND
D11,2020,3,23,1,13,1,Monday,2020-03-23,11.92,13.35,11.83,13.35,10800.0,1584921600.0,UPTREND
D11,2020,3,24,1,13,2,Tuesday,2020-03-24,14.45,14.45,12.26,12.26,3200.0,1585008000.0,DOWNTREND
D11,2020,3,25,1,13,3,Wednesday,2020-03-25,12.26,13.44,12.26,12.26,2800.0,1585094400.0,SIDEWAY
D11,2020,3,30,1,14,1,Monday,2020-03-30,12.59,12.59,11.66,11.66,1200.0,1585526400.0,DOWNTREND
D11,2020,3,31,1,14,2,Tuesday,2020-03-31,12.76,12.76,11.83,12.68,5200.0,1585612800.0,DOWNTREND
D11,2020,4,1,2,14,3,Wednesday,2020-04-01,13.1,13.1,13.1,13.1,100.0,1585699200.0,SIDEWAY
D11,2020,4,3,2,14,5,Friday,2020-04-03,11.83,11.83,11.83,11.83,1000.0,1585872000.0,SIDEWAY
D11,2020,4,7,2,15,2,Tuesday,2020-04-07,12.93,12.93,12.93,12.93,100.0,1586217600.0,SIDEWAY
D11,2020,4,10,2,15,5,Friday,2020-04-10,12.85,12.93,12.85,12.93,500.0,1586476800.0,UPTREND
D11,2020,4,13,2,16,1,Monday,2020-04-13,13.86,13.86,12.09,12.09,200.0,1586736000.0,DOWNTREND
D11,2020,4,14,2,16,2,Tuesday,2020-04-14,12.09,12.09,12.09,12.09,600.0,1586822400.0,SIDEWAY
D11,2020,4,15,2,16,3,Wednesday,2020-04-15,13.19,13.27,12.34,12.34,2200.0,1586908800.0,DOWNTREND
D11,2020,4,16,2,16,4,Thursday,2020-04-16,13.52,13.52,13.52,13.52,300.0,1586995200.0,SIDEWAY
D11,2020,4,17,2,16,5,Friday,2020-04-17,14.62,14.62,12.93,12.93,200.0,1587081600.0,DOWNTREND
D11,2020,4,20,2,17,1,Monday,2020-04-20,13.86,14.2,13.86,14.2,2200.0,1587340800.0,UPTREND
D11,2020,4,21,2,17,2,Tuesday,2020-04-21,14.2,15.55,14.2,15.55,14600.0,1587427200.0,UPTREND
D11,2020,4,22,2,17,3,Wednesday,2020-04-22,16.23,16.23,15.72,15.72,1000.0,1587513600.0,DOWNTREND
D11,2020,4,23,2,17,4,Thursday,2020-04-23,16.65,16.65,15.97,16.06,1800.0,1587600000.0,DOWNTREND
D11,2020,4,24,2,17,5,Friday,2020-04-24,15.89,16.06,15.89,16.06,1400.0,1587686400.0,UPTREND
D11,2020,4,27,2,18,1,Monday,2020-04-27,15.21,15.21,15.21,15.21,4500.0,1587945600.0,SIDEWAY
D11,2020,4,28,2,18,2,Tuesday,2020-04-28,15.64,15.97,14.12,14.12,3300.0,1588032000.0,DOWNTREND
D11,2020,4,29,2,18,3,Wednesday,2020-04-29,15.47,15.47,14.88,14.88,5300.0,1588118400.0,DOWNTREND
D11,2020,5,4,2,19,1,Monday,2020-05-04,15.97,15.97,15.97,15.97,100.0,1588550400.0,SIDEWAY
D11,2020,5,5,2,19,2,Tuesday,2020-05-05,15.64,15.97,14.79,15.64,2300.0,1588636800.0,SIDEWAY
D11,2020,5,6,2,19,3,Wednesday,2020-05-06,15.8,15.8,15.8,15.8,100.0,1588723200.0,SIDEWAY
D11,2020,5,7,2,19,4,Thursday,2020-05-07,15.64,15.64,15.64,15.64,300.0,1588809600.0,SIDEWAY
D11,2020,5,8,2,19,5,Friday,2020-05-08,15.55,15.55,15.55,15.55,100.0,1588896000.0,SIDEWAY
D11,2020,5,11,2,20,1,Monday,2020-05-11,15.89,15.89,15.89,15.89,100.0,1589155200.0,SIDEWAY
D11,2020,5,12,2,20,2,Tuesday,2020-05-12,16.06,16.06,16.06,16.06,1000.0,1589241600.0,SIDEWAY
D11,2020,5,13,2,20,3,Wednesday,2020-05-13,16.14,16.14,16.14,16.14,100.0,1589328000.0,SIDEWAY
D11,2020,5,15,2,20,5,Friday,2020-05-15,16.14,16.14,14.88,16.06,1800.0,1589500800.0,DOWNTREND
D11,2020,5,18,2,21,1,Monday,2020-05-18,16.06,16.06,16.06,16.06,900.0,1589760000.0,SIDEWAY
D11,2020,5,19,2,21,2,Tuesday,2020-05-19,16.06,16.06,16.06,16.06,3000.0,1589846400.0,SIDEWAY
D11,2020,5,20,2,21,3,Wednesday,2020-05-20,16.06,16.06,15.97,16.06,5300.0,1589932800.0,SIDEWAY
D11,2020,5,21,2,21,4,Thursday,2020-05-21,15.21,15.21,15.21,15.21,100.0,1590019200.0,SIDEWAY
D11,2020,5,22,2,21,5,Friday,2020-05-22,16.06,16.73,16.06,16.73,9700.0,1590105600.0,UPTREND
D11,2020,5,25,2,22,1,Monday,2020-05-25,16.9,17.75,16.06,17.75,4300.0,1590364800.0,UPTREND
D11,2020,5,26,2,22,2,Tuesday,2020-05-26,17.66,18.09,16.48,18.09,5600.0,1590451200.0,UPTREND
D11,2020,5,27,2,22,3,Wednesday,2020-05-27,18.43,19.86,16.65,19.86,26800.0,1590537600.0,UPTREND
D11,2020,5,28,2,22,4,Thursday,2020-05-28,20.71,21.81,20.71,21.81,19700.0,1590624000.0,UPTREND
D11,2020,5,29,2,22,5,Friday,2020-05-29,21.81,23.92,21.81,23.92,55400.0,1590710400.0,UPTREND
D11,2020,6,1,2,23,1,Monday,2020-06-01,25.61,26.12,24.0,26.12,39600.0,1590969600.0,UPTREND
D11,2020,6,2,2,23,2,Tuesday,2020-06-02,26.62,27.05,24.17,26.12,33800.0,1591056000.0,DOWNTREND
D11,2020,6,3,2,23,3,Wednesday,2020-06-03,27.05,27.39,24.43,25.69,37000.0,1591142400.0,DOWNTREND
D11,2020,6,4,2,23,4,Thursday,2020-06-04,28.15,28.15,23.67,25.69,81100.0,1591228800.0,DOWNTREND
D11,2020,6,5,2,23,5,Friday,2020-06-05,25.69,28.06,23.84,28.06,80900.0,1591315200.0,UPTREND
D11,2020,6,8,2,24,1,Monday,2020-06-08,26.2,28.4,26.2,28.15,26300.0,1591574400.0,UPTREND
D11,2020,6,9,2,24,2,Tuesday,2020-06-09,26.29,30.68,26.12,30.6,81300.0,1591660800.0,UPTREND
D11,2020,6,10,2,24,3,Wednesday,2020-06-10,28.74,30.6,28.06,30.43,33700.0,1591747200.0,UPTREND
D11,2020,6,11,2,24,4,Thursday,2020-06-11,28.74,30.43,28.65,30.26,36000.0,1591833600.0,UPTREND
D11,2020,6,12,2,24,5,Friday,2020-06-12,28.74,33.22,28.74,33.22,131400.0,1591920000.0,UPTREND
D11,2020,6,15,2,25,1,Monday,2020-06-15,32.88,36.34,32.12,36.09,38500.0,1592179200.0,UPTREND
D11,2020,6,16,2,25,2,Tuesday,2020-06-16,37.02,37.02,36.68,36.68,800.0,1592265600.0,DOWNTREND
D11,2020,6,17,2,25,3,Wednesday,2020-06-17,36.77,36.77,33.05,33.05,38000.0,1592352000.0,DOWNTREND
D11,2020,6,18,2,25,4,Thursday,2020-06-18,29.75,32.54,29.75,29.75,35400.0,1592438400.0,SIDEWAY
D11,2020,6,19,2,25,5,Friday,2020-06-19,29.75,29.75,26.79,26.79,11200.0,1592524800.0,DOWNTREND
D11,2020,6,22,2,26,1,Monday,2020-06-22,24.17,25.52,24.17,24.17,238900.0,1592784000.0,SIDEWAY
D11,2020,6,23,2,26,2,Tuesday,2020-06-23,21.81,24.43,21.81,21.81,46400.0,1592870400.0,SIDEWAY
D11,2020,6,24,2,26,3,Wednesday,2020-06-24,21.72,23.92,19.69,23.92,124800.0,1592956800.0,UPTREND
D11,2020,6,25,2,26,4,Thursday,2020-06-25,23.84,23.84,21.55,22.31,45600.0,1593043200.0,DOWNTREND
D11,2020,6,26,2,26,5,Friday,2020-06-26,22.23,23.07,20.12,20.71,20500.0,1593129600.0,DOWNTREND
D11,2020,6,29,2,27,1,Monday,2020-06-29,18.85,18.85,18.68,18.68,22200.0,1593388800.0,DOWNTREND
D11,2020,6,30,2,27,2,Tuesday,2020-06-30,18.51,19.78,16.82,18.59,153100.0,1593475200.0,UPTREND
D11,2020,7,1,3,27,3,Wednesday,2020-07-01,16.9,17.58,16.73,16.73,14800.0,1593561600.0,DOWNTREND
D11,2020,7,2,3,27,4,Thursday,2020-07-02,16.65,18.34,16.65,18.17,4000.0,1593648000.0,UPTREND
D11,2020,7,3,3,27,5,Friday,2020-07-03,16.57,18.0,16.4,17.75,23900.0,1593734400.0,UPTREND
D11,2020,7,6,3,28,1,Monday,2020-07-06,16.9,17.75,16.48,17.75,1400.0,1593993600.0,UPTREND
D11,2020,7,7,3,28,2,Tuesday,2020-07-07,17.16,17.16,16.06,16.06,4600.0,1594080000.0,DOWNTREND
D11,2020,7,8,3,28,3,Wednesday,2020-07-08,16.57,16.57,15.13,16.06,5000.0,1594166400.0,DOWNTREND
D11,2020,7,9,3,28,4,Thursday,2020-07-09,16.4,16.4,15.38,16.4,9200.0,1594252800.0,SIDEWAY
D11,2020,7,10,3,28,5,Friday,2020-07-10,16.06,16.31,15.3,16.31,2400.0,1594339200.0,UPTREND
D11,2020,7,13,3,29,1,Monday,2020-07-13,16.14,16.14,16.14,16.14,100.0,1594598400.0,SIDEWAY
D11,2020,7,14,3,29,2,Tuesday,2020-07-14,16.06,16.14,15.21,16.06,12600.0,1594684800.0,SIDEWAY
D11,2020,7,15,3,29,3,Wednesday,2020-07-15,15.97,16.4,15.97,16.4,15500.0,1594771200.0,UPTREND
D11,2020,7,16,3,29,4,Thursday,2020-07-16,16.06,16.06,15.55,15.72,1600.0,1594857600.0,DOWNTREND
D11,2020,7,17,3,29,5,Friday,2020-07-17,15.55,16.06,15.55,16.06,3600.0,1594944000.0,UPTREND
D11,2020,7,20,3,30,1,Monday,2020-07-20,15.47,15.97,15.47,15.97,2200.0,1595203200.0,UPTREND
D11,2020,7,21,3,30,2,Tuesday,2020-07-21,15.64,15.89,15.55,15.89,1700.0,1595289600.0,UPTREND
D11,2020,7,22,3,30,3,Wednesday,2020-07-22,15.64,16.06,15.47,16.06,5800.0,1595376000.0,UPTREND
D11,2020,7,23,3,30,4,Thursday,2020-07-23,15.55,16.06,15.55,15.89,12900.0,1595462400.0,UPTREND
D11,2020,7,24,3,30,5,Friday,2020-07-24,15.89,15.89,15.13,15.89,16400.0,1595548800.0,SIDEWAY
D11,2020,7,27,3,31,1,Monday,2020-07-27,14.79,15.13,14.79,15.13,10500.0,1595808000.0,UPTREND
D11,2020,7,28,3,31,2,Tuesday,2020-07-28,15.04,15.21,15.04,15.04,5600.0,1595894400.0,SIDEWAY
D11,2020,7,29,3,31,3,Wednesday,2020-07-29,14.62,14.71,14.03,14.03,21100.0,1595980800.0,DOWNTREND
D11,2020,7,30,3,31,4,Thursday,2020-07-30,13.19,15.3,13.19,15.3,200.0,1596067200.0,UPTREND
D11,2020,7,31,3,31,5,Friday,2020-07-31,14.03,15.72,13.95,14.79,7900.0,1596153600.0,UPTREND
D11,2020,8,3,3,32,1,Monday,2020-08-03,14.88,15.55,14.88,15.55,1100.0,1596412800.0,UPTREND
D11,2020,8,4,3,32,2,Tuesday,2020-08-04,14.45,15.04,14.45,15.04,300.0,1596499200.0,UPTREND
D11,2020,8,5,3,32,3,Wednesday,2020-08-05,14.2,15.72,14.2,15.72,7800.0,1596585600.0,UPTREND
D11,2020,8,6,3,32,4,Thursday,2020-08-06,15.13,16.31,15.04,15.04,500.0,1596672000.0,DOWNTREND
D11,2020,8,7,3,32,5,Friday,2020-08-07,14.96,16.06,14.96,16.06,2100.0,1596758400.0,UPTREND
D11,2020,8,10,3,33,1,Monday,2020-08-10,15.3,15.8,15.21,15.3,4700.0,1597017600.0,SIDEWAY
D11,2020,8,13,3,33,4,Thursday,2020-08-13,15.21,15.21,15.21,15.21,4500.0,1597276800.0,SIDEWAY
D11,2020,8,17,3,34,1,Monday,2020-08-17,14.96,14.96,14.96,14.96,1000.0,1597622400.0,SIDEWAY
D11,2020,8,18,3,34,2,Tuesday,2020-08-18,14.71,15.47,14.71,15.47,1500.0,1597708800.0,UPTREND
D11,2020,8,20,3,34,4,Thursday,2020-08-20,14.88,16.82,14.88,16.31,300.0,1597881600.0,UPTREND
D11,2020,8,21,3,34,5,Friday,2020-08-21,15.47,16.31,15.47,16.31,200.0,1597968000.0,UPTREND
D11,2020,8,24,3,35,1,Monday,2020-08-24,15.13,16.31,14.79,16.31,21900.0,1598227200.0,UPTREND
D11,2020,8,26,3,35,3,Wednesday,2020-08-26,15.64,16.06,14.96,16.06,9300.0,1598400000.0,UPTREND
D11,2020,8,27,3,35,4,Thursday,2020-08-27,15.21,15.64,15.21,15.64,2800.0,1598486400.0,UPTREND
D11,2020,8,28,3,35,5,Friday,2020-08-28,17.16,17.16,15.64,15.64,900.0,1598572800.0,DOWNTREND
D11,2020,8,31,3,36,1,Monday,2020-08-31,15.47,15.47,15.3,15.3,3100.0,1598832000.0,DOWNTREND
D11,2020,9,1,3,36,2,Tuesday,2020-09-01,15.21,15.21,14.88,15.21,1000.0,1598918400.0,SIDEWAY
D11,2020,9,3,3,36,4,Thursday,2020-09-03,15.97,15.97,15.21,15.55,3800.0,1599091200.0,DOWNTREND
D11,2020,9,4,3,36,5,Friday,2020-09-04,15.38,15.64,15.38,15.55,1300.0,1599177600.0,UPTREND
D11,2020,9,7,3,37,1,Monday,2020-09-07,15.55,15.55,15.3,15.3,1800.0,1599436800.0,DOWNTREND
D11,2020,9,8,3,37,2,Tuesday,2020-09-08,15.3,15.38,15.3,15.38,900.0,1599523200.0,UPTREND
D11,2020,9,9,3,37,3,Wednesday,2020-09-09,16.57,16.73,16.57,16.73,700.0,1599609600.0,UPTREND
D11,2020,9,10,3,37,4,Thursday,2020-09-10,15.55,16.9,15.55,16.9,400.0,1599696000.0,UPTREND
D11,2020,9,11,3,37,5,Friday,2020-09-11,15.64,16.9,15.64,16.9,1300.0,1599782400.0,UPTREND
D11,2020,9,15,3,38,2,Tuesday,2020-09-15,16.9,16.9,16.9,16.9,1100.0,1600128000.0,SIDEWAY
D11,2020,9,16,3,38,3,Wednesday,2020-09-16,16.9,16.9,15.38,16.9,3200.0,1600214400.0,SIDEWAY
D11,2020,9,17,3,38,4,Thursday,2020-09-17,15.55,15.55,15.55,15.55,100.0,1600300800.0,SIDEWAY
D11,2020,9,18,3,38,5,Friday,2020-09-18,16.65,16.65,16.65,16.65,100.0,1600387200.0,SIDEWAY
D11,2020,9,21,3,39,1,Monday,2020-09-21,16.57,16.57,15.8,15.8,1200.0,1600646400.0,DOWNTREND
D11,2020,9,22,3,39,2,Tuesday,2020-09-22,16.65,16.65,16.65,16.65,100.0,1600732800.0,SIDEWAY
D11,2020,9,23,3,39,3,Wednesday,2020-09-23,15.21,16.65,15.21,16.57,3500.0,1600819200.0,UPTREND
D11,2020,9,24,3,39,4,Thursday,2020-09-24,16.48,16.48,16.48,16.48,600.0,1600905600.0,SIDEWAY
D11,2020,9,29,3,40,2,Tuesday,2020-09-29,16.48,16.48,16.48,16.48,19300.0,1601337600.0,SIDEWAY
D11,2020,10,1,4,40,4,Thursday,2020-10-01,18.0,18.09,16.65,18.09,4700.0,1601510400.0,UPTREND
D11,2020,10,2,4,40,5,Friday,2020-10-02,19.44,19.44,18.17,18.59,25900.0,1601596800.0,DOWNTREND
D11,2020,10,6,4,41,2,Tuesday,2020-10-06,18.51,18.51,17.58,17.92,5300.0,1601942400.0,DOWNTREND
D11,2020,10,7,4,41,3,Wednesday,2020-10-07,18.51,19.1,18.34,19.1,5500.0,1602028800.0,UPTREND
D11,2020,10,8,4,41,4,Thursday,2020-10-08,19.44,20.29,19.44,20.03,6200.0,1602115200.0,UPTREND
D11,2020,10,9,4,41,5,Friday,2020-10-09,19.86,19.95,19.44,19.95,1200.0,1602201600.0,UPTREND
D11,2020,10,12,4,42,1,Monday,2020-10-12,19.61,19.78,19.27,19.78,5100.0,1602460800.0,UPTREND
D11,2020,10,13,4,42,2,Tuesday,2020-10-13,18.34,19.69,18.17,19.36,2400.0,1602547200.0,UPTREND
D11,2020,10,14,4,42,3,Wednesday,2020-10-14,18.26,18.26,18.0,18.09,5700.0,1602633600.0,DOWNTREND
D11,2020,10,15,4,42,4,Thursday,2020-10-15,18.59,18.59,18.43,18.59,3100.0,1602720000.0,SIDEWAY
D11,2020,10,16,4,42,5,Friday,2020-10-16,18.59,19.02,18.59,19.02,1600.0,1602806400.0,UPTREND
D11,2020,10,22,4,43,4,Thursday,2020-10-22,18.39,19.46,18.39,19.46,1000.0,1603324800.0,UPTREND
D11,2020,10,23,4,43,5,Friday,2020-10-23,17.95,19.28,17.95,19.28,4100.0,1603411200.0,UPTREND
D11,2020,10,26,4,44,1,Monday,2020-10-26,20.45,20.45,20.45,20.45,100.0,1603670400.0,SIDEWAY
D11,2020,10,27,4,44,2,Tuesday,2020-10-27,18.57,19.46,18.48,19.46,1300.0,1603756800.0,UPTREND
D11,2020,10,28,4,44,3,Wednesday,2020-10-28,17.86,18.66,17.86,18.66,2000.0,1603843200.0,UPTREND
D11,2020,10,29,4,44,4,Thursday,2020-10-29,17.86,19.02,17.86,19.02,4300.0,1603929600.0,UPTREND
D11,2020,10,30,4,44,5,Friday,2020-10-30,17.41,18.57,17.23,18.57,2100.0,1604016000.0,UPTREND
D11,2020,11,3,4,45,2,Tuesday,2020-11-03,17.41,17.41,17.41,17.41,1000.0,1604361600.0,SIDEWAY
D11,2020,11,4,4,45,3,Wednesday,2020-11-04,18.12,18.12,18.12,18.12,100.0,1604448000.0,SIDEWAY
D11,2020,11,5,4,45,4,Thursday,2020-11-05,18.12,18.75,18.12,18.75,400.0,1604534400.0,UPTREND
D11,2020,11,6,4,45,5,Friday,2020-11-06,19.02,19.02,17.59,18.93,400.0,1604620800.0,DOWNTREND
D11,2020,11,10,4,46,2,Tuesday,2020-11-10,17.86,17.86,17.59,17.77,4600.0,1604966400.0,DOWNTREND
D11,2020,11,11,4,46,3,Wednesday,2020-11-11,17.77,17.77,16.96,17.68,2400.0,1605052800.0,DOWNTREND
D11,2020,11,12,4,46,4,Thursday,2020-11-12,18.57,18.57,16.96,18.39,9100.0,1605139200.0,DOWNTREND
D11,2020,11,13,4,46,5,Friday,2020-11-13,18.21,18.39,18.21,18.39,200.0,1605225600.0,UPTREND
D11,2020,11,16,4,47,1,Monday,2020-11-16,18.66,18.66,18.66,18.66,100.0,1605484800.0,SIDEWAY
D11,2020,11,17,4,47,2,Tuesday,2020-11-17,17.14,17.59,17.05,17.59,5100.0,1605571200.0,UPTREND
D11,2020,11,18,4,47,3,Wednesday,2020-11-18,17.86,17.86,17.86,17.86,2600.0,1605657600.0,SIDEWAY
D11,2020,11,19,4,47,4,Thursday,2020-11-19,17.86,18.12,17.23,18.12,2800.0,1605744000.0,UPTREND
D11,2020,11,20,4,47,5,Friday,2020-11-20,18.04,18.39,17.86,18.39,1800.0,1605830400.0,UPTREND
D11,2020,11,23,4,48,1,Monday,2020-11-23,18.3,18.3,17.86,17.86,3000.0,1606089600.0,DOWNTREND
D11,2020,11,24,4,48,2,Tuesday,2020-11-24,17.86,17.86,17.86,17.86,1500.0,1606176000.0,SIDEWAY
D11,2020,11,26,4,48,4,Thursday,2020-11-26,17.86,18.12,17.68,17.68,17900.0,1606348800.0,DOWNTREND
D11,2020,11,27,4,48,5,Friday,2020-11-27,18.12,18.3,17.86,18.3,4900.0,1606435200.0,UPTREND
D11,2020,11,30,4,49,1,Monday,2020-11-30,18.75,18.75,18.3,18.3,2600.0,1606694400.0,DOWNTREND
D11,2020,12,1,4,49,2,Tuesday,2020-12-01,18.75,18.75,18.75,18.75,100.0,1606780800.0,SIDEWAY
D11,2020,12,2,4,49,3,Wednesday,2020-12-02,18.12,18.57,18.12,18.57,3700.0,1606867200.0,UPTREND
D11,2020,12,3,4,49,4,Thursday,2020-12-03,19.82,20.36,18.75,20.36,56700.0,1606953600.0,UPTREND
D11,2020,12,4,4,49,5,Friday,2020-12-04,21.43,22.32,21.43,22.32,23500.0,1607040000.0,UPTREND
D11,2020,12,7,4,50,1,Monday,2020-12-07,23.21,24.46,22.32,22.77,11500.0,1607299200.0,DOWNTREND
D11,2020,12,8,4,50,2,Tuesday,2020-12-08,22.32,23.03,20.98,22.32,16300.0,1607385600.0,SIDEWAY
D11,2020,12,9,4,50,3,Wednesday,2020-12-09,22.32,22.32,21.87,22.23,2900.0,1607472000.0,DOWNTREND
D11,2020,12,10,4,50,4,Thursday,2020-12-10,21.43,22.41,21.43,22.41,5300.0,1607558400.0,UPTREND
D11,2020,12,11,4,50,5,Friday,2020-12-11,24.02,24.02,24.02,24.02,100.0,1607644800.0,SIDEWAY
D11,2020,12,15,4,51,2,Tuesday,2020-12-15,23.75,23.75,23.75,23.75,300.0,1607990400.0,SIDEWAY
D11,2020,12,16,4,51,3,Wednesday,2020-12-16,21.52,22.32,21.52,22.14,5000.0,1608076800.0,UPTREND
D11,2020,12,17,4,51,4,Thursday,2020-12-17,21.52,23.03,21.07,23.03,3300.0,1608163200.0,UPTREND
D11,2020,12,18,4,51,5,Friday,2020-12-18,21.43,23.48,21.16,23.48,3400.0,1608249600.0,UPTREND
D11,2020,12,21,4,52,1,Monday,2020-12-21,21.61,21.61,21.43,21.43,6900.0,1608508800.0,DOWNTREND
D11,2020,12,22,4,52,2,Tuesday,2020-12-22,19.64,21.43,19.64,21.43,1100.0,1608595200.0,UPTREND
D11,2020,12,23,4,52,3,Wednesday,2020-12-23,19.82,21.78,19.82,21.78,3200.0,1608681600.0,UPTREND
D11,2020,12,24,4,52,4,Thursday,2020-12-24,21.34,22.68,21.34,22.68,1200.0,1608768000.0,UPTREND
D11,2020,12,28,4,53,1,Monday,2020-12-28,21.61,21.61,20.53,21.61,6700.0,1609113600.0,SIDEWAY
D11,2020,12,29,4,53,2,Tuesday,2020-12-29,21.43,21.43,20.27,20.62,6900.0,1609200000.0,DOWNTREND
D11,2020,12,30,4,53,3,Wednesday,2020-12-30,20.71,20.71,19.91,19.91,2800.0,1609286400.0,DOWNTREND
D11,2020,12,31,4,53,4,Thursday,2020-12-31,20.98,21.25,20.89,20.98,5900.0,1609372800.0,SIDEWAY
D11,2021,1,4,1,1,1,Monday,2021-01-04,21.78,21.78,19.2,20.89,6900.0,1609718400.0,DOWNTREND
D11,2021,1,5,1,1,2,Tuesday,2021-01-05,21.34,22.32,20.89,20.89,4900.0,1609804800.0,DOWNTREND
D11,2021,1,6,1,1,3,Wednesday,2021-01-06,22.32,22.32,20.89,20.98,1100.0,1609891200.0,DOWNTREND
D11,2021,1,7,1,1,4,Thursday,2021-01-07,21.43,21.52,20.09,21.16,6500.0,1609977600.0,DOWNTREND
D11,2021,1,8,1,1,5,Friday,2021-01-08,22.32,22.32,21.25,21.25,1300.0,1610064000.0,DOWNTREND
D11,2021,1,11,1,2,1,Monday,2021-01-11,20.36,21.07,20.36,20.53,6500.0,1610323200.0,UPTREND
D11,2021,1,12,1,2,2,Tuesday,2021-01-12,20.53,20.98,20.36,20.98,6100.0,1610409600.0,UPTREND
D11,2021,1,13,1,2,3,Wednesday,2021-01-13,21.34,21.34,20.53,21.34,4900.0,1610496000.0,SIDEWAY
D11,2021,1,14,1,2,4,Thursday,2021-01-14,21.25,21.7,20.36,21.25,12600.0,1610582400.0,SIDEWAY
D11,2021,1,15,1,2,5,Friday,2021-01-15,21.07,22.32,21.07,21.43,6800.0,1610668800.0,UPTREND
D11,2021,1,18,1,3,1,Monday,2021-01-18,21.78,21.78,20.09,20.53,8300.0,1610928000.0,DOWNTREND
D11,2021,1,19,1,3,2,Tuesday,2021-01-19,20.53,21.25,20.0,20.98,11000.0,1611014400.0,UPTREND
D11,2021,1,20,1,3,3,Wednesday,2021-01-20,20.98,21.34,20.36,21.34,2600.0,1611100800.0,UPTREND
D11,2021,1,21,1,3,4,Thursday,2021-01-21,21.25,23.39,21.25,23.21,40400.0,1611187200.0,UPTREND
D11,2021,1,22,1,3,5,Friday,2021-01-22,23.21,25.53,23.21,25.18,27400.0,1611273600.0,UPTREND
D11,2021,1,25,1,4,1,Monday,2021-01-25,25.18,27.23,25.0,26.78,66700.0,1611532800.0,UPTREND
D11,2021,1,26,1,4,2,Tuesday,2021-01-26,27.23,27.23,25.0,26.25,25900.0,1611619200.0,DOWNTREND
D11,2021,1,27,1,4,3,Wednesday,2021-01-27,25.45,26.61,24.55,25.27,28000.0,1611705600.0,DOWNTREND
D11,2021,1,28,1,4,4,Thursday,2021-01-28,24.2,24.82,22.77,22.77,14800.0,1611792000.0,DOWNTREND
D11,2021,1,29,1,4,5,Friday,2021-01-29,20.53,24.82,20.53,24.11,7500.0,1611878400.0,UPTREND
D11,2021,2,1,1,5,1,Monday,2021-02-01,24.11,24.82,21.7,21.7,15900.0,1612137600.0,DOWNTREND
D11,2021,2,2,1,5,2,Tuesday,2021-02-02,21.7,21.87,21.34,21.7,12100.0,1612224000.0,SIDEWAY
D11,2021,2,3,1,5,3,Wednesday,2021-02-03,23.21,23.21,21.16,22.41,8500.0,1612310400.0,DOWNTREND
D11,2021,2,4,1,5,4,Thursday,2021-02-04,22.68,22.68,21.61,22.59,6000.0,1612396800.0,DOWNTREND
D11,2021,2,5,1,5,5,Friday,2021-02-05,21.87,22.5,21.87,22.5,4000.0,1612483200.0,UPTREND
D11,2021,2,8,1,6,1,Monday,2021-02-08,22.68,22.68,21.7,22.41,7100.0,1612742400.0,DOWNTREND
D11,2021,2,9,1,6,2,Tuesday,2021-02-09,22.32,24.02,22.32,23.66,7600.0,1612828800.0,UPTREND
D11,2021,2,17,1,7,3,Wednesday,2021-02-17,23.57,24.28,23.57,24.11,11500.0,1613520000.0,UPTREND
D11,2021,2,18,1,7,4,Thursday,2021-02-18,24.11,24.46,23.66,24.11,12600.0,1613606400.0,SIDEWAY
D11,2021,2,19,1,7,5,Friday,2021-02-19,23.39,23.93,23.3,23.93,1600.0,1613692800.0,UPTREND
D11,2021,2,22,1,8,1,Monday,2021-02-22,23.93,24.02,23.93,24.02,8000.0,1613952000.0,UPTREND
D11,2021,2,23,1,8,2,Tuesday,2021-02-23,24.02,24.2,23.93,24.11,18100.0,1614038400.0,UPTREND
D11,2021,2,24,1,8,3,Wednesday,2021-02-24,24.2,24.28,23.21,24.11,12400.0,1614124800.0,DOWNTREND
D11,2021,2,25,1,8,4,Thursday,2021-02-25,24.11,24.11,24.11,24.11,100.0,1614211200.0,SIDEWAY
D11,2021,2,26,1,8,5,Friday,2021-02-26,23.66,23.66,23.66,23.66,1700.0,1614297600.0,SIDEWAY
D11,2021,3,1,1,9,1,Monday,2021-03-01,23.57,23.66,22.95,23.66,10800.0,1614556800.0,UPTREND
D11,2021,3,2,1,9,2,Tuesday,2021-03-02,23.66,23.66,23.57,23.57,1200.0,1614643200.0,DOWNTREND
D11,2021,3,3,1,9,3,Wednesday,2021-03-03,22.86,23.21,22.86,23.21,7400.0,1614729600.0,UPTREND
D11,2021,3,4,1,9,4,Thursday,2021-03-04,23.21,23.57,22.77,23.57,7800.0,1614816000.0,UPTREND
D11,2021,3,5,1,9,5,Friday,2021-03-05,23.21,23.57,22.86,23.57,1300.0,1614902400.0,UPTREND
D11,2021,3,8,1,10,1,Monday,2021-03-08,23.57,23.57,22.77,23.57,21100.0,1615161600.0,SIDEWAY
D11,2021,3,9,1,10,2,Tuesday,2021-03-09,23.57,23.57,22.59,23.57,8200.0,1615248000.0,SIDEWAY
D11,2021,3,10,1,10,3,Wednesday,2021-03-10,24.28,24.28,23.21,24.02,2300.0,1615334400.0,DOWNTREND
D11,2021,3,11,1,10,4,Thursday,2021-03-11,23.93,23.93,23.66,23.66,2900.0,1615420800.0,DOWNTREND
D11,2021,3,12,1,10,5,Friday,2021-03-12,23.93,24.11,23.48,23.75,4700.0,1615507200.0,DOWNTREND
D11,2021,3,15,1,11,1,Monday,2021-03-15,23.75,24.46,23.75,23.75,3700.0,1615766400.0,SIDEWAY
D11,2021,3,16,1,11,2,Tuesday,2021-03-16,24.82,25.89,24.11,24.46,10700.0,1615852800.0,DOWNTREND
D11,2021,3,17,1,11,3,Wednesday,2021-03-17,24.91,25.36,24.55,25.0,19800.0,1615939200.0,UPTREND
D11,2021,3,18,1,11,4,Thursday,2021-03-18,25.0,25.62,24.91,25.36,9100.0,1616025600.0,UPTREND
D11,2021,3,19,1,11,5,Friday,2021-03-19,25.36,26.34,25.36,25.62,12900.0,1616112000.0,UPTREND
D11,2021,3,22,1,12,1,Monday,2021-03-22,25.62,26.78,25.45,26.43,6100.0,1616371200.0,UPTREND
D11,2021,3,23,1,12,2,Tuesday,2021-03-23,26.43,27.23,25.45,25.89,4000.0,1616457600.0,DOWNTREND
D11,2021,3,24,1,12,3,Wednesday,2021-03-24,26.25,26.25,24.11,25.45,14900.0,1616544000.0,DOWNTREND
D11,2021,3,25,1,12,4,Thursday,2021-03-25,25.36,25.36,24.64,25.27,10800.0,1616630400.0,DOWNTREND
D11,2021,3,26,1,12,5,Friday,2021-03-26,25.18,25.27,23.66,24.02,19200.0,1616716800.0,DOWNTREND
D11,2021,3,29,1,13,1,Monday,2021-03-29,24.11,24.82,24.11,24.82,22300.0,1616976000.0,UPTREND
D11,2021,3,30,1,13,2,Tuesday,2021-03-30,24.82,25.0,24.46,24.82,10400.0,1617062400.0,SIDEWAY
D11,2021,3,31,1,13,3,Wednesday,2021-03-31,25.0,25.0,24.2,24.82,1100.0,1617148800.0,DOWNTREND
D11,2021,4,1,2,13,4,Thursday,2021-04-01,24.82,24.82,24.55,24.55,3600.0,1617235200.0,DOWNTREND
D11,2021,4,2,2,13,5,Friday,2021-04-02,24.64,24.64,24.55,24.55,2500.0,1617321600.0,DOWNTREND
D11,2021,4,5,2,14,1,Monday,2021-04-05,24.46,24.55,24.11,24.55,6600.0,1617580800.0,UPTREND
D11,2021,4,6,2,14,2,Tuesday,2021-04-06,24.55,24.55,24.11,24.55,2700.0,1617667200.0,SIDEWAY
D11,2021,4,7,2,14,3,Wednesday,2021-04-07,24.64,24.64,24.2,24.28,1700.0,1617753600.0,DOWNTREND
D11,2021,4,8,2,14,4,Thursday,2021-04-08,24.55,24.55,24.28,24.28,3600.0,1617840000.0,DOWNTREND
D11,2021,4,9,2,14,5,Friday,2021-04-09,24.91,25.71,24.46,25.0,10200.0,1617926400.0,UPTREND
D11,2021,4,12,2,15,1,Monday,2021-04-12,25.0,25.8,24.55,25.8,8200.0,1618185600.0,UPTREND
D11,2021,4,13,2,15,2,Tuesday,2021-04-13,25.8,25.8,24.82,25.0,5100.0,1618272000.0,DOWNTREND
D11,2021,4,14,2,15,3,Wednesday,2021-04-14,25.0,25.09,24.64,25.09,17300.0,1618358400.0,UPTREND
D11,2021,4,15,2,15,4,Thursday,2021-04-15,25.45,25.45,24.64,25.0,16400.0,1618444800.0,DOWNTREND
D11,2021,4,16,2,15,5,Friday,2021-04-16,27.41,27.41,24.28,26.7,17700.0,1618531200.0,DOWNTREND
D11,2021,4,19,2,16,1,Monday,2021-04-19,26.7,26.7,25.18,25.62,4700.0,1618790400.0,DOWNTREND
D11,2021,4,20,2,16,2,Tuesday,2021-04-20,25.71,25.71,25.45,25.45,500.0,1618876800.0,DOWNTREND
D11,2021,4,22,2,16,4,Thursday,2021-04-22,24.37,24.55,23.48,23.75,18200.0,1619049600.0,DOWNTREND
D11,2021,4,23,2,16,5,Friday,2021-04-23,22.95,25.45,22.95,25.45,9600.0,1619136000.0,UPTREND
D11,2021,4,26,2,17,1,Monday,2021-04-26,23.3,24.11,23.12,23.93,6300.0,1619395200.0,UPTREND
D11,2021,4,27,2,17,2,Tuesday,2021-04-27,23.66,23.66,23.21,23.21,600.0,1619481600.0,DOWNTREND
D11,2021,4,28,2,17,3,Wednesday,2021-04-28,23.66,24.02,23.66,23.93,3400.0,1619568000.0,UPTREND
D11,2021,4,29,2,17,4,Thursday,2021-04-29,24.46,24.46,24.46,24.46,100.0,1619654400.0,SIDEWAY
D11,2021,5,4,2,18,2,Tuesday,2021-05-04,23.84,23.84,23.84,23.84,100.0,1620086400.0,SIDEWAY
D11,2021,5,5,2,18,3,Wednesday,2021-05-05,21.87,23.66,21.87,23.57,7900.0,1620172800.0,UPTREND
D11,2021,5,6,2,18,4,Thursday,2021-05-06,23.57,23.93,23.57,23.93,3100.0,1620259200.0,UPTREND
D11,2021,5,7,2,18,5,Friday,2021-05-07,23.57,23.84,23.3,23.66,10700.0,1620345600.0,UPTREND
D11,2021,5,11,2,19,2,Tuesday,2021-05-11,22.23,23.66,22.23,23.66,11900.0,1620691200.0,UPTREND
D11,2021,5,12,2,19,3,Wednesday,2021-05-12,23.21,23.57,22.77,23.57,14300.0,1620777600.0,UPTREND
D11,2021,5,13,2,19,4,Thursday,2021-05-13,23.21,23.21,23.21,23.21,1000.0,1620864000.0,SIDEWAY
D11,2021,5,14,2,19,5,Friday,2021-05-14,23.03,23.48,23.03,23.03,7300.0,1620950400.0,SIDEWAY
D11,2021,5,18,2,20,2,Tuesday,2021-05-18,23.21,23.21,23.03,23.03,1300.0,1621296000.0,DOWNTREND
D11,2021,5,19,2,20,3,Wednesday,2021-05-19,22.95,22.95,22.86,22.86,3800.0,1621382400.0,DOWNTREND
D11,2021,5,20,2,20,4,Thursday,2021-05-20,22.32,23.12,22.32,22.59,2200.0,1621468800.0,UPTREND
D11,2021,5,21,2,20,5,Friday,2021-05-21,22.32,23.12,22.32,23.03,4100.0,1621555200.0,UPTREND
D11,2021,5,24,2,21,1,Monday,2021-05-24,21.07,23.03,21.07,22.95,800.0,1621814400.0,UPTREND
D11,2021,5,25,2,21,2,Tuesday,2021-05-25,22.95,22.95,22.32,22.32,7800.0,1621900800.0,DOWNTREND
D11,2021,5,26,2,21,3,Wednesday,2021-05-26,22.32,22.32,22.32,22.32,6700.0,1621987200.0,SIDEWAY
D11,2021,5,27,2,21,4,Thursday,2021-05-27,22.68,22.68,22.68,22.68,100.0,1622073600.0,SIDEWAY
D11,2021,5,28,2,21,5,Friday,2021-05-28,23.21,23.21,23.21,23.21,100.0,1622160000.0,SIDEWAY
D11,2021,6,1,2,22,2,Tuesday,2021-06-01,23.21,23.21,22.32,22.32,300.0,1622505600.0,DOWNTREND
D11,2021,6,2,2,22,3,Wednesday,2021-06-02,22.77,23.21,21.96,22.95,500.0,1622592000.0,UPTREND
D11,2021,6,3,2,22,4,Thursday,2021-06-03,23.21,23.21,23.21,23.21,100.0,1622678400.0,SIDEWAY
D11,2021,6,7,2,23,1,Monday,2021-06-07,23.03,23.03,22.32,23.03,1200.0,1623024000.0,SIDEWAY
D11,2021,6,8,2,23,2,Tuesday,2021-06-08,22.32,22.77,22.32,22.77,3600.0,1623110400.0,UPTREND
D11,2021,6,11,2,23,5,Friday,2021-06-11,22.77,22.77,22.77,22.77,200.0,1623369600.0,SIDEWAY
D11,2021,6,16,2,24,3,Wednesday,2021-06-16,22.23,23.21,22.23,22.59,5500.0,1623801600.0,UPTREND
D11,2021,6,17,2,24,4,Thursday,2021-06-17,22.86,22.86,22.86,22.86,100.0,1623888000.0,SIDEWAY
D11,2021,6,18,2,24,5,Friday,2021-06-18,21.61,22.77,21.61,22.77,1100.0,1623974400.0,UPTREND
D11,2021,6,21,2,25,1,Monday,2021-06-21,21.7,23.21,21.7,22.95,8200.0,1624233600.0,UPTREND
D11,2021,6,22,2,25,2,Tuesday,2021-06-22,23.03,23.03,23.03,23.03,800.0,1624320000.0,SIDEWAY
D11,2021,6,23,2,25,3,Wednesday,2021-06-23,22.86,23.03,22.86,23.03,5700.0,1624406400.0,UPTREND
D11,2021,6,24,2,25,4,Thursday,2021-06-24,23.21,23.21,20.89,22.77,13300.0,1624492800.0,DOWNTREND
D11,2021,6,25,2,25,5,Friday,2021-06-25,22.77,22.77,22.77,22.77,100.0,1624579200.0,SIDEWAY
D11,2021,6,28,2,26,1,Monday,2021-06-28,22.68,22.77,21.25,22.23,25500.0,1624838400.0,DOWNTREND
D11,2021,6,29,2,26,2,Tuesday,2021-06-29,21.61,21.96,21.61,21.87,3300.0,1624924800.0,UPTREND
D11,2021,6,30,2,26,3,Wednesday,2021-06-30,21.87,22.23,21.52,21.52,500.0,1625011200.0,DOWNTREND
D11,2021,7,1,3,26,4,Thursday,2021-07-01,22.14,22.14,21.43,22.14,8000.0,1625097600.0,SIDEWAY
D11,2021,7,2,3,26,5,Friday,2021-07-02,22.14,22.77,22.14,22.77,1100.0,1625184000.0,UPTREND
D11,2021,7,5,3,27,1,Monday,2021-07-05,21.52,22.41,21.52,22.41,600.0,1625443200.0,UPTREND
D11,2021,7,6,3,27,2,Tuesday,2021-07-06,22.41,22.41,22.41,22.41,200.0,1625529600.0,SIDEWAY
D11,2021,7,7,3,27,3,Wednesday,2021-07-07,20.98,22.32,20.98,22.32,600.0,1625616000.0,UPTREND
D11,2021,7,8,3,27,4,Thursday,2021-07-08,22.23,22.23,21.25,21.87,6300.0,1625702400.0,DOWNTREND
D11,2021,7,9,3,27,5,Friday,2021-07-09,21.87,21.87,20.62,21.87,2100.0,1625788800.0,SIDEWAY
D11,2021,7,12,3,28,1,Monday,2021-07-12,20.8,21.43,20.71,21.43,14000.0,1626048000.0,UPTREND
D11,2021,7,13,3,28,2,Tuesday,2021-07-13,21.7,21.78,21.43,21.61,4400.0,1626134400.0,DOWNTREND
D11,2021,7,14,3,28,3,Wednesday,2021-07-14,22.05,22.68,21.07,21.61,2000.0,1626220800.0,DOWNTREND
D11,2021,7,15,3,28,4,Thursday,2021-07-15,21.7,22.32,21.7,22.23,3400.0,1626307200.0,UPTREND
D11,2021,7,16,3,28,5,Friday,2021-07-16,22.5,22.5,20.98,22.32,1400.0,1626393600.0,DOWNTREND
D11,2021,7,19,3,29,1,Monday,2021-07-19,20.71,21.78,20.71,21.78,5100.0,1626652800.0,UPTREND
D11,2021,7,20,3,29,2,Tuesday,2021-07-20,22.23,22.23,20.53,22.14,2000.0,1626739200.0,DOWNTREND
D11,2021,7,28,3,30,3,Wednesday,2021-07-28,22.05,22.05,22.05,22.05,600.0,1627430400.0,SIDEWAY
D11,2021,7,30,3,30,5,Friday,2021-07-30,21.61,21.7,21.61,21.7,800.0,1627603200.0,UPTREND
D11,2021,8,2,3,31,1,Monday,2021-08-02,21.78,21.78,21.78,21.78,100.0,1627862400.0,SIDEWAY
D11,2021,8,3,3,31,2,Tuesday,2021-08-03,21.78,22.32,21.78,22.32,1300.0,1627948800.0,UPTREND
D11,2021,8,4,3,31,3,Wednesday,2021-08-04,22.23,22.23,22.23,22.23,5100.0,1628035200.0,SIDEWAY
D11,2021,8,5,3,31,4,Thursday,2021-08-05,22.32,22.32,22.32,22.32,100.0,1628121600.0,SIDEWAY
D11,2021,8,6,3,31,5,Friday,2021-08-06,22.32,22.32,22.32,22.32,100.0,1628208000.0,SIDEWAY
D11,2021,8,10,3,32,2,Tuesday,2021-08-10,22.23,22.23,22.23,22.23,800.0,1628553600.0,SIDEWAY
D11,2021,8,12,3,32,4,Thursday,2021-08-12,20.62,21.96,20.62,21.87,1700.0,1628726400.0,UPTREND
D11,2021,8,13,3,32,5,Friday,2021-08-13,20.89,21.87,20.89,21.78,1200.0,1628812800.0,UPTREND
D11,2021,8,16,3,33,1,Monday,2021-08-16,20.71,21.96,20.71,21.96,6000.0,1629072000.0,UPTREND
D11,2021,8,17,3,33,2,Tuesday,2021-08-17,20.98,20.98,20.98,20.98,100.0,1629158400.0,SIDEWAY
D11,2021,8,18,3,33,3,Wednesday,2021-08-18,21.43,21.7,21.43,21.7,5300.0,1629244800.0,UPTREND
D11,2021,8,19,3,33,4,Thursday,2021-08-19,20.98,21.52,20.98,21.52,3700.0,1629331200.0,UPTREND
D11,2021,8,20,3,33,5,Friday,2021-08-20,20.62,22.32,20.53,22.32,7900.0,1629417600.0,UPTREND
D11,2021,8,23,3,34,1,Monday,2021-08-23,20.36,21.87,20.36,21.87,200.0,1629676800.0,UPTREND
D11,2021,8,26,3,34,4,Thursday,2021-08-26,20.62,21.43,20.62,21.43,3300.0,1629936000.0,UPTREND
D11,2021,8,27,3,34,5,Friday,2021-08-27,21.34,21.43,21.34,21.43,7200.0,1630022400.0,UPTREND
D11,2021,8,30,3,35,1,Monday,2021-08-30,22.14,23.21,22.14,23.21,15500.0,1630281600.0,UPTREND
D11,2021,9,1,3,35,3,Wednesday,2021-09-01,22.68,24.02,22.68,23.12,500.0,1630454400.0,UPTREND
D11,2021,9,6,3,36,1,Monday,2021-09-06,21.43,23.21,21.43,22.77,12200.0,1630886400.0,UPTREND
D11,2021,9,7,3,36,2,Tuesday,2021-09-07,24.55,24.55,21.78,22.32,2000.0,1630972800.0,DOWNTREND
D11,2021,9,8,3,36,3,Wednesday,2021-09-08,22.32,22.32,22.32,22.32,1700.0,1631059200.0,SIDEWAY
D11,2021,9,9,3,36,4,Thursday,2021-09-09,23.66,23.93,21.7,23.93,1300.0,1631145600.0,UPTREND
D11,2021,9,10,3,36,5,Friday,2021-09-10,23.21,23.57,23.21,23.57,600.0,1631232000.0,UPTREND
D11,2021,9,13,3,37,1,Monday,2021-09-13,22.32,22.41,22.32,22.41,2100.0,1631491200.0,UPTREND
D11,2021,9,14,3,37,2,Tuesday,2021-09-14,23.21,23.21,23.21,23.21,200.0,1631577600.0,SIDEWAY
D11,2021,9,16,3,37,4,Thursday,2021-09-16,21.43,22.59,21.43,21.78,1200.0,1631750400.0,UPTREND
D11,2021,9,17,3,37,5,Friday,2021-09-17,22.68,22.68,22.68,22.68,700.0,1631836800.0,SIDEWAY
D11,2021,9,21,3,38,2,Tuesday,2021-09-21,22.68,22.68,22.68,22.68,200.0,1632182400.0,SIDEWAY
D11,2021,9,22,3,38,3,Wednesday,2021-09-22,22.59,23.21,22.32,23.21,900.0,1632268800.0,UPTREND
D11,2021,9,23,3,38,4,Thursday,2021-09-23,24.11,25.27,21.96,23.39,400.0,1632355200.0,DOWNTREND
D11,2021,9,27,3,39,1,Monday,2021-09-27,25.71,25.71,22.5,22.5,500.0,1632700800.0,DOWNTREND
D11,2021,9,28,3,39,2,Tuesday,2021-09-28,24.02,24.02,24.02,24.02,100.0,1632787200.0,SIDEWAY
D11,2021,9,30,3,39,4,Thursday,2021-09-30,22.41,22.41,22.32,22.41,2300.0,1632960000.0,SIDEWAY
D11,2021,10,1,4,39,5,Friday,2021-10-01,23.21,23.21,23.21,23.21,100.0,1633046400.0,SIDEWAY
D11,2021,10,5,4,40,2,Tuesday,2021-10-05,24.11,24.11,24.11,24.11,100.0,1633392000.0,SIDEWAY
D11,2021,10,6,4,40,3,Wednesday,2021-10-06,23.03,23.03,23.03,23.03,400.0,1633478400.0,SIDEWAY
D11,2021,10,7,4,40,4,Thursday,2021-10-07,23.03,23.21,23.03,23.12,700.0,1633564800.0,UPTREND
D11,2021,10,11,4,41,1,Monday,2021-10-11,25.36,25.36,25.36,25.36,75400.0,1633910400.0,SIDEWAY
D11,2021,10,12,4,41,2,Tuesday,2021-10-12,27.86,27.86,27.86,27.86,27300.0,1633996800.0,SIDEWAY
D11,2021,10,13,4,41,3,Wednesday,2021-10-13,30.62,30.62,27.86,29.46,71500.0,1634083200.0,DOWNTREND
D11,2021,10,14,4,41,4,Thursday,2021-10-14,27.68,28.66,26.52,26.87,71500.0,1634169600.0,DOWNTREND
D11,2021,10,15,4,41,5,Friday,2021-10-15,27.23,29.55,27.23,29.55,98600.0,1634256000.0,UPTREND
D11,2021,10,18,4,42,1,Monday,2021-10-18,29.64,30.71,29.55,30.44,9900.0,1634515200.0,UPTREND
D11,2021,10,19,4,42,2,Tuesday,2021-10-19,29.02,29.46,28.57,29.28,71700.0,1634601600.0,UPTREND
D11,2021,10,20,4,42,3,Wednesday,2021-10-20,28.57,29.2,27.77,29.11,20600.0,1634688000.0,UPTREND
D11,2021,10,21,4,42,4,Thursday,2021-10-21,28.57,28.57,27.86,27.95,12100.0,1634774400.0,DOWNTREND
D11,2021,10,22,4,42,5,Friday,2021-10-22,27.68,29.28,27.68,29.28,28800.0,1634860800.0,UPTREND
D11,2021,10,25,4,43,1,Monday,2021-10-25,29.46,31.87,29.46,31.78,78500.0,1635120000.0,UPTREND
D11,2021,10,26,4,43,2,Tuesday,2021-10-26,31.87,32.23,30.8,31.52,63700.0,1635206400.0,DOWNTREND
D11,2021,10,27,4,43,3,Wednesday,2021-10-27,31.43,31.43,28.75,30.36,43700.0,1635292800.0,DOWNTREND
D11,2021,10,28,4,43,4,Thursday,2021-10-28,31.25,33.03,31.25,31.25,53100.0,1635379200.0,SIDEWAY
D11,2021,10,29,4,43,5,Friday,2021-10-29,31.25,33.93,30.98,33.57,38700.0,1635465600.0,UPTREND
D11,2021,11,1,4,44,1,Monday,2021-11-01,33.75,36.43,33.57,34.82,66400.0,1635724800.0,UPTREND
D11,2021,11,2,4,44,2,Tuesday,2021-11-02,34.91,38.21,34.91,35.53,125300.0,1635811200.0,UPTREND
D11,2021,11,3,4,44,3,Wednesday,2021-11-03,36.07,37.14,33.93,34.73,82300.0,1635897600.0,DOWNTREND
D11,2021,11,4,4,44,4,Thursday,2021-11-04,34.73,35.18,34.37,34.55,71300.0,1635984000.0,DOWNTREND
D11,2021,11,5,4,44,5,Friday,2021-11-05,34.64,36.6,34.37,35.53,164300.0,1636070400.0,UPTREND
D11,2021,11,8,4,45,1,Monday,2021-11-08,35.71,36.52,34.91,35.71,118000.0,1636329600.0,SIDEWAY
D11,2021,11,9,4,45,2,Tuesday,2021-11-09,35.8,39.1,35.71,38.12,162800.0,1636416000.0,UPTREND
D11,2021,11,10,4,45,3,Wednesday,2021-11-10,38.39,41.87,38.39,41.87,275100.0,1636502400.0,UPTREND
D11,2021,11,11,4,45,4,Thursday,2021-11-11,45.98,45.98,42.85,45.98,342400.0,1636588800.0,SIDEWAY
D11,2021,11,12,4,45,5,Friday,2021-11-12,47.32,47.32,42.85,44.46,172900.0,1636675200.0,DOWNTREND
D11,2021,11,15,4,46,1,Monday,2021-11-15,44.1,44.1,40.27,40.98,280200.0,1636934400.0,DOWNTREND
D11,2021,11,16,4,46,2,Tuesday,2021-11-16,40.98,41.07,37.5,38.57,133100.0,1637020800.0,DOWNTREND
D11,2021,11,17,4,46,3,Wednesday,2021-11-17,38.57,40.18,36.43,39.82,161300.0,1637107200.0,UPTREND
D11,2021,11,18,4,46,4,Thursday,2021-11-18,40.53,43.75,40.18,40.27,144500.0,1637193600.0,DOWNTREND
D11,2021,11,19,4,46,5,Friday,2021-11-19,40.89,40.89,36.43,37.5,155900.0,1637280000.0,DOWNTREND
D11,2021,11,22,4,47,1,Monday,2021-11-22,37.14,37.14,33.84,33.84,178800.0,1637539200.0,DOWNTREND
D11,2021,11,23,4,47,2,Tuesday,2021-11-23,33.03,35.62,33.03,35.18,36600.0,1637625600.0,UPTREND
D11,2021,11,24,4,47,3,Wednesday,2021-11-24,35.18,36.16,34.64,34.91,76500.0,1637712000.0,DOWNTREND
D11,2021,11,25,4,47,4,Thursday,2021-11-25,34.82,35.8,34.37,34.82,73000.0,1637798400.0,SIDEWAY
D11,2021,11,26,4,47,5,Friday,2021-11-26,34.82,35.27,33.93,34.37,78600.0,1637884800.0,DOWNTREND
D11,2021,11,29,4,48,1,Monday,2021-11-29,34.82,34.82,33.03,33.93,84800.0,1638144000.0,DOWNTREND
D11,2021,11,30,4,48,2,Tuesday,2021-11-30,34.82,34.82,33.93,34.55,51500.0,1638230400.0,DOWNTREND
D11,2021,12,1,4,48,3,Wednesday,2021-12-01,35.0,35.0,34.1,34.55,40300.0,1638316800.0,DOWNTREND
D11,2021,12,2,4,48,4,Thursday,2021-12-02,34.55,35.27,34.28,35.18,54600.0,1638403200.0,UPTREND
D11,2021,12,3,4,48,5,Friday,2021-12-03,35.27,35.27,33.93,33.93,125300.0,1638489600.0,DOWNTREND
D11,2021,12,6,4,49,1,Monday,2021-12-06,33.93,33.93,30.89,30.89,64000.0,1638748800.0,DOWNTREND
D11,2021,12,7,4,49,2,Tuesday,2021-12-07,30.8,33.03,30.8,33.03,90000.0,1638835200.0,UPTREND
D11,2021,12,8,4,49,3,Wednesday,2021-12-08,34.73,34.73,32.94,33.21,169900.0,1638921600.0,DOWNTREND
D11,2021,12,9,4,49,4,Thursday,2021-12-09,32.94,33.84,32.94,33.48,88900.0,1639008000.0,UPTREND
D11,2021,12,10,4,49,5,Friday,2021-12-10,33.48,33.57,32.85,33.48,119400.0,1639094400.0,SIDEWAY
D11,2021,12,13,4,50,1,Monday,2021-12-13,33.48,33.48,32.85,33.3,106300.0,1639353600.0,DOWNTREND
D11,2021,12,14,4,50,2,Tuesday,2021-12-14,33.3,33.3,32.85,33.21,40500.0,1639440000.0,DOWNTREND
D11,2021,12,15,4,50,3,Wednesday,2021-12-15,32.85,32.94,32.14,32.59,43000.0,1639526400.0,DOWNTREND
D11,2021,12,16,4,50,4,Thursday,2021-12-16,32.59,32.59,32.14,32.32,48600.0,1639612800.0,DOWNTREND
D11,2021,12,17,4,50,5,Friday,2021-12-17,32.32,34.37,32.05,33.57,125300.0,1639699200.0,UPTREND
D11,2021,12,20,4,51,1,Monday,2021-12-20,33.66,33.66,32.59,33.03,35300.0,1639958400.0,DOWNTREND
D11,2021,12,21,4,51,2,Tuesday,2021-12-21,33.48,33.93,32.5,32.68,33000.0,1640044800.0,DOWNTREND
D11,2021,12,22,4,51,3,Wednesday,2021-12-22,32.14,32.94,32.14,32.5,61900.0,1640131200.0,UPTREND
D11,2021,12,23,4,51,4,Thursday,2021-12-23,32.5,32.5,31.78,31.96,45900.0,1640217600.0,DOWNTREND
D11,2021,12,24,4,51,5,Friday,2021-12-24,31.25,32.14,30.98,31.69,30600.0,1640304000.0,UPTREND
D11,2021,12,27,4,52,1,Monday,2021-12-27,32.14,32.14,30.98,31.16,33600.0,1640563200.0,DOWNTREND
D11,2021,12,28,4,52,2,Tuesday,2021-12-28,31.16,31.78,31.16,31.34,57600.0,1640649600.0,UPTREND
D11,2021,12,29,4,52,3,Wednesday,2021-12-29,31.34,31.34,30.8,31.07,55700.0,1640736000.0,DOWNTREND
D11,2021,12,30,4,52,4,Thursday,2021-12-30,31.07,31.07,30.36,30.62,71400.0,1640822400.0,DOWNTREND
D11,2021,12,31,4,52,5,Friday,2021-12-31,31.07,31.07,30.44,30.89,34500.0,1640908800.0,DOWNTREND
D11,2022,1,4,1,1,2,Tuesday,2022-01-04,30.89,32.14,30.62,31.96,81838.0,1641254400.0,UPTREND
D11,2022,1,5,1,1,3,Wednesday,2022-01-05,32.14,32.59,31.87,32.41,60600.0,1641340800.0,UPTREND
D11,2022,1,6,1,1,4,Thursday,2022-01-06,32.41,32.5,31.87,31.87,58910.0,1641427200.0,DOWNTREND
D11,2022,1,7,1,1,5,Friday,2022-01-07,31.96,31.96,31.25,31.87,46038.0,1641513600.0,DOWNTREND
D11,2022,1,10,1,2,1,Monday,2022-01-10,31.87,32.59,31.34,31.87,93545.0,1641772800.0,SIDEWAY
D11,2022,1,11,1,2,2,Tuesday,2022-01-11,32.14,33.93,32.14,33.03,123750.0,1641859200.0,UPTREND
D11,2022,1,12,1,2,3,Wednesday,2022-01-12,32.94,33.03,31.34,31.96,30300.0,1641945600.0,DOWNTREND
D11,2022,1,13,1,2,4,Thursday,2022-01-13,31.43,31.43,30.36,30.36,49500.0,1642032000.0,DOWNTREND
D11,2022,1,14,1,2,5,Friday,2022-01-14,30.36,30.36,27.32,28.57,90100.0,1642118400.0,DOWNTREND
D11,2022,1,17,1,3,1,Monday,2022-01-17,28.57,28.93,25.89,26.34,80000.0,1642377600.0,DOWNTREND
D11,2022,1,18,1,3,2,Tuesday,2022-01-18,25.0,26.34,25.0,25.45,73304.0,1642464000.0,UPTREND
D11,2022,1,19,1,3,3,Wednesday,2022-01-19,25.45,26.34,25.18,25.53,25100.0,1642550400.0,UPTREND
D11,2022,1,20,1,3,4,Thursday,2022-01-20,25.53,28.03,25.53,28.03,36700.0,1642636800.0,UPTREND
D11,2022,1,21,1,3,5,Friday,2022-01-21,28.03,28.57,27.5,27.68,26620.0,1642723200.0,DOWNTREND
D11,2022,1,24,1,4,1,Monday,2022-01-24,26.78,26.78,25.62,25.62,40700.0,1642982400.0,DOWNTREND
D11,2022,1,25,1,4,2,Tuesday,2022-01-25,24.11,25.98,23.12,25.89,21518.0,1643068800.0,UPTREND
D11,2022,1,26,1,4,3,Wednesday,2022-01-26,25.89,26.78,25.45,25.45,19705.0,1643155200.0,DOWNTREND
D11,2022,1,27,1,4,4,Thursday,2022-01-27,24.91,25.45,24.64,25.18,26400.0,1643241600.0,UPTREND
D11,2022,1,28,1,4,5,Friday,2022-01-28,24.55,25.09,24.55,24.73,24300.0,1643328000.0,UPTREND
D11,2022,2,7,1,6,1,Monday,2022-02-07,25.53,25.98,25.36,25.89,13200.0,1644192000.0,UPTREND
D11,2022,2,8,1,6,2,Tuesday,2022-02-08,25.89,25.89,25.62,25.8,16200.0,1644278400.0,DOWNTREND
D11,2022,2,9,1,6,3,Wednesday,2022-02-09,25.98,25.98,25.53,25.89,11261.0,1644364800.0,DOWNTREND
D11,2022,2,10,1,6,4,Thursday,2022-02-10,25.62,25.98,25.62,25.89,9300.0,1644451200.0,UPTREND
D11,2022,2,11,1,6,5,Friday,2022-02-11,25.89,26.78,25.89,26.78,28420.0,1644537600.0,UPTREND
D11,2022,2,14,1,7,1,Monday,2022-02-14,26.78,27.59,26.43,26.78,20011.0,1644796800.0,SIDEWAY
D11,2022,2,15,1,7,2,Tuesday,2022-02-15,26.34,26.78,26.34,26.78,20638.0,1644883200.0,UPTREND
D11,2022,2,16,1,7,3,Wednesday,2022-02-16,26.78,26.78,26.34,26.43,18600.0,1644969600.0,DOWNTREND
D11,2022,2,17,1,7,4,Thursday,2022-02-17,27.14,27.23,26.61,27.05,19000.0,1645056000.0,DOWNTREND
D11,2022,2,18,1,7,5,Friday,2022-02-18,26.87,28.03,26.87,27.86,23313.0,1645142400.0,UPTREND
D11,2022,2,21,1,8,1,Monday,2022-02-21,28.39,29.37,28.12,28.48,14100.0,1645401600.0,UPTREND
D11,2022,2,22,1,8,2,Tuesday,2022-02-22,27.86,28.3,26.7,27.5,41500.0,1645488000.0,DOWNTREND
D11,2022,2,23,1,8,3,Wednesday,2022-02-23,27.68,27.68,27.5,27.59,8600.0,1645574400.0,DOWNTREND
D11,2022,2,24,1,8,4,Thursday,2022-02-24,27.68,27.68,26.16,26.61,40000.0,1645660800.0,DOWNTREND
D11,2022,2,25,1,8,5,Friday,2022-02-25,26.7,26.78,26.61,26.7,24200.0,1645747200.0,SIDEWAY
D11,2022,2,28,1,9,1,Monday,2022-02-28,25.89,27.23,25.89,26.78,10200.0,1646006400.0,UPTREND
D11,2022,3,1,1,9,2,Tuesday,2022-03-01,26.78,26.96,26.61,26.78,15700.0,1646092800.0,SIDEWAY
D11,2022,3,2,1,9,3,Wednesday,2022-03-02,26.78,26.78,26.16,26.78,30200.0,1646179200.0,SIDEWAY
D11,2022,3,3,1,9,4,Thursday,2022-03-03,26.34,26.78,26.34,26.7,25900.0,1646265600.0,UPTREND
D11,2022,3,4,1,9,5,Friday,2022-03-04,26.52,27.05,26.43,27.05,22910.0,1646352000.0,UPTREND
D11,2022,3,7,1,10,1,Monday,2022-03-07,27.05,27.5,27.05,27.5,38000.0,1646611200.0,UPTREND
D11,2022,3,8,1,10,2,Tuesday,2022-03-08,27.5,29.28,27.32,28.21,67900.0,1646697600.0,UPTREND
D11,2022,3,9,1,10,3,Wednesday,2022-03-09,28.93,29.2,27.5,27.77,17800.0,1646784000.0,DOWNTREND
D11,2022,3,10,1,10,4,Thursday,2022-03-10,27.5,28.48,27.5,27.77,7400.0,1646870400.0,UPTREND
D11,2022,3,11,1,10,5,Friday,2022-03-11,27.68,27.86,27.32,27.41,24300.0,1646956800.0,DOWNTREND
D11,2022,3,14,1,11,1,Monday,2022-03-14,26.78,27.5,25.53,26.78,64800.0,1647216000.0,SIDEWAY
D11,2022,3,15,1,11,2,Tuesday,2022-03-15,27.86,27.86,26.78,26.78,7500.0,1647302400.0,DOWNTREND
D11,2022,3,16,1,11,3,Wednesday,2022-03-16,26.78,27.41,26.78,26.96,25300.0,1647388800.0,UPTREND
D11,2022,3,17,1,11,4,Thursday,2022-03-17,26.96,27.68,26.61,27.5,17642.0,1647475200.0,UPTREND
D11,2022,3,18,1,11,5,Friday,2022-03-18,27.5,27.5,26.34,26.7,52100.0,1647561600.0,DOWNTREND
D11,2022,3,21,1,12,1,Monday,2022-03-21,26.78,27.23,26.7,27.05,18100.0,1647820800.0,UPTREND
D11,2022,3,22,1,12,2,Tuesday,2022-03-22,27.05,27.68,26.78,27.05,37042.0,1647907200.0,SIDEWAY
D11,2022,3,23,1,12,3,Wednesday,2022-03-23,27.05,27.68,26.78,26.96,23600.0,1647993600.0,DOWNTREND
D11,2022,3,24,1,12,4,Thursday,2022-03-24,26.96,27.41,26.87,27.23,21700.0,1648080000.0,UPTREND
D11,2022,3,25,1,12,5,Friday,2022-03-25,27.23,27.41,27.14,27.23,12900.0,1648166400.0,SIDEWAY
D11,2022,3,28,1,13,1,Monday,2022-03-28,27.32,27.32,26.34,26.43,36100.0,1648425600.0,DOWNTREND
D11,2022,3,29,1,13,2,Tuesday,2022-03-29,26.43,26.96,26.43,26.7,14300.0,1648512000.0,UPTREND
D11,2022,3,30,1,13,3,Wednesday,2022-03-30,26.43,27.05,26.43,26.43,17900.0,1648598400.0,SIDEWAY
D11,2022,3,31,1,13,4,Thursday,2022-03-31,26.25,26.43,26.25,26.25,20128.0,1648684800.0,SIDEWAY
D11,2022,4,1,2,13,5,Friday,2022-04-01,26.16,26.78,26.16,26.43,21750.0,1648771200.0,UPTREND
D11,2022,4,4,2,14,1,Monday,2022-04-04,26.43,26.96,26.43,26.96,23100.0,1649030400.0,UPTREND
D11,2022,4,5,2,14,2,Tuesday,2022-04-05,26.96,26.96,26.7,26.78,29600.0,1649116800.0,DOWNTREND
D11,2022,4,6,2,14,3,Wednesday,2022-04-06,26.78,26.87,26.52,26.52,26222.0,1649203200.0,DOWNTREND
D11,2022,4,7,2,14,4,Thursday,2022-04-07,26.52,26.52,26.34,26.34,15300.0,1649289600.0,DOWNTREND
D11,2022,4,8,2,14,5,Friday,2022-04-08,26.25,26.25,25.98,26.16,12900.0,1649376000.0,DOWNTREND
D11,2022,4,12,2,15,2,Tuesday,2022-04-12,26.16,26.16,25.0,25.36,13600.0,1649721600.0,DOWNTREND
D11,2022,4,13,2,15,3,Wednesday,2022-04-13,24.82,25.18,24.64,25.0,14612.0,1649808000.0,UPTREND
D11,2022,4,14,2,15,4,Thursday,2022-04-14,25.0,26.25,25.0,25.18,13300.0,1649894400.0,UPTREND
D11,2022,4,15,2,15,5,Friday,2022-04-15,25.18,25.18,25.0,25.0,11500.0,1649980800.0,DOWNTREND
D11,2022,4,18,2,16,1,Monday,2022-04-18,25.0,25.0,24.11,24.11,19500.0,1650240000.0,DOWNTREND
D11,2022,4,19,2,16,2,Tuesday,2022-04-19,24.11,24.64,21.7,21.7,31100.0,1650326400.0,DOWNTREND
D11,2022,4,20,2,16,3,Wednesday,2022-04-20,21.7,21.87,20.8,21.16,40800.0,1650412800.0,DOWNTREND
D11,2022,4,21,2,16,4,Thursday,2022-04-21,20.53,20.8,19.11,20.36,25200.0,1650499200.0,DOWNTREND
D11,2022,4,22,2,16,5,Friday,2022-04-22,20.36,21.96,20.09,20.36,6800.0,1650585600.0,SIDEWAY
D11,2022,4,25,2,17,1,Monday,2022-04-25,20.36,20.36,18.57,18.75,18400.0,1650844800.0,DOWNTREND
D11,2022,4,26,2,17,2,Tuesday,2022-04-26,18.75,19.2,17.95,19.02,9100.0,1650931200.0,UPTREND
D11,2022,4,27,2,17,3,Wednesday,2022-04-27,19.28,20.71,19.28,20.45,5400.0,1651017600.0,UPTREND
D11,2022,4,28,2,17,4,Thursday,2022-04-28,20.53,20.53,19.82,20.53,8000.0,1651104000.0,SIDEWAY
D11,2022,4,29,2,17,5,Friday,2022-04-29,21.16,21.16,20.27,20.8,8200.0,1651190400.0,DOWNTREND
D11,2022,5,4,2,18,3,Wednesday,2022-05-04,20.8,20.8,20.45,20.53,4900.0,1651622400.0,DOWNTREND
D11,2022,5,5,2,18,4,Thursday,2022-05-05,21.16,21.16,19.73,20.45,12000.0,1651708800.0,DOWNTREND
D11,2022,5,6,2,18,5,Friday,2022-05-06,20.45,20.45,19.11,20.18,7200.0,1651795200.0,DOWNTREND
D11,2022,5,9,2,19,1,Monday,2022-05-09,20.18,20.18,18.57,19.28,7400.0,1652054400.0,DOWNTREND
D11,2022,5,10,2,19,2,Tuesday,2022-05-10,17.5,19.02,17.5,18.66,7000.0,1652140800.0,UPTREND
D11,2022,5,11,2,19,3,Wednesday,2022-05-11,19.46,19.46,16.87,17.86,12300.0,1652227200.0,DOWNTREND
D11,2022,5,12,2,19,4,Thursday,2022-05-12,19.37,19.37,17.32,17.41,2300.0,1652313600.0,DOWNTREND
D11,2022,5,13,2,19,5,Friday,2022-05-13,17.68,17.77,17.14,17.59,7700.0,1652400000.0,DOWNTREND
D11,2022,5,16,2,20,1,Monday,2022-05-16,17.86,18.12,17.59,17.86,4100.0,1652659200.0,SIDEWAY
D11,2022,5,17,2,20,2,Tuesday,2022-05-17,17.86,18.3,17.23,18.3,4900.0,1652745600.0,UPTREND
D11,2022,5,18,2,20,3,Wednesday,2022-05-18,19.37,19.37,18.84,18.93,3900.0,1652832000.0,DOWNTREND
D11,2022,5,19,2,20,4,Thursday,2022-05-19,18.93,19.11,18.93,18.93,10900.0,1652918400.0,SIDEWAY
D11,2022,5,20,2,20,5,Friday,2022-05-20,18.93,18.93,18.12,18.84,3200.0,1653004800.0,DOWNTREND
D11,2022,5,23,2,21,1,Monday,2022-05-23,19.55,19.55,19.28,19.28,1100.0,1653264000.0,DOWNTREND
D11,2022,5,24,2,21,2,Tuesday,2022-05-24,19.11,19.11,17.86,18.75,3800.0,1653350400.0,DOWNTREND
D11,2022,5,25,2,21,3,Wednesday,2022-05-25,18.39,18.84,17.86,18.84,22500.0,1653436800.0,UPTREND
D11,2022,5,26,2,21,4,Thursday,2022-05-26,19.46,19.55,19.2,19.2,2800.0,1653523200.0,DOWNTREND
D11,2022,5,27,2,21,5,Friday,2022-05-27,19.2,19.2,18.66,18.66,5000.0,1653609600.0,DOWNTREND
D11,2022,5,30,2,22,1,Monday,2022-05-30,18.66,18.75,18.48,18.48,4300.0,1653868800.0,DOWNTREND
D11,2022,5,31,2,22,2,Tuesday,2022-05-31,18.48,18.57,18.3,18.39,8600.0,1653955200.0,DOWNTREND
D11,2022,6,1,2,22,3,Wednesday,2022-06-01,18.57,18.57,18.3,18.3,6500.0,1654041600.0,DOWNTREND
D11,2022,6,2,2,22,4,Thursday,2022-06-02,18.75,18.75,18.3,18.3,12600.0,1654128000.0,DOWNTREND
D11,2022,6,3,2,22,5,Friday,2022-06-03,18.3,18.39,18.04,18.04,8600.0,1654214400.0,DOWNTREND
D11,2022,6,6,2,23,1,Monday,2022-06-06,18.04,18.3,18.04,18.21,1600.0,1654473600.0,UPTREND
D11,2022,6,7,2,23,2,Tuesday,2022-06-07,17.95,18.39,17.5,18.21,5300.0,1654560000.0,UPTREND
D11,2022,6,8,2,23,3,Wednesday,2022-06-08,18.21,18.3,18.21,18.21,2800.0,1654646400.0,SIDEWAY
D11,2022,6,9,2,23,4,Thursday,2022-06-09,18.21,18.21,18.04,18.21,13400.0,1654732800.0,SIDEWAY
D11,2022,6,13,2,24,1,Monday,2022-06-13,17.5,17.86,17.23,17.23,7700.0,1655078400.0,DOWNTREND
D11,2022,6,14,2,24,2,Tuesday,2022-06-14,16.96,17.23,16.96,16.96,3900.0,1655164800.0,SIDEWAY
D11,2022,6,15,2,24,3,Wednesday,2022-06-15,16.07,17.77,16.07,17.41,1100.0,1655251200.0,UPTREND
D11,2022,6,16,2,24,4,Thursday,2022-06-16,15.89,17.68,15.8,17.68,2700.0,1655337600.0,UPTREND
D11,2022,6,17,2,24,5,Friday,2022-06-17,17.95,17.95,16.07,17.23,2800.0,1655424000.0,DOWNTREND
D11,2022,6,20,2,25,1,Monday,2022-06-20,16.61,16.61,16.16,16.16,2603.0,1655683200.0,DOWNTREND
D11,2022,6,21,2,25,2,Tuesday,2022-06-21,15.62,15.89,15.62,15.89,1111.0,1655769600.0,UPTREND
D11,2022,6,22,2,25,3,Wednesday,2022-06-22,15.62,16.07,15.36,15.36,15900.0,1655856000.0,DOWNTREND
D11,2022,6,23,2,25,4,Thursday,2022-06-23,15.98,15.98,15.98,15.98,100.0,1655942400.0,SIDEWAY
D11,2022,6,24,2,25,5,Friday,2022-06-24,17.6,17.6,17.0,17.0,4800.0,1656028800.0,DOWNTREND
D11,2022,6,27,2,26,1,Monday,2022-06-27,17.7,17.7,17.0,17.0,1705.0,1656288000.0,DOWNTREND
D11,2022,6,28,2,26,2,Tuesday,2022-06-28,17.0,17.0,17.0,17.0,300.0,1656374400.0,SIDEWAY
D11,2022,6,29,2,26,3,Wednesday,2022-06-29,16.6,16.6,16.6,16.6,2100.0,1656460800.0,SIDEWAY
D11,2022,6,30,2,26,4,Thursday,2022-06-30,15.5,15.9,15.5,15.9,300.0,1656547200.0,UPTREND
D11,2022,7,1,3,26,5,Friday,2022-07-01,16.0,16.0,15.2,15.3,2404.0,1656633600.0,DOWNTREND
D11,2022,7,4,3,27,1,Monday,2022-07-04,15.2,16.0,15.2,16.0,2100.0,1656892800.0,UPTREND
D11,2022,7,5,3,27,2,Tuesday,2022-07-05,16.0,16.0,16.0,16.0,100.0,1656979200.0,SIDEWAY
D11,2022,7,6,3,27,3,Wednesday,2022-07-06,15.0,15.3,14.6,15.2,3700.0,1657065600.0,UPTREND
D11,2022,7,7,3,27,4,Thursday,2022-07-07,15.2,15.2,15.2,15.2,1600.0,1657152000.0,SIDEWAY
D11,2022,7,8,3,27,5,Friday,2022-07-08,15.2,15.2,15.2,15.2,2500.0,1657238400.0,SIDEWAY
D11,2022,7,11,3,28,1,Monday,2022-07-11,15.2,15.2,14.5,14.8,3000.0,1657497600.0,DOWNTREND
D11,2022,7,12,3,28,2,Tuesday,2022-07-12,14.8,14.8,14.8,14.8,1000.0,1657584000.0,SIDEWAY
D11,2022,7,13,3,28,3,Wednesday,2022-07-13,14.5,14.5,14.4,14.5,1300.0,1657670400.0,SIDEWAY
D11,2022,7,14,3,28,4,Thursday,2022-07-14,15.0,15.0,14.8,14.9,2400.0,1657756800.0,DOWNTREND
D11,2022,7,15,3,28,5,Friday,2022-07-15,14.8,15.3,14.8,15.3,9006.0,1657843200.0,UPTREND
D11,2022,7,18,3,29,1,Monday,2022-07-18,15.2,15.5,15.2,15.3,8400.0,1658102400.0,UPTREND
D11,2022,7,19,3,29,2,Tuesday,2022-07-19,15.7,15.7,14.8,15.3,3606.0,1658188800.0,DOWNTREND
D11,2022,7,20,3,29,3,Wednesday,2022-07-20,15.6,15.6,15.3,15.3,900.0,1658275200.0,DOWNTREND
D11,2022,7,21,3,29,4,Thursday,2022-07-21,15.4,15.4,15.4,15.4,200.0,1658361600.0,SIDEWAY
D11,2022,7,22,3,29,5,Friday,2022-07-22,15.9,15.9,15.1,15.3,4001.0,1658448000.0,DOWNTREND
D11,2022,7,25,3,30,1,Monday,2022-07-25,15.1,15.5,14.8,14.9,3901.0,1658707200.0,DOWNTREND
D11,2022,7,26,3,30,2,Tuesday,2022-07-26,14.9,15.0,14.9,15.0,2300.0,1658793600.0,UPTREND
D11,2022,7,27,3,30,3,Wednesday,2022-07-27,15.0,15.0,15.0,15.0,5000.0,1658880000.0,SIDEWAY
D11,2022,7,28,3,30,4,Thursday,2022-07-28,15.4,15.4,14.8,15.0,11500.0,1658966400.0,DOWNTREND
D11,2022,7,29,3,30,5,Friday,2022-07-29,15.1,15.4,14.5,15.4,1406.0,1659052800.0,UPTREND
D11,2022,8,1,3,31,1,Monday,2022-08-01,15.0,15.1,14.9,15.1,12600.0,1659312000.0,UPTREND
D11,2022,8,2,3,31,2,Tuesday,2022-08-02,16.3,16.3,14.6,15.3,1300.0,1659398400.0,DOWNTREND
D11,2022,8,3,3,31,3,Wednesday,2022-08-03,15.3,15.6,15.0,15.6,700.0,1659484800.0,UPTREND
D11,2022,8,4,3,31,4,Thursday,2022-08-04,16.2,16.2,15.5,15.5,6600.0,1659571200.0,DOWNTREND
D11,2022,8,5,3,31,5,Friday,2022-08-05,15.8,15.8,15.5,15.5,5400.0,1659657600.0,DOWNTREND
D11,2022,8,8,3,32,1,Monday,2022-08-08,15.5,15.7,15.5,15.6,9100.0,1659916800.0,UPTREND
D11,2022,8,9,3,32,2,Tuesday,2022-08-09,15.6,15.7,15.6,15.7,3900.0,1660003200.0,UPTREND
D11,2022,8,10,3,32,3,Wednesday,2022-08-10,15.9,16.0,15.5,15.6,7200.0,1660089600.0,DOWNTREND
D11,2022,8,11,3,32,4,Thursday,2022-08-11,16.4,16.5,15.9,16.1,3500.0,1660176000.0,DOWNTREND
D11,2022,8,12,3,32,5,Friday,2022-08-12,16.8,16.8,15.7,16.1,8224.0,1660262400.0,DOWNTREND
D11,2022,8,15,3,33,1,Monday,2022-08-15,16.6,16.6,15.7,15.9,2100.0,1660521600.0,DOWNTREND
D11,2022,8,16,3,33,2,Tuesday,2022-08-16,16.4,16.4,16.0,16.0,500.0,1660608000.0,DOWNTREND
D11,2022,8,17,3,33,3,Wednesday,2022-08-17,16.1,16.2,16.0,16.2,2200.0,1660694400.0,UPTREND
D11,2022,8,18,3,33,4,Thursday,2022-08-18,16.5,16.5,15.7,16.0,2700.0,1660780800.0,DOWNTREND
D11,2022,8,19,3,33,5,Friday,2022-08-19,16.0,16.2,16.0,16.2,300.0,1660867200.0,UPTREND
D11,2022,8,22,3,34,1,Monday,2022-08-22,16.3,16.3,16.0,16.2,12000.0,1661126400.0,DOWNTREND
D11,2022,8,23,3,34,2,Tuesday,2022-08-23,15.1,16.3,15.1,16.1,1500.0,1661212800.0,UPTREND
D11,2022,8,24,3,34,3,Wednesday,2022-08-24,16.3,16.3,16.1,16.3,11300.0,1661299200.0,SIDEWAY
D11,2022,8,25,3,34,4,Thursday,2022-08-25,16.4,16.4,16.0,16.3,1600.0,1661385600.0,DOWNTREND
D11,2022,8,26,3,34,5,Friday,2022-08-26,16.2,16.3,15.6,16.1,1900.0,1661472000.0,DOWNTREND
D11,2022,8,29,3,35,1,Monday,2022-08-29,16.1,16.1,15.6,16.0,2900.0,1661731200.0,DOWNTREND
D11,2022,8,30,3,35,2,Tuesday,2022-08-30,16.1,16.1,15.9,16.0,3300.0,1661817600.0,DOWNTREND
D11,2022,8,31,3,35,3,Wednesday,2022-08-31,16.1,16.1,15.8,15.9,4700.0,1661904000.0,DOWNTREND
D11,2022,9,5,3,36,1,Monday,2022-09-05,16.1,16.1,16.1,16.1,800.0,1662336000.0,SIDEWAY
D11,2022,9,6,3,36,2,Tuesday,2022-09-06,16.1,16.2,16.1,16.1,3900.0,1662422400.0,SIDEWAY
D11,2022,9,7,3,36,3,Wednesday,2022-09-07,16.0,16.0,16.0,16.0,2000.0,1662508800.0,SIDEWAY
D11,2022,9,8,3,36,4,Thursday,2022-09-08,16.0,16.2,15.2,15.8,3500.0,1662595200.0,DOWNTREND
D11,2022,9,9,3,36,5,Friday,2022-09-09,16.0,16.0,15.3,15.8,600.0,1662681600.0,DOWNTREND
D11,2022,9,12,3,37,1,Monday,2022-09-12,15.9,15.9,15.8,15.9,2200.0,1662940800.0,SIDEWAY
D11,2022,9,13,3,37,2,Tuesday,2022-09-13,16.0,16.0,16.0,16.0,300.0,1663027200.0,SIDEWAY
D11,2022,9,14,3,37,3,Wednesday,2022-09-14,15.8,15.8,15.7,15.7,4200.0,1663113600.0,DOWNTREND
D11,2022,9,15,3,37,4,Thursday,2022-09-15,15.7,16.7,15.5,16.1,2500.0,1663200000.0,UPTREND
D11,2022,9,16,3,37,5,Friday,2022-09-16,16.0,16.0,16.0,16.0,3500.0,1663286400.0,SIDEWAY
D11,2022,9,19,3,38,1,Monday,2022-09-19,16.1,16.1,14.9,14.9,12100.0,1663545600.0,DOWNTREND
D11,2022,9,20,3,38,2,Tuesday,2022-09-20,15.7,15.7,14.2,14.2,900.0,1663632000.0,DOWNTREND
D11,2022,9,21,3,38,3,Wednesday,2022-09-21,14.5,15.0,14.5,14.5,6600.0,1663718400.0,SIDEWAY
D11,2022,9,22,3,38,4,Thursday,2022-09-22,14.6,14.8,14.5,14.6,2800.0,1663804800.0,SIDEWAY
D11,2022,9,23,3,38,5,Friday,2022-09-23,14.6,15.4,14.5,14.5,2400.0,1663891200.0,DOWNTREND
D11,2022,9,26,3,39,1,Monday,2022-09-26,15.0,15.0,14.1,14.1,3400.0,1664150400.0,DOWNTREND
D11,2022,9,27,3,39,2,Tuesday,2022-09-27,14.8,14.8,14.8,14.8,200.0,1664236800.0,SIDEWAY
D11,2022,9,28,3,39,3,Wednesday,2022-09-28,14.9,14.9,14.1,14.4,1800.0,1664323200.0,DOWNTREND
D11,2022,9,29,3,39,4,Thursday,2022-09-29,14.9,14.9,13.2,13.8,2900.0,1664409600.0,DOWNTREND
D11,2022,9,30,3,39,5,Friday,2022-09-30,13.8,13.9,13.0,13.5,7900.0,1664496000.0,DOWNTREND
D11,2022,10,3,4,40,1,Monday,2022-10-03,13.7,13.7,13.6,13.6,2600.0,1664755200.0,DOWNTREND
D11,2022,10,4,4,40,2,Tuesday,2022-10-04,13.3,13.5,13.3,13.5,500.0,1664841600.0,UPTREND
D11,2022,10,5,4,40,3,Wednesday,2022-10-05,13.5,13.5,13.5,13.5,200.0,1664928000.0,SIDEWAY
D11,2022,10,6,4,40,4,Thursday,2022-10-06,13.4,13.4,13.4,13.4,1100.0,1665014400.0,SIDEWAY
D11,2022,10,7,4,40,5,Friday,2022-10-07,13.2,13.2,13.2,13.2,100.0,1665100800.0,SIDEWAY
D11,2022,10,10,4,41,1,Monday,2022-10-10,12.5,13.2,12.5,13.2,6500.0,1665360000.0,UPTREND
D11,2022,10,11,4,41,2,Tuesday,2022-10-11,12.5,12.5,12.5,12.5,700.0,1665446400.0,SIDEWAY
D11,2022,10,12,4,41,3,Wednesday,2022-10-12,12.5,12.8,12.5,12.8,200.0,1665532800.0,UPTREND
D11,2022,10,13,4,41,4,Thursday,2022-10-13,13.3,13.3,13.3,13.3,100.0,1665619200.0,SIDEWAY
D11,2022,10,14,4,41,5,Friday,2022-10-14,12.1,13.1,12.0,13.0,400.0,1665705600.0,UPTREND
D11,2022,10,17,4,42,1,Monday,2022-10-17,11.8,13.0,11.8,13.0,200.0,1665964800.0,UPTREND
D11,2022,10,18,4,42,2,Tuesday,2022-10-18,13.7,13.7,12.3,12.3,300.0,1666051200.0,DOWNTREND
D11,2022,10,19,4,42,3,Wednesday,2022-10-19,12.3,12.4,12.2,12.4,1200.0,1666137600.0,UPTREND
D11,2022,10,20,4,42,4,Thursday,2022-10-20,13.5,13.5,12.6,12.6,200.0,1666224000.0,DOWNTREND
D11,2022,10,21,4,42,5,Friday,2022-10-21,11.7,13.3,11.6,12.5,2700.0,1666310400.0,UPTREND
D11,2022,10,24,4,43,1,Monday,2022-10-24,12.5,12.5,11.9,12.0,2400.0,1666569600.0,DOWNTREND
D11,2022,10,25,4,43,2,Tuesday,2022-10-25,11.7,11.7,11.7,11.7,1800.0,1666656000.0,SIDEWAY
D11,2022,10,26,4,43,3,Wednesday,2022-10-26,11.9,11.9,11.9,11.9,100.0,1666742400.0,SIDEWAY
D11,2022,10,27,4,43,4,Thursday,2022-10-27,11.9,12.5,11.9,12.5,1200.0,1666828800.0,UPTREND
D11,2022,10,28,4,43,5,Friday,2022-10-28,12.5,12.5,12.5,12.5,1800.0,1666915200.0,SIDEWAY
D11,2022,10,31,4,44,1,Monday,2022-10-31,12.4,12.4,12.1,12.4,3000.0,1667174400.0,SIDEWAY
D11,2022,11,2,4,44,3,Wednesday,2022-11-02,12.3,12.3,12.3,12.3,500.0,1667347200.0,SIDEWAY
D11,2022,11,3,4,44,4,Thursday,2022-11-03,12.6,12.6,12.4,12.4,1100.0,1667433600.0,DOWNTREND
D11,2022,11,7,4,45,1,Monday,2022-11-07,12.7,12.7,11.2,11.9,9400.0,1667779200.0,DOWNTREND
D11,2022,11,8,4,45,2,Tuesday,2022-11-08,10.9,11.9,10.9,11.9,1400.0,1667865600.0,UPTREND
D11,2022,11,9,4,45,3,Wednesday,2022-11-09,11.1,11.1,11.0,11.0,1300.0,1667952000.0,DOWNTREND
D11,2022,11,10,4,45,4,Thursday,2022-11-10,11.7,11.7,10.4,10.4,16100.0,1668038400.0,DOWNTREND
D11,2022,11,11,4,45,5,Friday,2022-11-11,10.5,10.5,10.3,10.4,1800.0,1668124800.0,DOWNTREND
D11,2022,11,14,4,46,1,Monday,2022-11-14,10.2,10.3,9.9,10.0,10800.0,1668384000.0,DOWNTREND
D11,2022,11,15,4,46,2,Tuesday,2022-11-15,10.4,10.4,9.2,10.0,2800.0,1668470400.0,DOWNTREND
D11,2022,11,16,4,46,3,Wednesday,2022-11-16,9.5,10.4,9.5,10.0,11300.0,1668556800.0,UPTREND
D11,2022,11,17,4,46,4,Thursday,2022-11-17,10.7,10.7,10.5,10.6,5000.0,1668643200.0,DOWNTREND
D11,2022,11,18,4,46,5,Friday,2022-11-18,10.9,10.9,10.7,10.7,200.0,1668729600.0,DOWNTREND
D11,2022,11,21,4,47,1,Monday,2022-11-21,10.7,11.1,10.6,10.8,5100.0,1668988800.0,UPTREND
D11,2022,11,22,4,47,2,Tuesday,2022-11-22,11.1,11.1,11.1,11.1,1200.0,1669075200.0,SIDEWAY
D11,2022,11,23,4,47,3,Wednesday,2022-11-23,11.3,11.3,11.1,11.1,300.0,1669161600.0,DOWNTREND
D11,2022,11,24,4,47,4,Thursday,2022-11-24,11.1,11.1,11.0,11.0,1300.0,1669248000.0,DOWNTREND
D11,2022,11,25,4,47,5,Friday,2022-11-25,11.5,11.5,10.1,10.1,2700.0,1669334400.0,DOWNTREND
D11,2022,11,28,4,48,1,Monday,2022-11-28,10.7,11.1,10.7,10.9,1900.0,1669593600.0,UPTREND
D11,2022,11,29,4,48,2,Tuesday,2022-11-29,11.3,11.3,10.9,11.2,1300.0,1669680000.0,DOWNTREND
D11,2022,11,30,4,48,3,Wednesday,2022-11-30,11.2,11.2,11.2,11.2,800.0,1669766400.0,SIDEWAY
D11,2022,12,1,4,48,4,Thursday,2022-12-01,11.2,12.0,11.2,12.0,4700.0,1669852800.0,UPTREND
D11,2022,12,2,4,48,5,Friday,2022-12-02,11.5,12.0,11.5,12.0,400.0,1669939200.0,UPTREND
D11,2022,12,5,4,49,1,Monday,2022-12-05,12.0,12.0,11.5,11.8,14400.0,1670198400.0,DOWNTREND
D11,2022,12,6,4,49,2,Tuesday,2022-12-06,11.2,11.8,11.2,11.3,1300.0,1670284800.0,UPTREND
D11,2022,12,7,4,49,3,Wednesday,2022-12-07,11.7,11.7,11.0,11.0,1300.0,1670371200.0,DOWNTREND
D11,2022,12,8,4,49,4,Thursday,2022-12-08,11.8,11.8,11.3,11.5,1600.0,1670457600.0,DOWNTREND
D11,2022,12,9,4,49,5,Friday,2022-12-09,11.7,11.9,11.5,11.5,400.0,1670544000.0,DOWNTREND
D11,2022,12,12,4,50,1,Monday,2022-12-12,12.0,12.0,11.5,11.5,300.0,1670803200.0,DOWNTREND
D11,2022,12,13,4,50,2,Tuesday,2022-12-13,11.5,11.5,11.5,11.5,500.0,1670889600.0,SIDEWAY
D11,2022,12,14,4,50,3,Wednesday,2022-12-14,11.5,11.5,11.5,11.5,600.0,1670976000.0,SIDEWAY
D11,2022,12,15,4,50,4,Thursday,2022-12-15,11.6,12.1,11.6,11.7,6400.0,1671062400.0,UPTREND
D11,2022,12,16,4,50,5,Friday,2022-12-16,11.9,12.0,11.9,12.0,800.0,1671148800.0,UPTREND
D11,2022,12,19,4,51,1,Monday,2022-12-19,12.2,12.2,12.2,12.2,5000.0,1671408000.0,SIDEWAY
D11,2022,12,20,4,51,2,Tuesday,2022-12-20,12.9,12.9,11.4,11.6,500.0,1671494400.0,DOWNTREND
D11,2022,12,21,4,51,3,Wednesday,2022-12-21,10.5,11.8,10.5,11.2,2700.0,1671580800.0,UPTREND
D11,2022,12,22,4,51,4,Thursday,2022-12-22,11.4,11.4,11.2,11.2,200.0,1671667200.0,DOWNTREND
D11,2022,12,23,4,51,5,Friday,2022-12-23,10.6,10.6,10.5,10.6,900.0,1671753600.0,SIDEWAY
D11,2022,12,26,4,52,1,Monday,2022-12-26,11.6,11.6,11.1,11.1,3700.0,1672012800.0,DOWNTREND
D11,2022,12,27,4,52,2,Tuesday,2022-12-27,11.2,11.2,11.2,11.2,200.0,1672099200.0,SIDEWAY
D11,2022,12,28,4,52,3,Wednesday,2022-12-28,10.7,11.8,10.7,11.0,1400.0,1672185600.0,UPTREND
D11,2022,12,29,4,52,4,Thursday,2022-12-29,11.0,11.0,11.0,11.0,100.0,1672272000.0,SIDEWAY
D11,2022,12,30,4,52,5,Friday,2022-12-30,11.3,11.4,10.0,11.0,4600.0,1672358400.0,DOWNTREND
D11,2023,1,3,1,1,2,Tuesday,2023-01-03,11.0,11.2,11.0,11.2,1200.0,1672704000.0,UPTREND
D11,2023,1,4,1,1,3,Wednesday,2023-01-04,11.6,11.6,11.1,11.2,800.0,1672790400.0,DOWNTREND
D11,2023,1,5,1,1,4,Thursday,2023-01-05,11.5,11.5,11.5,11.5,100.0,1672876800.0,SIDEWAY
D11,2023,1,6,1,1,5,Friday,2023-01-06,11.4,11.4,11.4,11.4,1200.0,1672963200.0,SIDEWAY
D11,2023,1,9,1,2,1,Monday,2023-01-09,10.6,10.6,10.6,10.6,300.0,1673222400.0,SIDEWAY
D11,2023,1,10,1,2,2,Tuesday,2023-01-10,10.8,11.3,10.8,11.3,1300.0,1673308800.0,UPTREND
D11,2023,1,11,1,2,3,Wednesday,2023-01-11,11.3,11.4,11.3,11.3,1400.0,1673395200.0,SIDEWAY
D11,2023,1,12,1,2,4,Thursday,2023-01-12,11.0,11.3,11.0,11.3,2000.0,1673481600.0,UPTREND
D11,2023,1,13,1,2,5,Friday,2023-01-13,11.6,11.6,10.9,11.3,1400.0,1673568000.0,DOWNTREND
D11,2023,1,17,1,3,2,Tuesday,2023-01-17,10.9,11.3,10.9,11.3,2900.0,1673913600.0,UPTREND
D11,2023,1,18,1,3,3,Wednesday,2023-01-18,11.7,12.4,11.7,12.4,11800.0,1674000000.0,UPTREND
D11,2023,1,19,1,3,4,Thursday,2023-01-19,12.5,12.6,12.0,12.5,2800.0,1674086400.0,SIDEWAY
D11,2023,1,27,1,4,5,Friday,2023-01-27,12.7,12.7,12.6,12.6,400.0,1674777600.0,DOWNTREND
D11,2023,1,30,1,5,1,Monday,2023-01-30,13.3,13.3,12.4,12.4,300.0,1675036800.0,DOWNTREND
D11,2023,1,31,1,5,2,Tuesday,2023-01-31,13.0,13.0,12.5,12.6,4600.0,1675123200.0,DOWNTREND
D11,2023,2,1,1,5,3,Wednesday,2023-02-01,13.0,13.7,12.6,12.6,5800.0,1675209600.0,DOWNTREND
D11,2023,2,2,1,5,4,Thursday,2023-02-02,12.7,13.0,12.6,12.6,8100.0,1675296000.0,DOWNTREND
D11,2023,2,3,1,5,5,Friday,2023-02-03,12.6,12.6,12.6,12.6,300.0,1675382400.0,SIDEWAY
D11,2023,2,6,1,6,1,Monday,2023-02-06,12.8,13.8,12.4,12.4,2900.0,1675641600.0,DOWNTREND
D11,2023,2,7,1,6,2,Tuesday,2023-02-07,12.6,12.7,12.6,12.7,700.0,1675728000.0,UPTREND
D11,2023,2,8,1,6,3,Wednesday,2023-02-08,13.0,13.0,12.8,12.9,1600.0,1675814400.0,DOWNTREND
D11,2023,2,10,1,6,5,Friday,2023-02-10,12.4,12.4,12.4,12.4,400.0,1675987200.0,SIDEWAY
D11,2023,2,13,1,7,1,Monday,2023-02-13,12.0,12.0,11.6,12.0,5900.0,1676246400.0,SIDEWAY
D11,2023,2,14,1,7,2,Tuesday,2023-02-14,11.7,12.0,11.7,12.0,300.0,1676332800.0,UPTREND
D11,2023,2,15,1,7,3,Wednesday,2023-02-15,11.7,11.9,11.7,11.9,1100.0,1676419200.0,UPTREND
D11,2023,2,16,1,7,4,Thursday,2023-02-16,11.7,12.0,11.7,12.0,600.0,1676505600.0,UPTREND
D11,2023,2,17,1,7,5,Friday,2023-02-17,10.9,12.0,10.9,12.0,1800.0,1676592000.0,UPTREND
D11,2023,2,20,1,8,1,Monday,2023-02-20,10.8,13.2,10.8,11.9,5300.0,1676851200.0,UPTREND
D11,2023,2,21,1,8,2,Tuesday,2023-02-21,12.0,12.3,12.0,12.3,2000.0,1676937600.0,UPTREND
D11,2023,2,22,1,8,3,Wednesday,2023-02-22,11.8,12.0,11.7,12.0,1700.0,1677024000.0,UPTREND
D11,2023,2,23,1,8,4,Thursday,2023-02-23,11.6,11.7,11.5,11.7,1100.0,1677110400.0,UPTREND
D11,2023,2,27,1,9,1,Monday,2023-02-27,11.7,11.8,11.7,11.7,2500.0,1677456000.0,SIDEWAY
D11,2023,2,28,1,9,2,Tuesday,2023-02-28,11.7,11.7,11.7,11.7,1000.0,1677542400.0,SIDEWAY
D11,2023,3,1,1,9,3,Wednesday,2023-03-01,11.7,11.9,11.7,11.9,4600.0,1677628800.0,UPTREND
D11,2023,3,2,1,9,4,Thursday,2023-03-02,11.9,11.9,11.9,11.9,400.0,1677715200.0,SIDEWAY
D11,2023,3,6,1,10,1,Monday,2023-03-06,12.0,12.0,11.7,11.9,800.0,1678060800.0,DOWNTREND
D11,2023,3,8,1,10,3,Wednesday,2023-03-08,11.9,11.9,11.3,11.7,2600.0,1678233600.0,DOWNTREND
D11,2023,3,9,1,10,4,Thursday,2023-03-09,11.8,11.8,11.8,11.8,5200.0,1678320000.0,SIDEWAY
D11,2023,3,13,1,11,1,Monday,2023-03-13,11.6,11.6,11.6,11.6,200.0,1678665600.0,SIDEWAY
D11,2023,3,14,1,11,2,Tuesday,2023-03-14,11.6,11.7,11.6,11.6,5600.0,1678752000.0,SIDEWAY
D11,2023,3,15,1,11,3,Wednesday,2023-03-15,11.6,11.6,11.5,11.6,8900.0,1678838400.0,SIDEWAY
D11,2023,3,16,1,11,4,Thursday,2023-03-16,11.5,11.6,11.5,11.6,3400.0,1678924800.0,UPTREND
D11,2023,3,17,1,11,5,Friday,2023-03-17,11.5,11.5,11.5,11.5,2000.0,1679011200.0,SIDEWAY
D11,2023,3,20,1,12,1,Monday,2023-03-20,11.6,11.6,11.6,11.6,200.0,1679270400.0,SIDEWAY
D11,2023,3,21,1,12,2,Tuesday,2023-03-21,11.9,11.9,11.5,11.6,6800.0,1679356800.0,DOWNTREND
D11,2023,3,22,1,12,3,Wednesday,2023-03-22,11.6,11.9,11.1,11.6,5600.0,1679443200.0,SIDEWAY
D11,2023,3,23,1,12,4,Thursday,2023-03-23,11.6,11.6,11.6,11.6,100.0,1679529600.0,SIDEWAY
D11,2023,3,24,1,12,5,Friday,2023-03-24,11.6,11.6,11.5,11.5,6100.0,1679616000.0,DOWNTREND
D11,2023,3,27,1,13,1,Monday,2023-03-27,11.8,12.2,11.8,12.2,4700.0,1679875200.0,UPTREND
D11,2023,3,28,1,13,2,Tuesday,2023-03-28,12.0,12.0,12.0,12.0,300.0,1679961600.0,SIDEWAY
D11,2023,3,30,1,13,4,Thursday,2023-03-30,12.0,12.0,12.0,12.0,100.0,1680134400.0,SIDEWAY
D11,2023,3,31,1,13,5,Friday,2023-03-31,11.9,12.0,11.9,12.0,3000.0,1680220800.0,UPTREND
D11,2023,4,3,2,14,1,Monday,2023-04-03,12.0,12.2,12.0,12.2,1800.0,1680480000.0,UPTREND
D11,2023,4,4,2,14,2,Tuesday,2023-04-04,12.2,12.4,12.2,12.4,1600.0,1680566400.0,UPTREND
D11,2023,4,5,2,14,3,Wednesday,2023-04-05,12.4,12.4,12.2,12.4,4600.0,1680652800.0,SIDEWAY
