symbol,year,month,date,quarter,week,weekday_index,weekday,full_date,open,high,low,close,volume,timestamp,trend
DC2,2010,7,2,3,26,5,Friday,2010-07-02,11.54,18.03,11.54,16.23,128500.0,1278028800.0,UPTREND
DC2,2010,7,5,3,27,1,Monday,2010-07-05,15.29,15.29,15.29,15.29,39200.0,1278288000.0,SIDEWAY
DC2,2010,7,6,3,27,2,Tuesday,2010-07-06,16.34,16.34,16.34,16.34,13000.0,1278374400.0,SIDEWAY
DC2,2010,7,7,3,27,3,Wednesday,2010-07-07,17.46,17.46,17.46,17.46,7900.0,1278460800.0,SIDEWAY
DC2,2010,7,8,3,27,4,Thursday,2010-07-08,18.65,18.65,16.27,16.27,61200.0,1278547200.0,DOWNTREND
DC2,2010,7,9,3,27,5,Friday,2010-07-09,15.58,15.58,15.58,15.58,9400.0,1278633600.0,SIDEWAY
DC2,2010,7,12,3,28,1,Monday,2010-07-12,14.5,15.51,14.5,14.68,142400.0,1278892800.0,UPTREND
DC2,2010,7,13,3,28,2,Tuesday,2010-07-13,14.61,15.51,14.61,15.22,37600.0,1278979200.0,UPTREND
DC2,2010,7,14,3,28,3,Wednesday,2010-07-14,15.37,15.69,15.11,15.15,40000.0,1279065600.0,DOWNTREND
DC2,2010,7,15,3,28,4,Thursday,2010-07-15,14.79,15.15,14.61,14.61,2000.0,1279152000.0,DOWNTREND
DC2,2010,7,16,3,28,5,Friday,2010-07-16,14.79,14.79,14.07,14.43,19800.0,1279238400.0,DOWNTREND
DC2,2010,7,19,3,29,1,Monday,2010-07-19,14.07,14.25,13.89,13.89,25200.0,1279497600.0,DOWNTREND
DC2,2010,7,20,3,29,2,Tuesday,2010-07-20,14.71,14.79,14.28,14.43,31800.0,1279584000.0,DOWNTREND
DC2,2010,7,21,3,29,3,Wednesday,2010-07-21,14.54,14.54,14.07,14.5,11900.0,1279670400.0,DOWNTREND
DC2,2010,7,22,3,29,4,Thursday,2010-07-22,14.39,14.39,13.71,13.71,21100.0,1279756800.0,DOWNTREND
DC2,2010,7,23,3,29,5,Friday,2010-07-23,13.89,14.75,13.89,14.75,30700.0,1279843200.0,UPTREND
DC2,2010,7,26,3,30,1,Monday,2010-07-26,15.62,15.62,14.46,14.61,42300.0,1280102400.0,DOWNTREND
DC2,2010,7,27,3,30,2,Tuesday,2010-07-27,14.71,14.75,14.07,14.14,15000.0,1280188800.0,DOWNTREND
DC2,2010,7,28,3,30,3,Wednesday,2010-07-28,14.39,14.39,13.71,13.71,7200.0,1280275200.0,DOWNTREND
DC2,2010,7,29,3,30,4,Thursday,2010-07-29,14.32,14.32,14.32,14.32,800.0,1280361600.0,SIDEWAY
DC2,2010,7,30,3,30,5,Friday,2010-07-30,14.25,14.25,13.71,13.78,15900.0,1280448000.0,DOWNTREND
DC2,2010,8,2,3,31,1,Monday,2010-08-02,13.89,14.07,13.71,13.96,35000.0,1280707200.0,UPTREND
DC2,2010,8,3,3,31,2,Tuesday,2010-08-03,14.07,14.5,14.07,14.14,77100.0,1280793600.0,UPTREND
DC2,2010,8,4,3,31,3,Wednesday,2010-08-04,13.71,14.39,13.71,14.32,13800.0,1280880000.0,UPTREND
DC2,2010,8,5,3,31,4,Thursday,2010-08-05,14.17,14.43,13.92,14.39,30300.0,1280966400.0,UPTREND
DC2,2010,8,6,3,31,5,Friday,2010-08-06,14.25,14.32,14.14,14.32,3900.0,1281052800.0,UPTREND
DC2,2010,8,9,3,32,1,Monday,2010-08-09,14.25,14.25,13.31,13.31,1600.0,1281312000.0,DOWNTREND
DC2,2010,8,10,3,32,2,Tuesday,2010-08-10,14.07,14.43,13.02,13.67,49500.0,1281398400.0,DOWNTREND
DC2,2010,8,11,3,32,3,Wednesday,2010-08-11,13.35,13.81,13.02,13.16,44500.0,1281484800.0,DOWNTREND
DC2,2010,8,12,3,32,4,Thursday,2010-08-12,12.48,12.62,12.48,12.48,13500.0,1281571200.0,SIDEWAY
DC2,2010,8,13,3,32,5,Friday,2010-08-13,13.16,13.16,11.61,11.69,21200.0,1281657600.0,DOWNTREND
DC2,2010,8,16,3,33,1,Monday,2010-08-16,10.89,12.34,10.89,12.3,21000.0,1281916800.0,UPTREND
DC2,2010,8,17,3,33,2,Tuesday,2010-08-17,11.18,12.34,11.18,12.08,35100.0,1282003200.0,UPTREND
DC2,2010,8,18,3,33,3,Wednesday,2010-08-18,12.26,12.62,12.26,12.62,97900.0,1282089600.0,UPTREND
DC2,2010,8,19,3,33,4,Thursday,2010-08-19,13.35,13.38,12.48,13.38,27300.0,1282176000.0,UPTREND
DC2,2010,8,20,3,33,5,Friday,2010-08-20,13.92,13.92,12.62,13.24,14900.0,1282262400.0,DOWNTREND
DC2,2010,8,23,3,34,1,Monday,2010-08-23,13.49,14.07,13.35,13.35,40400.0,1282521600.0,DOWNTREND
DC2,2010,8,24,3,34,2,Tuesday,2010-08-24,13.35,13.71,12.66,12.66,19000.0,1282608000.0,DOWNTREND
DC2,2010,8,25,3,34,3,Wednesday,2010-08-25,12.44,13.45,12.01,12.01,10500.0,1282694400.0,DOWNTREND
DC2,2010,8,26,3,34,4,Thursday,2010-08-26,13.13,13.13,11.87,12.52,27700.0,1282780800.0,DOWNTREND
DC2,2010,8,27,3,34,5,Friday,2010-08-27,11.4,11.43,11.4,11.4,48600.0,1282867200.0,SIDEWAY
DC2,2010,8,30,3,35,1,Monday,2010-08-30,12.19,12.19,11.9,11.9,12200.0,1283126400.0,DOWNTREND
DC2,2010,8,31,3,35,2,Tuesday,2010-08-31,12.19,12.19,11.25,11.69,5000.0,1283212800.0,DOWNTREND
DC2,2010,9,1,3,35,3,Wednesday,2010-09-01,11.87,11.87,10.89,11.36,58700.0,1283299200.0,DOWNTREND
DC2,2010,9,6,3,36,1,Monday,2010-09-06,11.72,11.83,11.72,11.83,25800.0,1283731200.0,UPTREND
DC2,2010,9,7,3,36,2,Tuesday,2010-09-07,11.83,11.83,11.25,11.36,23700.0,1283817600.0,DOWNTREND
DC2,2010,9,8,3,36,3,Wednesday,2010-09-08,12.05,12.05,11.22,11.25,12400.0,1283904000.0,DOWNTREND
DC2,2010,9,9,3,36,4,Thursday,2010-09-09,11.54,11.69,11.36,11.69,27200.0,1283990400.0,UPTREND
DC2,2010,9,10,3,36,5,Friday,2010-09-10,12.08,12.34,11.4,11.54,40200.0,1284076800.0,DOWNTREND
DC2,2010,9,13,3,37,1,Monday,2010-09-13,11.4,11.54,11.11,11.54,59000.0,1284336000.0,UPTREND
DC2,2010,9,14,3,37,2,Tuesday,2010-09-14,11.36,11.83,11.36,11.69,14900.0,1284422400.0,UPTREND
DC2,2010,9,15,3,37,3,Wednesday,2010-09-15,11.72,12.15,11.54,11.65,11900.0,1284508800.0,DOWNTREND
DC2,2010,9,16,3,37,4,Thursday,2010-09-16,12.23,12.23,11.25,11.72,14400.0,1284595200.0,DOWNTREND
DC2,2010,9,17,3,37,5,Friday,2010-09-17,12.15,12.15,11.54,11.76,22300.0,1284681600.0,DOWNTREND
DC2,2010,9,20,3,38,1,Monday,2010-09-20,11.94,11.94,11.54,11.72,43700.0,1284940800.0,DOWNTREND
DC2,2010,9,21,3,38,2,Tuesday,2010-09-21,12.36,12.5,12.36,12.5,24000.0,1285027200.0,UPTREND
DC2,2010,9,22,3,38,3,Wednesday,2010-09-22,13.2,13.2,12.69,12.69,28100.0,1285113600.0,DOWNTREND
DC2,2010,9,23,3,38,4,Thursday,2010-09-23,13.71,13.71,12.22,12.22,6400.0,1285200000.0,DOWNTREND
DC2,2010,9,24,3,38,5,Friday,2010-09-24,12.5,12.97,12.5,12.5,11900.0,1285286400.0,SIDEWAY
DC2,2010,9,27,3,39,1,Monday,2010-09-27,13.11,13.11,11.85,11.85,10500.0,1285545600.0,DOWNTREND
DC2,2010,9,28,3,39,2,Tuesday,2010-09-28,12.83,12.83,12.83,12.83,5000.0,1285632000.0,SIDEWAY
DC2,2010,9,29,3,39,3,Wednesday,2010-09-29,12.59,13.29,11.94,11.94,14700.0,1285718400.0,DOWNTREND
DC2,2010,9,30,3,39,4,Thursday,2010-09-30,12.73,12.73,11.85,11.85,3700.0,1285804800.0,DOWNTREND
DC2,2010,10,1,4,39,5,Friday,2010-10-01,12.73,12.73,11.52,11.52,7000.0,1285891200.0,DOWNTREND
DC2,2010,10,4,4,40,1,Monday,2010-10-04,12.08,12.08,10.96,10.96,22500.0,1286150400.0,DOWNTREND
DC2,2010,10,5,4,40,2,Tuesday,2010-10-05,11.52,11.52,11.52,11.52,200.0,1286236800.0,SIDEWAY
DC2,2010,10,6,4,40,3,Wednesday,2010-10-06,12.03,12.03,12.03,12.03,200.0,1286323200.0,SIDEWAY
DC2,2010,10,7,4,40,4,Thursday,2010-10-07,12.27,12.27,11.19,12.13,900.0,1286409600.0,DOWNTREND
DC2,2010,10,8,4,40,5,Friday,2010-10-08,11.19,11.19,11.05,11.05,11300.0,1286496000.0,DOWNTREND
DC2,2010,10,11,4,41,1,Monday,2010-10-11,11.61,11.61,11.05,11.05,1200.0,1286755200.0,DOWNTREND
DC2,2010,10,12,4,41,2,Tuesday,2010-10-12,10.45,10.45,10.4,10.4,3100.0,1286841600.0,DOWNTREND
DC2,2010,10,13,4,41,3,Wednesday,2010-10-13,9.7,10.35,9.7,9.79,6500.0,1286928000.0,UPTREND
DC2,2010,10,14,4,41,4,Thursday,2010-10-14,10.31,10.31,9.75,9.75,1700.0,1287014400.0,DOWNTREND
DC2,2010,10,15,4,41,5,Friday,2010-10-15,9.56,10.54,9.56,10.45,2300.0,1287100800.0,UPTREND
DC2,2010,10,18,4,42,1,Monday,2010-10-18,10.59,10.59,9.65,9.65,4600.0,1287360000.0,DOWNTREND
DC2,2010,10,19,4,42,2,Tuesday,2010-10-19,10.26,10.26,9.14,9.7,3600.0,1287446400.0,DOWNTREND
DC2,2010,10,20,4,42,3,Wednesday,2010-10-20,9.79,9.79,9.33,9.33,5100.0,1287532800.0,DOWNTREND
DC2,2010,10,21,4,42,4,Thursday,2010-10-21,9.33,9.33,8.91,8.91,5300.0,1287619200.0,DOWNTREND
DC2,2010,10,22,4,42,5,Friday,2010-10-22,9.75,9.75,8.63,8.63,2200.0,1287705600.0,DOWNTREND
DC2,2010,10,25,4,43,1,Monday,2010-10-25,9.23,9.23,8.16,8.26,14400.0,1287964800.0,DOWNTREND
DC2,2010,10,26,4,43,2,Tuesday,2010-10-26,8.77,8.86,8.77,8.86,2300.0,1288051200.0,UPTREND
DC2,2010,10,27,4,43,3,Wednesday,2010-10-27,9.33,9.33,8.3,8.3,5100.0,1288137600.0,DOWNTREND
DC2,2010,10,28,4,43,4,Thursday,2010-10-28,8.3,8.77,7.98,8.49,4600.0,1288224000.0,UPTREND
DC2,2010,10,29,4,43,5,Friday,2010-10-29,8.77,8.77,8.39,8.44,12200.0,1288310400.0,DOWNTREND
DC2,2010,11,1,4,44,1,Monday,2010-11-01,8.39,8.39,8.39,8.39,2000.0,1288569600.0,SIDEWAY
DC2,2010,11,2,4,44,2,Tuesday,2010-11-02,8.44,8.44,8.35,8.44,8800.0,1288656000.0,SIDEWAY
DC2,2010,11,3,4,44,3,Wednesday,2010-11-03,8.63,8.63,8.35,8.44,14300.0,1288742400.0,DOWNTREND
DC2,2010,11,4,4,44,4,Thursday,2010-11-04,8.54,8.54,8.54,8.54,300.0,1288828800.0,SIDEWAY
DC2,2010,11,5,4,44,5,Friday,2010-11-05,8.77,8.77,8.77,8.77,300.0,1288915200.0,SIDEWAY
DC2,2010,11,8,4,45,1,Monday,2010-11-08,8.44,8.44,8.39,8.39,8500.0,1289174400.0,DOWNTREND
DC2,2010,11,10,4,45,3,Wednesday,2010-11-10,8.35,8.77,8.21,8.39,15500.0,1289347200.0,UPTREND
DC2,2010,11,11,4,45,4,Thursday,2010-11-11,8.39,8.39,7.93,7.93,1800.0,1289433600.0,DOWNTREND
DC2,2010,11,12,4,45,5,Friday,2010-11-12,8.44,8.44,7.65,7.65,7600.0,1289520000.0,DOWNTREND
DC2,2010,11,15,4,46,1,Monday,2010-11-15,8.12,8.12,7.65,7.65,2300.0,1289779200.0,DOWNTREND
DC2,2010,11,16,4,46,2,Tuesday,2010-11-16,7.93,7.93,7.23,7.65,1700.0,1289865600.0,DOWNTREND
DC2,2010,11,17,4,46,3,Wednesday,2010-11-17,7.84,7.84,7.84,7.84,500.0,1289952000.0,SIDEWAY
DC2,2010,11,18,4,46,4,Thursday,2010-11-18,8.02,8.02,7.84,8.02,3500.0,1290038400.0,SIDEWAY
DC2,2010,11,19,4,46,5,Friday,2010-11-19,8.21,8.21,7.98,7.98,2500.0,1290124800.0,DOWNTREND
DC2,2010,11,22,4,47,1,Monday,2010-11-22,8.16,8.16,7.46,7.46,10000.0,1290384000.0,DOWNTREND
DC2,2010,11,23,4,47,2,Tuesday,2010-11-23,7.84,7.84,7.56,7.56,4200.0,1290470400.0,DOWNTREND
DC2,2010,11,24,4,47,3,Wednesday,2010-11-24,7.84,7.93,7.74,7.74,7500.0,1290556800.0,DOWNTREND
DC2,2010,11,25,4,47,4,Thursday,2010-11-25,8.12,8.3,7.88,8.21,37600.0,1290643200.0,UPTREND
DC2,2010,11,26,4,47,5,Friday,2010-11-26,8.39,8.39,8.26,8.26,4000.0,1290729600.0,DOWNTREND
DC2,2010,11,29,4,48,1,Monday,2010-11-29,8.26,8.81,8.26,8.81,9400.0,1290988800.0,UPTREND
DC2,2010,11,30,4,48,2,Tuesday,2010-11-30,8.86,9.14,8.86,9.14,11400.0,1291075200.0,UPTREND
DC2,2010,12,1,4,48,3,Wednesday,2010-12-01,8.96,8.96,8.96,8.96,8000.0,1291161600.0,SIDEWAY
DC2,2010,12,2,4,48,4,Thursday,2010-12-02,9.0,9.0,9.0,9.0,500.0,1291248000.0,SIDEWAY
DC2,2010,12,3,4,48,5,Friday,2010-12-03,9.23,9.61,8.72,9.52,20200.0,1291334400.0,UPTREND
DC2,2010,12,6,4,49,1,Monday,2010-12-06,9.42,9.42,9.33,9.33,2700.0,1291593600.0,DOWNTREND
DC2,2010,12,7,4,49,2,Tuesday,2010-12-07,8.86,8.86,8.77,8.77,5100.0,1291680000.0,DOWNTREND
DC2,2010,12,8,4,49,3,Wednesday,2010-12-08,8.39,8.39,8.39,8.39,2000.0,1291766400.0,SIDEWAY
DC2,2010,12,9,4,49,4,Thursday,2010-12-09,8.72,8.72,8.72,8.72,200.0,1291852800.0,SIDEWAY
DC2,2010,12,10,4,49,5,Friday,2010-12-10,9.0,9.0,9.0,9.0,200.0,1291939200.0,SIDEWAY
DC2,2010,12,13,4,50,1,Monday,2010-12-13,9.52,9.52,8.39,8.63,47800.0,1292198400.0,DOWNTREND
DC2,2010,12,14,4,50,2,Tuesday,2010-12-14,8.91,8.91,7.93,7.93,4600.0,1292284800.0,DOWNTREND
DC2,2010,12,15,4,50,3,Wednesday,2010-12-15,7.74,8.3,7.7,8.16,1800.0,1292371200.0,UPTREND
DC2,2010,12,16,4,50,4,Thursday,2010-12-16,7.6,7.6,7.46,7.46,3000.0,1292457600.0,DOWNTREND
DC2,2010,12,17,4,50,5,Friday,2010-12-17,7.93,7.93,7.93,7.93,100.0,1292544000.0,SIDEWAY
DC2,2010,12,20,4,51,1,Monday,2010-12-20,8.16,8.16,7.46,7.46,2100.0,1292803200.0,DOWNTREND
DC2,2010,12,21,4,51,2,Tuesday,2010-12-21,7.88,7.93,7.65,7.93,3200.0,1292889600.0,UPTREND
DC2,2010,12,22,4,51,3,Wednesday,2010-12-22,7.88,7.88,7.7,7.7,5900.0,1292976000.0,DOWNTREND
DC2,2010,12,23,4,51,4,Thursday,2010-12-23,7.88,8.12,7.88,8.12,200.0,1293062400.0,UPTREND
DC2,2010,12,24,4,51,5,Friday,2010-12-24,8.07,8.07,7.51,7.7,14700.0,1293148800.0,DOWNTREND
DC2,2010,12,27,4,52,1,Monday,2010-12-27,8.02,8.12,7.93,7.93,4000.0,1293408000.0,DOWNTREND
DC2,2010,12,28,4,52,2,Tuesday,2010-12-28,7.98,8.07,7.98,8.07,7500.0,1293494400.0,UPTREND
DC2,2010,12,29,4,52,3,Wednesday,2010-12-29,8.16,8.16,7.56,7.56,4400.0,1293580800.0,DOWNTREND
DC2,2010,12,30,4,52,4,Thursday,2010-12-30,8.07,8.07,8.07,8.07,100.0,1293667200.0,SIDEWAY
DC2,2010,12,31,4,52,5,Friday,2010-12-31,7.84,7.84,7.84,7.84,3200.0,1293753600.0,SIDEWAY
DC2,2011,1,4,1,1,2,Tuesday,2011-01-04,8.07,8.07,8.07,8.07,100.0,1294099200.0,SIDEWAY
DC2,2011,1,5,1,1,3,Wednesday,2011-01-05,8.02,8.02,8.02,8.02,100.0,1294185600.0,SIDEWAY
DC2,2011,1,6,1,1,4,Thursday,2011-01-06,7.7,7.7,7.7,7.7,2000.0,1294272000.0,SIDEWAY
DC2,2011,1,7,1,1,5,Friday,2011-01-07,7.46,7.65,7.23,7.46,4300.0,1294358400.0,SIDEWAY
DC2,2011,1,10,1,2,1,Monday,2011-01-10,7.65,7.65,7.65,7.65,100.0,1294617600.0,SIDEWAY
DC2,2011,1,11,1,2,2,Tuesday,2011-01-11,7.93,7.93,7.18,7.18,300.0,1294704000.0,DOWNTREND
DC2,2011,1,12,1,2,3,Wednesday,2011-01-12,7.65,7.65,7.23,7.23,1200.0,1294790400.0,DOWNTREND
DC2,2011,1,13,1,2,4,Thursday,2011-01-13,7.6,7.6,7.6,7.6,200.0,1294876800.0,SIDEWAY
DC2,2011,1,18,1,3,2,Tuesday,2011-01-18,7.14,7.14,7.14,7.14,100.0,1295308800.0,SIDEWAY
DC2,2011,1,19,1,3,3,Wednesday,2011-01-19,7.46,7.46,7.0,7.0,1600.0,1295395200.0,DOWNTREND
DC2,2011,1,20,1,3,4,Thursday,2011-01-20,7.32,7.32,7.32,7.32,100.0,1295481600.0,SIDEWAY
DC2,2011,1,21,1,3,5,Friday,2011-01-21,7.37,7.37,7.37,7.37,100.0,1295568000.0,SIDEWAY
DC2,2011,1,24,1,4,1,Monday,2011-01-24,7.0,7.0,6.95,6.95,900.0,1295827200.0,DOWNTREND
DC2,2011,1,25,1,4,2,Tuesday,2011-01-25,7.32,7.32,7.32,7.32,100.0,1295913600.0,SIDEWAY
DC2,2011,1,26,1,4,3,Wednesday,2011-01-26,7.46,7.46,7.28,7.28,300.0,1296000000.0,DOWNTREND
DC2,2011,2,8,1,6,2,Tuesday,2011-02-08,7.37,7.7,7.37,7.7,1700.0,1297123200.0,UPTREND
DC2,2011,2,9,1,6,3,Wednesday,2011-02-09,7.7,7.7,7.46,7.51,1300.0,1297209600.0,DOWNTREND
DC2,2011,2,10,1,6,4,Thursday,2011-02-10,8.02,8.02,7.74,7.74,500.0,1297296000.0,DOWNTREND
DC2,2011,2,11,1,6,5,Friday,2011-02-11,8.3,8.3,8.3,8.3,100.0,1297382400.0,SIDEWAY
DC2,2011,2,14,1,7,1,Monday,2011-02-14,7.74,7.74,7.74,7.74,2800.0,1297641600.0,SIDEWAY
DC2,2011,2,15,1,7,2,Tuesday,2011-02-15,8.02,8.02,8.02,8.02,100.0,1297728000.0,SIDEWAY
DC2,2011,2,16,1,7,3,Wednesday,2011-02-16,7.46,8.12,7.46,8.12,400.0,1297814400.0,UPTREND
DC2,2011,2,21,1,8,1,Monday,2011-02-21,8.35,8.35,7.46,7.46,200.0,1298246400.0,DOWNTREND
DC2,2011,2,24,1,8,4,Thursday,2011-02-24,7.42,7.42,7.42,7.42,2000.0,1298505600.0,SIDEWAY
DC2,2011,2,25,1,8,5,Friday,2011-02-25,6.9,6.9,6.9,6.9,2300.0,1298592000.0,SIDEWAY
DC2,2011,2,28,1,9,1,Monday,2011-02-28,6.44,7.14,6.44,6.53,12000.0,1298851200.0,UPTREND
DC2,2011,3,1,1,9,2,Tuesday,2011-03-01,6.9,6.9,6.34,6.67,3000.0,1298937600.0,DOWNTREND
DC2,2011,3,2,1,9,3,Wednesday,2011-03-02,6.95,6.95,6.53,6.53,1200.0,1299024000.0,DOWNTREND
DC2,2011,3,3,1,9,4,Thursday,2011-03-03,6.53,6.53,6.53,6.53,1700.0,1299110400.0,SIDEWAY
DC2,2011,3,4,1,9,5,Friday,2011-03-04,6.16,6.39,6.16,6.39,3600.0,1299196800.0,UPTREND
DC2,2011,3,7,1,10,1,Monday,2011-03-07,6.62,6.62,6.62,6.62,300.0,1299456000.0,SIDEWAY
DC2,2011,3,8,1,10,2,Tuesday,2011-03-08,6.58,6.58,6.58,6.58,1500.0,1299542400.0,SIDEWAY
DC2,2011,3,9,1,10,3,Wednesday,2011-03-09,6.3,6.3,6.3,6.3,500.0,1299628800.0,SIDEWAY
DC2,2011,3,10,1,10,4,Thursday,2011-03-10,6.3,6.3,5.88,6.06,4900.0,1299715200.0,DOWNTREND
DC2,2011,3,11,1,10,5,Friday,2011-03-11,6.16,6.16,6.06,6.06,4000.0,1299801600.0,DOWNTREND
DC2,2011,3,14,1,11,1,Monday,2011-03-14,6.02,6.02,6.02,6.02,200.0,1300060800.0,SIDEWAY
DC2,2011,3,15,1,11,2,Tuesday,2011-03-15,6.44,6.44,6.44,6.44,100.0,1300147200.0,SIDEWAY
DC2,2011,3,16,1,11,3,Wednesday,2011-03-16,6.02,6.02,6.02,6.02,500.0,1300233600.0,SIDEWAY
DC2,2011,3,17,1,11,4,Thursday,2011-03-17,5.6,6.39,5.6,6.39,2900.0,1300320000.0,UPTREND
DC2,2011,3,18,1,11,5,Friday,2011-03-18,5.97,5.97,5.97,5.97,100.0,1300406400.0,SIDEWAY
DC2,2011,3,21,1,12,1,Monday,2011-03-21,5.97,5.97,5.74,5.83,1200.0,1300665600.0,DOWNTREND
DC2,2011,3,22,1,12,2,Tuesday,2011-03-22,5.55,5.6,5.55,5.55,1700.0,1300752000.0,SIDEWAY
DC2,2011,3,23,1,12,3,Wednesday,2011-03-23,5.6,5.6,5.55,5.55,3500.0,1300838400.0,DOWNTREND
DC2,2011,3,25,1,12,5,Friday,2011-03-25,5.41,5.6,5.18,5.55,13000.0,1301011200.0,UPTREND
DC2,2011,3,28,1,13,1,Monday,2011-03-28,5.6,5.64,5.6,5.64,4300.0,1301270400.0,UPTREND
DC2,2011,3,29,1,13,2,Tuesday,2011-03-29,6.02,6.02,5.78,5.83,1300.0,1301356800.0,DOWNTREND
DC2,2011,3,30,1,13,3,Wednesday,2011-03-30,5.92,5.92,5.55,5.55,200.0,1301443200.0,DOWNTREND
DC2,2011,3,31,1,13,4,Thursday,2011-03-31,6.06,6.06,5.36,5.36,2600.0,1301529600.0,DOWNTREND
DC2,2011,4,1,2,13,5,Friday,2011-04-01,5.36,5.36,5.22,5.22,6500.0,1301616000.0,DOWNTREND
DC2,2011,4,4,2,14,1,Monday,2011-04-04,5.46,5.46,5.46,5.46,300.0,1301875200.0,SIDEWAY
DC2,2011,4,5,2,14,2,Tuesday,2011-04-05,5.36,5.6,5.36,5.6,300.0,1301961600.0,UPTREND
DC2,2011,4,6,2,14,3,Wednesday,2011-04-06,5.55,5.55,5.46,5.46,1000.0,1302048000.0,DOWNTREND
DC2,2011,4,7,2,14,4,Thursday,2011-04-07,5.78,5.78,5.32,5.32,400.0,1302134400.0,DOWNTREND
DC2,2011,4,8,2,14,5,Friday,2011-04-08,5.92,5.92,5.92,5.92,300.0,1302220800.0,SIDEWAY
DC2,2011,4,13,2,15,3,Wednesday,2011-04-13,6.2,6.2,5.55,5.55,4500.0,1302652800.0,DOWNTREND
DC2,2011,4,14,2,15,4,Thursday,2011-04-14,5.83,5.83,5.36,5.36,1400.0,1302739200.0,DOWNTREND
DC2,2011,4,15,2,15,5,Friday,2011-04-15,5.41,5.41,5.36,5.36,5100.0,1302825600.0,DOWNTREND
DC2,2011,4,18,2,16,1,Monday,2011-04-18,4.99,5.74,4.99,5.36,2000.0,1303084800.0,UPTREND
DC2,2011,4,19,2,16,2,Tuesday,2011-04-19,5.18,5.36,5.18,5.36,3600.0,1303171200.0,UPTREND
DC2,2011,4,20,2,16,3,Wednesday,2011-04-20,5.27,5.27,5.27,5.27,1000.0,1303257600.0,SIDEWAY
DC2,2011,4,21,2,16,4,Thursday,2011-04-21,4.99,4.99,4.94,4.94,2000.0,1303344000.0,DOWNTREND
DC2,2011,4,22,2,16,5,Friday,2011-04-22,5.22,5.22,4.71,4.71,800.0,1303430400.0,DOWNTREND
DC2,2011,4,25,2,17,1,Monday,2011-04-25,5.18,5.22,5.18,5.22,2300.0,1303689600.0,UPTREND
DC2,2011,4,26,2,17,2,Tuesday,2011-04-26,5.46,5.46,5.13,5.13,1100.0,1303776000.0,DOWNTREND
DC2,2011,4,27,2,17,3,Wednesday,2011-04-27,5.36,5.36,4.9,5.13,1600.0,1303862400.0,DOWNTREND
DC2,2011,4,28,2,17,4,Thursday,2011-04-28,5.41,5.5,5.41,5.5,1000.0,1303948800.0,UPTREND
DC2,2011,4,29,2,17,5,Friday,2011-04-29,5.36,5.36,5.36,5.36,1000.0,1304035200.0,SIDEWAY
DC2,2011,5,4,2,18,3,Wednesday,2011-05-04,5.6,5.6,5.04,5.04,1300.0,1304467200.0,DOWNTREND
DC2,2011,5,5,2,18,4,Thursday,2011-05-05,4.99,4.99,4.99,4.99,1000.0,1304553600.0,SIDEWAY
DC2,2011,5,6,2,18,5,Friday,2011-05-06,4.66,4.66,4.66,4.66,2300.0,1304640000.0,SIDEWAY
DC2,2011,5,9,2,19,1,Monday,2011-05-09,4.71,4.71,4.71,4.71,200.0,1304899200.0,SIDEWAY
DC2,2011,5,10,2,19,2,Tuesday,2011-05-10,5.04,5.04,5.04,5.04,700.0,1304985600.0,SIDEWAY
DC2,2011,5,11,2,19,3,Wednesday,2011-05-11,5.27,5.27,5.04,5.04,7200.0,1305072000.0,DOWNTREND
DC2,2011,5,12,2,19,4,Thursday,2011-05-12,5.27,5.36,5.27,5.27,1800.0,1305158400.0,SIDEWAY
DC2,2011,5,16,2,20,1,Monday,2011-05-16,5.6,5.6,4.94,4.94,600.0,1305504000.0,DOWNTREND
DC2,2011,5,17,2,20,2,Tuesday,2011-05-17,5.36,5.36,5.36,5.36,100.0,1305590400.0,SIDEWAY
DC2,2011,5,18,2,20,3,Wednesday,2011-05-18,4.99,4.99,4.99,4.99,600.0,1305676800.0,SIDEWAY
DC2,2011,5,19,2,20,4,Thursday,2011-05-19,5.32,5.32,4.9,4.9,1100.0,1305763200.0,DOWNTREND
DC2,2011,5,20,2,20,5,Friday,2011-05-20,5.27,5.27,4.66,4.66,1600.0,1305849600.0,DOWNTREND
DC2,2011,5,23,2,21,1,Monday,2011-05-23,4.52,4.52,4.52,4.52,10300.0,1306108800.0,SIDEWAY
DC2,2011,5,24,2,21,2,Tuesday,2011-05-24,4.8,4.8,4.24,4.24,7500.0,1306195200.0,DOWNTREND
DC2,2011,5,25,2,21,3,Wednesday,2011-05-25,4.15,4.15,4.01,4.01,400.0,1306281600.0,DOWNTREND
DC2,2011,5,26,2,21,4,Thursday,2011-05-26,3.83,4.38,3.83,4.38,1300.0,1306368000.0,UPTREND
DC2,2011,5,27,2,21,5,Friday,2011-05-27,4.59,4.59,4.53,4.53,500.0,1306454400.0,DOWNTREND
DC2,2011,5,30,2,22,1,Monday,2011-05-30,4.87,4.87,4.87,4.87,300.0,1306713600.0,SIDEWAY
DC2,2011,5,31,2,22,2,Tuesday,2011-05-31,5.21,5.21,4.64,5.15,3000.0,1306800000.0,DOWNTREND
DC2,2011,6,1,2,22,3,Wednesday,2011-06-01,5.26,5.26,4.98,5.26,1100.0,1306886400.0,SIDEWAY
DC2,2011,6,2,2,22,4,Thursday,2011-06-02,5.43,5.49,5.43,5.49,2700.0,1306972800.0,UPTREND
DC2,2011,6,3,2,22,5,Friday,2011-06-03,5.76,5.76,5.6,5.6,1700.0,1307059200.0,DOWNTREND
DC2,2011,6,6,2,23,1,Monday,2011-06-06,5.93,5.99,5.93,5.99,300.0,1307318400.0,UPTREND
DC2,2011,6,7,2,23,2,Tuesday,2011-06-07,6.21,6.21,5.6,5.6,9100.0,1307404800.0,DOWNTREND
DC2,2011,6,8,2,23,3,Wednesday,2011-06-08,5.99,5.99,5.26,5.88,23000.0,1307491200.0,DOWNTREND
DC2,2011,6,9,2,23,4,Thursday,2011-06-09,5.54,5.54,5.26,5.26,2100.0,1307577600.0,DOWNTREND
DC2,2011,6,10,2,23,5,Friday,2011-06-10,5.15,5.6,5.15,5.15,2700.0,1307664000.0,SIDEWAY
DC2,2011,6,13,2,24,1,Monday,2011-06-13,5.49,5.49,5.49,5.49,800.0,1307923200.0,SIDEWAY
DC2,2011,6,14,2,24,2,Tuesday,2011-06-14,5.82,5.82,5.54,5.6,2800.0,1308009600.0,DOWNTREND
DC2,2011,6,15,2,24,3,Wednesday,2011-06-15,5.32,5.32,5.26,5.26,6900.0,1308096000.0,DOWNTREND
DC2,2011,6,16,2,24,4,Thursday,2011-06-16,4.92,5.04,4.92,5.04,7000.0,1308182400.0,UPTREND
DC2,2011,6,17,2,24,5,Friday,2011-06-17,5.32,5.32,5.04,5.15,18500.0,1308268800.0,DOWNTREND
DC2,2011,6,20,2,25,1,Monday,2011-06-20,4.81,4.81,4.81,4.81,200.0,1308528000.0,SIDEWAY
DC2,2011,6,21,2,25,2,Tuesday,2011-06-21,4.53,5.15,4.53,5.15,1400.0,1308614400.0,UPTREND
DC2,2011,6,22,2,25,3,Wednesday,2011-06-22,4.76,4.76,4.7,4.7,4100.0,1308700800.0,DOWNTREND
DC2,2011,6,23,2,25,4,Thursday,2011-06-23,4.98,4.98,4.98,4.98,100.0,1308787200.0,SIDEWAY
DC2,2011,6,24,2,25,5,Friday,2011-06-24,5.26,5.26,5.26,5.26,200.0,1308873600.0,SIDEWAY
DC2,2011,6,27,2,26,1,Monday,2011-06-27,4.92,5.04,4.92,5.04,600.0,1309132800.0,UPTREND
DC2,2011,6,28,2,26,2,Tuesday,2011-06-28,5.04,5.04,5.04,5.04,6200.0,1309219200.0,SIDEWAY
DC2,2011,6,29,2,26,3,Wednesday,2011-06-29,4.92,4.92,4.7,4.7,4500.0,1309305600.0,DOWNTREND
DC2,2011,6,30,2,26,4,Thursday,2011-06-30,4.76,4.76,4.76,4.76,3100.0,1309392000.0,SIDEWAY
DC2,2011,7,1,3,26,5,Friday,2011-07-01,4.48,4.59,4.48,4.59,1200.0,1309478400.0,UPTREND
DC2,2011,7,4,3,27,1,Monday,2011-07-04,4.53,4.59,4.53,4.59,6300.0,1309737600.0,UPTREND
DC2,2011,7,5,3,27,2,Tuesday,2011-07-05,4.87,4.87,4.87,4.87,500.0,1309824000.0,SIDEWAY
DC2,2011,7,6,3,27,3,Wednesday,2011-07-06,4.87,4.87,4.87,4.87,5000.0,1309910400.0,SIDEWAY
DC2,2011,7,7,3,27,4,Thursday,2011-07-07,4.87,4.87,4.87,4.87,5000.0,1309996800.0,SIDEWAY
DC2,2011,7,8,3,27,5,Friday,2011-07-08,4.76,4.76,4.76,4.76,10000.0,1310083200.0,SIDEWAY
DC2,2011,7,11,3,28,1,Monday,2011-07-11,4.59,4.59,4.59,4.59,200.0,1310342400.0,SIDEWAY
DC2,2011,7,13,3,28,3,Wednesday,2011-07-13,4.76,4.81,4.76,4.76,1200.0,1310515200.0,SIDEWAY
DC2,2011,7,14,3,28,4,Thursday,2011-07-14,4.76,4.76,4.76,4.76,200.0,1310601600.0,SIDEWAY
DC2,2011,7,15,3,28,5,Friday,2011-07-15,4.48,4.48,4.48,4.48,200.0,1310688000.0,SIDEWAY
DC2,2011,7,18,3,29,1,Monday,2011-07-18,4.25,4.42,4.2,4.42,7000.0,1310947200.0,UPTREND
DC2,2011,7,19,3,29,2,Tuesday,2011-07-19,4.31,4.31,4.03,4.08,5500.0,1311033600.0,DOWNTREND
DC2,2011,7,20,3,29,3,Wednesday,2011-07-20,3.92,4.03,3.92,4.03,1000.0,1311120000.0,UPTREND
DC2,2011,7,21,3,29,4,Thursday,2011-07-21,3.75,4.25,3.75,4.25,1000.0,1311206400.0,UPTREND
DC2,2011,7,22,3,29,5,Friday,2011-07-22,3.92,4.25,3.92,4.25,700.0,1311292800.0,UPTREND
DC2,2011,7,25,3,30,1,Monday,2011-07-25,3.92,4.37,3.92,4.37,1600.0,1311552000.0,UPTREND
DC2,2011,7,26,3,30,2,Tuesday,2011-07-26,4.53,4.53,4.25,4.31,3600.0,1311638400.0,DOWNTREND
DC2,2011,7,27,3,30,3,Wednesday,2011-07-27,4.25,4.25,4.25,4.25,5000.0,1311724800.0,SIDEWAY
DC2,2011,7,28,3,30,4,Thursday,2011-07-28,4.25,4.25,4.25,4.25,5000.0,1311811200.0,SIDEWAY
DC2,2011,7,29,3,30,5,Friday,2011-07-29,3.97,4.48,3.97,4.25,6100.0,1311897600.0,UPTREND
DC2,2011,8,1,3,31,1,Monday,2011-08-01,4.2,4.2,4.2,4.2,600.0,1312156800.0,SIDEWAY
DC2,2011,8,2,3,31,2,Tuesday,2011-08-02,4.2,4.2,4.2,4.2,200.0,1312243200.0,SIDEWAY
DC2,2011,8,3,3,31,3,Wednesday,2011-08-03,4.2,4.2,4.2,4.2,2400.0,1312329600.0,SIDEWAY
DC2,2011,8,4,3,31,4,Thursday,2011-08-04,4.2,4.31,4.2,4.31,5500.0,1312416000.0,UPTREND
DC2,2011,8,5,3,31,5,Friday,2011-08-05,4.2,4.2,4.2,4.2,5000.0,1312502400.0,SIDEWAY
DC2,2011,8,9,3,32,2,Tuesday,2011-08-09,4.08,4.08,4.08,4.08,100.0,1312848000.0,SIDEWAY
DC2,2011,8,12,3,32,5,Friday,2011-08-12,4.31,4.31,4.31,4.31,100.0,1313107200.0,SIDEWAY
DC2,2011,8,15,3,33,1,Monday,2011-08-15,4.48,4.48,4.48,4.48,100.0,1313366400.0,SIDEWAY
DC2,2011,8,17,3,33,3,Wednesday,2011-08-17,4.2,4.2,4.2,4.2,1800.0,1313539200.0,SIDEWAY
DC2,2011,8,18,3,33,4,Thursday,2011-08-18,4.2,4.2,4.2,4.2,600.0,1313625600.0,SIDEWAY
DC2,2011,8,19,3,33,5,Friday,2011-08-19,4.2,4.2,4.2,4.2,200.0,1313712000.0,SIDEWAY
DC2,2011,8,23,3,34,2,Tuesday,2011-08-23,4.37,4.37,4.2,4.2,300.0,1314057600.0,DOWNTREND
DC2,2011,8,24,3,34,3,Wednesday,2011-08-24,4.42,4.42,4.42,4.42,100.0,1314144000.0,SIDEWAY
DC2,2011,8,25,3,34,4,Thursday,2011-08-25,4.64,4.64,4.64,4.64,100.0,1314230400.0,SIDEWAY
DC2,2011,8,29,3,35,1,Monday,2011-08-29,4.76,4.76,4.76,4.76,100.0,1314576000.0,SIDEWAY
DC2,2011,8,31,3,35,3,Wednesday,2011-08-31,4.76,4.76,4.76,4.76,600.0,1314748800.0,SIDEWAY
DC2,2011,9,5,3,36,1,Monday,2011-09-05,5.04,5.04,4.98,5.04,3200.0,1315180800.0,SIDEWAY
DC2,2011,9,6,3,36,2,Tuesday,2011-09-06,5.37,5.37,5.37,5.37,100.0,1315267200.0,SIDEWAY
DC2,2011,9,8,3,36,4,Thursday,2011-09-08,5.54,5.54,5.04,5.26,600.0,1315440000.0,DOWNTREND
DC2,2011,9,13,3,37,2,Tuesday,2011-09-13,4.92,4.92,4.92,4.92,7000.0,1315872000.0,SIDEWAY
DC2,2011,9,14,3,37,3,Wednesday,2011-09-14,4.7,4.7,4.59,4.59,29900.0,1315958400.0,DOWNTREND
DC2,2011,9,16,3,37,5,Friday,2011-09-16,4.31,4.31,4.31,4.31,4100.0,1316131200.0,SIDEWAY
DC2,2011,9,19,3,38,1,Monday,2011-09-19,4.2,4.2,4.2,4.2,300.0,1316390400.0,SIDEWAY
DC2,2011,9,20,3,38,2,Tuesday,2011-09-20,4.03,4.48,4.03,4.48,3100.0,1316476800.0,UPTREND
DC2,2011,9,21,3,38,3,Wednesday,2011-09-21,4.37,4.37,4.37,4.37,1300.0,1316563200.0,SIDEWAY
DC2,2011,9,22,3,38,4,Thursday,2011-09-22,4.42,4.42,4.25,4.42,2200.0,1316649600.0,SIDEWAY
DC2,2011,9,26,3,39,1,Monday,2011-09-26,4.2,4.2,4.2,4.2,2500.0,1316995200.0,SIDEWAY
DC2,2011,9,28,3,39,3,Wednesday,2011-09-28,4.2,4.2,4.2,4.2,1500.0,1317168000.0,SIDEWAY
DC2,2011,10,3,4,40,1,Monday,2011-10-03,4.2,4.2,4.2,4.2,1600.0,1317600000.0,SIDEWAY
DC2,2011,10,5,4,40,3,Wednesday,2011-10-05,4.48,4.48,4.48,4.48,100.0,1317772800.0,SIDEWAY
DC2,2011,10,6,4,40,4,Thursday,2011-10-06,4.25,4.25,4.2,4.2,600.0,1317859200.0,DOWNTREND
DC2,2011,10,7,4,40,5,Friday,2011-10-07,4.53,4.53,4.48,4.48,300.0,1317945600.0,DOWNTREND
DC2,2011,10,10,4,41,1,Monday,2011-10-10,4.2,4.2,4.2,4.2,3100.0,1318204800.0,SIDEWAY
DC2,2011,10,12,4,41,3,Wednesday,2011-10-12,4.2,4.2,4.2,4.2,2000.0,1318377600.0,SIDEWAY
DC2,2011,10,13,4,41,4,Thursday,2011-10-13,4.2,4.2,4.2,4.2,1000.0,1318464000.0,SIDEWAY
DC2,2011,10,14,4,41,5,Friday,2011-10-14,4.2,4.2,4.2,4.2,1000.0,1318550400.0,SIDEWAY
DC2,2011,10,17,4,42,1,Monday,2011-10-17,3.92,3.92,3.92,3.92,100.0,1318809600.0,SIDEWAY
DC2,2011,10,19,4,42,3,Wednesday,2011-10-19,4.14,4.14,4.14,4.14,400.0,1318982400.0,SIDEWAY
DC2,2011,10,24,4,43,1,Monday,2011-10-24,4.2,4.2,3.86,3.86,3500.0,1319414400.0,DOWNTREND
DC2,2011,10,26,4,43,3,Wednesday,2011-10-26,4.03,4.03,3.97,3.97,1400.0,1319587200.0,DOWNTREND
DC2,2011,10,27,4,43,4,Thursday,2011-10-27,4.03,4.03,4.03,4.03,900.0,1319673600.0,SIDEWAY
DC2,2011,10,28,4,43,5,Friday,2011-10-28,4.31,4.31,4.31,4.31,100.0,1319760000.0,SIDEWAY
DC2,2011,10,31,4,44,1,Monday,2011-10-31,4.48,4.48,4.48,4.48,100.0,1320019200.0,SIDEWAY
DC2,2011,11,2,4,44,3,Wednesday,2011-11-02,4.2,4.2,4.2,4.2,1000.0,1320192000.0,SIDEWAY
DC2,2011,11,3,4,44,4,Thursday,2011-11-03,4.2,4.2,3.92,3.92,3000.0,1320278400.0,DOWNTREND
DC2,2011,11,4,4,44,5,Friday,2011-11-04,3.92,3.92,3.75,3.81,2000.0,1320364800.0,DOWNTREND
DC2,2011,11,7,4,45,1,Monday,2011-11-07,3.81,3.81,3.81,3.81,1800.0,1320624000.0,SIDEWAY
DC2,2011,11,9,4,45,3,Wednesday,2011-11-09,3.92,3.92,3.92,3.92,200.0,1320796800.0,SIDEWAY
DC2,2011,11,10,4,45,4,Thursday,2011-11-10,3.92,3.92,3.92,3.92,1300.0,1320883200.0,SIDEWAY
DC2,2011,11,14,4,46,1,Monday,2011-11-14,3.81,3.81,3.81,3.81,6500.0,1321228800.0,SIDEWAY
DC2,2011,11,15,4,46,2,Tuesday,2011-11-15,3.81,3.81,3.81,3.81,900.0,1321315200.0,SIDEWAY
DC2,2011,11,17,4,46,4,Thursday,2011-11-17,3.97,3.97,3.97,3.97,200.0,1321488000.0,SIDEWAY
DC2,2011,11,24,4,47,4,Thursday,2011-11-24,3.92,3.92,3.92,3.92,500.0,1322092800.0,SIDEWAY
DC2,2011,11,25,4,47,5,Friday,2011-11-25,3.69,3.69,3.69,3.69,3300.0,1322179200.0,SIDEWAY
DC2,2011,11,28,4,48,1,Monday,2011-11-28,3.47,3.47,3.47,3.47,2800.0,1322438400.0,SIDEWAY
DC2,2011,11,29,4,48,2,Tuesday,2011-11-29,3.25,3.58,3.25,3.58,8300.0,1322524800.0,UPTREND
DC2,2011,12,1,4,48,4,Thursday,2011-12-01,3.25,3.47,3.25,3.47,3200.0,1322697600.0,UPTREND
DC2,2011,12,2,4,48,5,Friday,2011-12-02,3.19,3.64,3.19,3.64,300.0,1322784000.0,UPTREND
DC2,2011,12,5,4,49,1,Monday,2011-12-05,3.25,3.69,3.25,3.69,300.0,1323043200.0,UPTREND
DC2,2011,12,6,4,49,2,Tuesday,2011-12-06,3.36,3.53,3.3,3.53,2900.0,1323129600.0,UPTREND
DC2,2011,12,7,4,49,3,Wednesday,2011-12-07,3.47,3.47,3.47,3.47,100.0,1323216000.0,SIDEWAY
DC2,2011,12,8,4,49,4,Thursday,2011-12-08,3.53,3.53,3.53,3.53,300.0,1323302400.0,SIDEWAY
DC2,2011,12,9,4,49,5,Friday,2011-12-09,3.36,3.69,3.36,3.69,200.0,1323388800.0,UPTREND
DC2,2011,12,12,4,50,1,Monday,2011-12-12,3.53,3.53,3.53,3.53,900.0,1323648000.0,SIDEWAY
DC2,2011,12,13,4,50,2,Tuesday,2011-12-13,3.69,3.69,3.69,3.69,100.0,1323734400.0,SIDEWAY
DC2,2011,12,14,4,50,3,Wednesday,2011-12-14,3.86,3.86,3.86,3.86,100.0,1323820800.0,SIDEWAY
DC2,2011,12,16,4,50,5,Friday,2011-12-16,3.92,3.92,3.92,3.92,700.0,1323993600.0,SIDEWAY
DC2,2011,12,19,4,51,1,Monday,2011-12-19,3.92,3.92,3.92,3.92,1000.0,1324252800.0,SIDEWAY
DC2,2011,12,21,4,51,3,Wednesday,2011-12-21,3.92,3.92,3.92,3.92,400.0,1324425600.0,SIDEWAY
DC2,2011,12,28,4,52,3,Wednesday,2011-12-28,3.75,3.75,3.75,3.75,200.0,1325030400.0,SIDEWAY
DC2,2011,12,29,4,52,4,Thursday,2011-12-29,3.69,3.69,3.69,3.69,1000.0,1325116800.0,SIDEWAY
DC2,2011,12,30,4,52,5,Friday,2011-12-30,3.47,3.47,3.47,3.47,1000.0,1325203200.0,SIDEWAY
DC2,2012,1,3,1,1,2,Tuesday,2012-01-03,3.69,3.69,3.69,3.69,100.0,1325548800.0,SIDEWAY
DC2,2012,1,4,1,1,3,Wednesday,2012-01-04,3.81,3.81,3.81,3.81,100.0,1325635200.0,SIDEWAY
DC2,2012,1,5,1,1,4,Thursday,2012-01-05,3.58,3.58,3.58,3.58,1000.0,1325721600.0,SIDEWAY
DC2,2012,1,6,1,1,5,Friday,2012-01-06,3.47,3.47,3.47,3.47,700.0,1325808000.0,SIDEWAY
DC2,2012,1,9,1,2,1,Monday,2012-01-09,3.47,3.47,3.47,3.47,1500.0,1326067200.0,SIDEWAY
DC2,2012,1,11,1,2,3,Wednesday,2012-01-11,3.69,3.69,3.69,3.69,1900.0,1326240000.0,SIDEWAY
DC2,2012,1,12,1,2,4,Thursday,2012-01-12,3.86,3.86,3.86,3.86,100.0,1326326400.0,SIDEWAY
DC2,2012,1,19,1,3,4,Thursday,2012-01-19,3.69,3.69,3.69,3.69,3600.0,1326931200.0,SIDEWAY
DC2,2012,1,30,1,5,1,Monday,2012-01-30,3.92,3.92,3.92,3.92,100.0,1327881600.0,SIDEWAY
DC2,2012,1,31,1,5,2,Tuesday,2012-01-31,4.14,4.14,4.14,4.14,100.0,1327968000.0,SIDEWAY
DC2,2012,2,1,1,5,3,Wednesday,2012-02-01,4.37,4.37,4.37,4.37,100.0,1328054400.0,SIDEWAY
DC2,2012,2,8,1,6,3,Wednesday,2012-02-08,4.08,4.25,4.08,4.25,1100.0,1328659200.0,UPTREND
DC2,2012,2,9,1,6,4,Thursday,2012-02-09,3.97,3.97,3.97,3.97,100.0,1328745600.0,SIDEWAY
DC2,2012,2,10,1,6,5,Friday,2012-02-10,3.75,3.75,3.75,3.75,1900.0,1328832000.0,SIDEWAY
DC2,2012,2,14,1,7,2,Tuesday,2012-02-14,3.53,3.53,3.53,3.53,4800.0,1329177600.0,SIDEWAY
DC2,2012,2,17,1,7,5,Friday,2012-02-17,3.75,3.75,3.75,3.75,100.0,1329436800.0,SIDEWAY
DC2,2012,2,20,1,8,1,Monday,2012-02-20,3.97,3.97,3.97,3.97,100.0,1329696000.0,SIDEWAY
DC2,2012,2,21,1,8,2,Tuesday,2012-02-21,4.14,4.14,4.14,4.14,100.0,1329782400.0,SIDEWAY
DC2,2012,2,23,1,8,4,Thursday,2012-02-23,3.92,3.92,3.86,3.86,4200.0,1329955200.0,DOWNTREND
DC2,2012,2,27,1,9,1,Monday,2012-02-27,3.92,3.92,3.92,3.92,2200.0,1330300800.0,SIDEWAY
DC2,2012,2,28,1,9,2,Tuesday,2012-02-28,3.92,3.92,3.92,3.92,700.0,1330387200.0,SIDEWAY
DC2,2012,3,1,1,9,4,Thursday,2012-03-01,3.92,3.92,3.92,3.92,7900.0,1330560000.0,SIDEWAY
DC2,2012,3,2,1,9,5,Friday,2012-03-02,3.92,3.92,3.69,3.69,9400.0,1330646400.0,DOWNTREND
DC2,2012,3,5,1,10,1,Monday,2012-03-05,3.97,3.97,3.86,3.97,11800.0,1330905600.0,SIDEWAY
DC2,2012,3,6,1,10,2,Tuesday,2012-03-06,4.03,4.03,4.03,4.03,9500.0,1330992000.0,SIDEWAY
DC2,2012,3,7,1,10,3,Wednesday,2012-03-07,4.08,4.31,4.08,4.31,23800.0,1331078400.0,UPTREND
DC2,2012,3,8,1,10,4,Thursday,2012-03-08,4.48,4.53,4.42,4.53,4700.0,1331164800.0,UPTREND
DC2,2012,3,9,1,10,5,Friday,2012-03-09,4.53,4.53,4.53,4.53,2900.0,1331251200.0,SIDEWAY
DC2,2012,3,12,1,11,1,Monday,2012-03-12,4.25,4.25,4.25,4.25,100.0,1331510400.0,SIDEWAY
DC2,2012,3,13,1,11,2,Tuesday,2012-03-13,4.03,4.03,4.03,4.03,200.0,1331596800.0,SIDEWAY
DC2,2012,3,14,1,11,3,Wednesday,2012-03-14,4.03,4.03,4.03,4.03,100.0,1331683200.0,SIDEWAY
DC2,2012,3,15,1,11,4,Thursday,2012-03-15,4.31,4.31,4.31,4.31,100.0,1331769600.0,SIDEWAY
DC2,2012,3,16,1,11,5,Friday,2012-03-16,4.03,4.03,4.03,4.03,900.0,1331856000.0,SIDEWAY
DC2,2012,3,21,1,12,3,Wednesday,2012-03-21,4.25,4.25,4.2,4.2,1000.0,1332288000.0,DOWNTREND
DC2,2012,3,22,1,12,4,Thursday,2012-03-22,4.08,4.08,4.08,4.08,2000.0,1332374400.0,SIDEWAY
DC2,2012,3,23,1,12,5,Friday,2012-03-23,4.37,4.37,4.37,4.37,100.0,1332460800.0,SIDEWAY
DC2,2012,3,26,1,13,1,Monday,2012-03-26,4.25,4.48,4.25,4.25,700.0,1332720000.0,SIDEWAY
DC2,2012,3,27,1,13,2,Tuesday,2012-03-27,4.53,4.53,4.53,4.53,11000.0,1332806400.0,SIDEWAY
DC2,2012,3,28,1,13,3,Wednesday,2012-03-28,4.25,4.25,4.25,4.25,3000.0,1332892800.0,SIDEWAY
DC2,2012,3,29,1,13,4,Thursday,2012-03-29,4.25,4.25,4.25,4.25,2000.0,1332979200.0,SIDEWAY
DC2,2012,3,30,1,13,5,Friday,2012-03-30,4.25,4.25,4.08,4.08,2400.0,1333065600.0,DOWNTREND
DC2,2012,4,4,2,14,3,Wednesday,2012-04-04,4.08,4.08,4.08,4.08,1000.0,1333497600.0,SIDEWAY
DC2,2012,4,5,2,14,4,Thursday,2012-04-05,4.08,4.08,4.08,4.08,2000.0,1333584000.0,SIDEWAY
DC2,2012,4,6,2,14,5,Friday,2012-04-06,4.08,4.08,4.03,4.03,2500.0,1333670400.0,DOWNTREND
DC2,2012,4,9,2,15,1,Monday,2012-04-09,4.31,4.31,4.2,4.31,6000.0,1333929600.0,SIDEWAY
DC2,2012,4,10,2,15,2,Tuesday,2012-04-10,4.48,4.59,4.48,4.53,6200.0,1334016000.0,UPTREND
DC2,2012,4,11,2,15,3,Wednesday,2012-04-11,4.76,4.81,4.76,4.81,8500.0,1334102400.0,UPTREND
DC2,2012,4,12,2,15,4,Thursday,2012-04-12,5.04,5.15,4.92,5.04,10600.0,1334188800.0,SIDEWAY
DC2,2012,4,13,2,15,5,Friday,2012-04-13,4.98,4.98,4.98,4.98,400.0,1334275200.0,SIDEWAY
DC2,2012,4,16,2,16,1,Monday,2012-04-16,4.87,5.26,4.81,5.26,4100.0,1334534400.0,UPTREND
DC2,2012,4,17,2,16,2,Tuesday,2012-04-17,5.43,5.43,5.43,5.43,100.0,1334620800.0,SIDEWAY
DC2,2012,4,18,2,16,3,Wednesday,2012-04-18,5.32,5.32,5.09,5.09,4500.0,1334707200.0,DOWNTREND
DC2,2012,4,19,2,16,4,Thursday,2012-04-19,5.15,5.15,5.04,5.04,1000.0,1334793600.0,DOWNTREND
DC2,2012,4,20,2,16,5,Friday,2012-04-20,4.98,4.98,4.98,4.98,300.0,1334880000.0,SIDEWAY
DC2,2012,4,23,2,17,1,Monday,2012-04-23,4.64,4.98,4.64,4.98,10600.0,1335139200.0,UPTREND
DC2,2012,4,24,2,17,2,Tuesday,2012-04-24,4.64,4.92,4.64,4.92,32200.0,1335225600.0,UPTREND
DC2,2012,4,25,2,17,3,Wednesday,2012-04-25,4.76,5.04,4.76,4.98,57500.0,1335312000.0,UPTREND
DC2,2012,4,26,2,17,4,Thursday,2012-04-26,4.92,4.92,4.87,4.87,5400.0,1335398400.0,DOWNTREND
DC2,2012,4,27,2,17,5,Friday,2012-04-27,4.92,5.15,4.92,5.15,1000.0,1335484800.0,UPTREND
DC2,2012,5,2,2,18,3,Wednesday,2012-05-02,4.98,5.32,4.98,5.32,1200.0,1335916800.0,UPTREND
DC2,2012,5,3,2,18,4,Thursday,2012-05-03,5.04,5.04,4.98,4.98,1000.0,1336003200.0,DOWNTREND
DC2,2012,5,4,2,18,5,Friday,2012-05-04,4.87,5.32,4.76,5.32,49600.0,1336089600.0,UPTREND
DC2,2012,5,7,2,19,1,Monday,2012-05-07,5.65,5.65,5.6,5.6,34000.0,1336348800.0,DOWNTREND
DC2,2012,5,9,2,19,3,Wednesday,2012-05-09,5.76,5.76,5.54,5.6,14000.0,1336521600.0,DOWNTREND
DC2,2012,5,10,2,19,4,Thursday,2012-05-10,5.54,5.6,5.43,5.6,5600.0,1336608000.0,UPTREND
DC2,2012,5,11,2,19,5,Friday,2012-05-11,5.54,5.65,5.37,5.37,26900.0,1336694400.0,DOWNTREND
DC2,2012,5,14,2,20,1,Monday,2012-05-14,5.6,5.6,5.09,5.09,7400.0,1336953600.0,DOWNTREND
DC2,2012,5,16,2,20,3,Wednesday,2012-05-16,5.32,5.32,5.32,5.32,100.0,1337126400.0,SIDEWAY
DC2,2012,5,17,2,20,4,Thursday,2012-05-17,5.37,5.37,4.98,4.98,10800.0,1337212800.0,DOWNTREND
DC2,2012,5,18,2,20,5,Friday,2012-05-18,5.26,5.26,5.26,5.26,100.0,1337299200.0,SIDEWAY
DC2,2012,5,21,2,21,1,Monday,2012-05-21,5.6,5.6,5.6,5.6,200.0,1337558400.0,SIDEWAY
DC2,2012,5,22,2,21,2,Tuesday,2012-05-22,5.6,5.6,5.6,5.6,100.0,1337644800.0,SIDEWAY
DC2,2012,5,23,2,21,3,Wednesday,2012-05-23,5.71,5.71,5.71,5.71,100.0,1337731200.0,SIDEWAY
DC2,2012,5,28,2,22,1,Monday,2012-05-28,5.71,5.71,5.32,5.6,300.0,1338163200.0,DOWNTREND
DC2,2012,5,29,2,22,2,Tuesday,2012-05-29,5.26,5.37,5.21,5.37,1700.0,1338249600.0,UPTREND
DC2,2012,5,30,2,22,3,Wednesday,2012-05-30,5.04,5.54,5.04,5.54,700.0,1338336000.0,UPTREND
DC2,2012,6,7,2,23,4,Thursday,2012-06-07,5.21,5.43,5.21,5.43,200.0,1339027200.0,UPTREND
DC2,2012,6,11,2,24,1,Monday,2012-06-11,5.37,5.37,5.37,5.37,200.0,1339372800.0,SIDEWAY
DC2,2012,6,12,2,24,2,Tuesday,2012-06-12,5.37,5.71,5.09,5.09,16500.0,1339459200.0,DOWNTREND
DC2,2012,6,13,2,24,3,Wednesday,2012-06-13,5.04,5.15,4.76,5.15,1600.0,1339545600.0,UPTREND
DC2,2012,6,14,2,24,4,Thursday,2012-06-14,5.15,5.15,5.15,5.15,2000.0,1339632000.0,SIDEWAY
DC2,2012,6,15,2,24,5,Friday,2012-06-15,5.21,5.21,5.04,5.15,2500.0,1339718400.0,DOWNTREND
DC2,2012,6,18,2,25,1,Monday,2012-06-18,5.32,5.32,5.32,5.32,100.0,1339977600.0,SIDEWAY
DC2,2012,6,19,2,25,2,Tuesday,2012-06-19,5.04,5.15,5.04,5.15,1000.0,1340064000.0,UPTREND
DC2,2012,6,20,2,25,3,Wednesday,2012-06-20,5.04,5.15,5.04,5.15,700.0,1340150400.0,UPTREND
DC2,2012,6,21,2,25,4,Thursday,2012-06-21,5.15,5.21,5.15,5.15,2500.0,1340236800.0,SIDEWAY
DC2,2012,6,25,2,26,1,Monday,2012-06-25,4.81,4.81,4.81,4.81,100.0,1340582400.0,SIDEWAY
DC2,2012,6,26,2,26,2,Tuesday,2012-06-26,5.04,5.09,5.04,5.09,1000.0,1340668800.0,UPTREND
DC2,2012,6,27,2,26,3,Wednesday,2012-06-27,4.87,5.04,4.87,4.92,2000.0,1340755200.0,UPTREND
DC2,2012,6,28,2,26,4,Thursday,2012-06-28,4.7,4.87,4.7,4.87,1000.0,1340841600.0,UPTREND
DC2,2012,6,29,2,26,5,Friday,2012-06-29,4.87,5.21,4.87,5.21,2400.0,1340928000.0,UPTREND
DC2,2012,7,2,3,27,1,Monday,2012-07-02,5.49,5.49,5.21,5.26,2800.0,1341187200.0,DOWNTREND
DC2,2012,7,3,3,27,2,Tuesday,2012-07-03,5.26,5.32,5.21,5.21,1100.0,1341273600.0,DOWNTREND
DC2,2012,7,4,3,27,3,Wednesday,2012-07-04,5.21,5.21,5.21,5.21,200.0,1341360000.0,SIDEWAY
DC2,2012,7,5,3,27,4,Thursday,2012-07-05,5.15,5.15,4.98,5.15,1800.0,1341446400.0,SIDEWAY
DC2,2012,7,6,3,27,5,Friday,2012-07-06,5.04,5.09,4.87,5.09,1700.0,1341532800.0,UPTREND
DC2,2012,7,10,3,28,2,Tuesday,2012-07-10,5.15,5.26,5.15,5.26,8900.0,1341878400.0,UPTREND
DC2,2012,7,11,3,28,3,Wednesday,2012-07-11,5.54,5.54,5.21,5.21,6100.0,1341964800.0,DOWNTREND
DC2,2012,7,12,3,28,4,Thursday,2012-07-12,5.21,5.21,5.09,5.21,3900.0,1342051200.0,SIDEWAY
DC2,2012,7,13,3,28,5,Friday,2012-07-13,5.21,5.32,5.21,5.32,1200.0,1342137600.0,UPTREND
DC2,2012,7,16,3,29,1,Monday,2012-07-16,4.93,4.93,4.93,4.93,100.0,1342396800.0,SIDEWAY
DC2,2012,7,17,3,29,2,Tuesday,2012-07-17,5.13,5.13,5.13,5.13,400.0,1342483200.0,SIDEWAY
DC2,2012,7,18,3,29,3,Wednesday,2012-07-18,5.19,5.19,5.19,5.19,100.0,1342569600.0,SIDEWAY
DC2,2012,7,19,3,29,4,Thursday,2012-07-19,4.99,4.99,4.86,4.99,700.0,1342656000.0,SIDEWAY
DC2,2012,7,20,3,29,5,Friday,2012-07-20,4.93,5.19,4.93,5.19,5100.0,1342742400.0,UPTREND
DC2,2012,7,24,3,30,2,Tuesday,2012-07-24,4.99,4.99,4.86,4.86,1100.0,1343088000.0,DOWNTREND
DC2,2012,7,25,3,30,3,Wednesday,2012-07-25,4.86,4.99,4.53,4.53,2500.0,1343174400.0,DOWNTREND
DC2,2012,7,26,3,30,4,Thursday,2012-07-26,4.66,4.86,4.66,4.86,600.0,1343260800.0,UPTREND
DC2,2012,7,27,3,30,5,Friday,2012-07-27,4.93,4.93,4.93,4.93,600.0,1343347200.0,SIDEWAY
DC2,2012,7,31,3,31,2,Tuesday,2012-07-31,4.59,5.26,4.59,5.26,400.0,1343692800.0,UPTREND
DC2,2012,8,2,3,31,4,Thursday,2012-08-02,4.99,4.99,4.99,4.99,1000.0,1343865600.0,SIDEWAY
DC2,2012,8,7,3,32,2,Tuesday,2012-08-07,4.99,4.99,4.99,4.99,11300.0,1344297600.0,SIDEWAY
DC2,2012,8,8,3,32,3,Wednesday,2012-08-08,4.99,4.99,4.99,4.99,300.0,1344384000.0,SIDEWAY
DC2,2012,8,9,3,32,4,Thursday,2012-08-09,4.66,4.99,4.66,4.99,4200.0,1344470400.0,UPTREND
DC2,2012,8,10,3,32,5,Friday,2012-08-10,4.99,4.99,4.99,4.99,2200.0,1344556800.0,SIDEWAY
DC2,2012,8,14,3,33,2,Tuesday,2012-08-14,4.93,4.93,4.93,4.93,3000.0,1344902400.0,SIDEWAY
DC2,2012,8,15,3,33,3,Wednesday,2012-08-15,4.93,4.93,4.93,4.93,1300.0,1344988800.0,SIDEWAY
DC2,2012,8,16,3,33,4,Thursday,2012-08-16,4.73,4.86,4.73,4.86,7000.0,1345075200.0,UPTREND
DC2,2012,8,17,3,33,5,Friday,2012-08-17,4.86,4.86,4.86,4.86,200.0,1345161600.0,SIDEWAY
DC2,2012,8,21,3,34,2,Tuesday,2012-08-21,4.66,4.66,4.53,4.53,2300.0,1345507200.0,DOWNTREND
DC2,2012,8,22,3,34,3,Wednesday,2012-08-22,4.79,4.79,4.79,4.79,100.0,1345593600.0,SIDEWAY
DC2,2012,8,24,3,34,5,Friday,2012-08-24,4.66,4.66,4.66,4.66,500.0,1345766400.0,SIDEWAY
DC2,2012,8,27,3,35,1,Monday,2012-08-27,4.39,4.39,4.39,4.39,1000.0,1346025600.0,SIDEWAY
DC2,2012,8,28,3,35,2,Tuesday,2012-08-28,4.33,4.66,4.33,4.66,400.0,1346112000.0,UPTREND
DC2,2012,8,29,3,35,3,Wednesday,2012-08-29,4.66,4.66,4.66,4.66,7100.0,1346198400.0,SIDEWAY
DC2,2012,8,31,3,35,5,Friday,2012-08-31,4.59,4.59,4.59,4.59,1000.0,1346371200.0,SIDEWAY
DC2,2012,9,5,3,36,3,Wednesday,2012-09-05,4.53,4.53,4.33,4.33,1100.0,1346803200.0,DOWNTREND
DC2,2012,9,6,3,36,4,Thursday,2012-09-06,4.33,4.33,4.06,4.33,3300.0,1346889600.0,SIDEWAY
DC2,2012,9,7,3,36,5,Friday,2012-09-07,4.26,4.26,4.06,4.06,2200.0,1346976000.0,DOWNTREND
DC2,2012,9,10,3,37,1,Monday,2012-09-10,4.2,4.2,4.2,4.2,200.0,1347235200.0,SIDEWAY
DC2,2012,9,11,3,37,2,Tuesday,2012-09-11,4.13,4.39,4.06,4.39,700.0,1347321600.0,UPTREND
DC2,2012,9,12,3,37,3,Wednesday,2012-09-12,4.46,4.46,4.46,4.46,100.0,1347408000.0,SIDEWAY
DC2,2012,9,13,3,37,4,Thursday,2012-09-13,4.2,4.33,4.2,4.33,1100.0,1347494400.0,UPTREND
DC2,2012,9,14,3,37,5,Friday,2012-09-14,4.46,4.46,4.46,4.46,100.0,1347580800.0,SIDEWAY
DC2,2012,9,18,3,38,2,Tuesday,2012-09-18,4.33,4.46,4.2,4.46,2300.0,1347926400.0,UPTREND
DC2,2012,9,19,3,38,3,Wednesday,2012-09-19,4.33,4.33,4.33,4.33,400.0,1348012800.0,SIDEWAY
DC2,2012,9,20,3,38,4,Thursday,2012-09-20,4.06,4.06,4.06,4.06,800.0,1348099200.0,SIDEWAY
DC2,2012,9,24,3,39,1,Monday,2012-09-24,4.06,4.06,3.8,3.8,17300.0,1348444800.0,DOWNTREND
DC2,2012,9,25,3,39,2,Tuesday,2012-09-25,3.93,3.93,3.93,3.93,100.0,1348531200.0,SIDEWAY
DC2,2012,9,26,3,39,3,Wednesday,2012-09-26,4.0,4.2,4.0,4.2,1100.0,1348617600.0,UPTREND
DC2,2012,9,27,3,39,4,Thursday,2012-09-27,4.13,4.2,4.13,4.2,1300.0,1348704000.0,UPTREND
DC2,2012,10,1,4,40,1,Monday,2012-10-01,4.2,4.2,4.0,4.0,2900.0,1349049600.0,DOWNTREND
DC2,2012,10,2,4,40,2,Tuesday,2012-10-02,4.0,4.0,3.93,3.93,4100.0,1349136000.0,DOWNTREND
DC2,2012,10,4,4,40,4,Thursday,2012-10-04,4.0,4.0,3.66,3.66,17000.0,1349308800.0,DOWNTREND
DC2,2012,10,5,4,40,5,Friday,2012-10-05,3.86,3.86,3.86,3.86,100.0,1349395200.0,SIDEWAY
DC2,2012,10,8,4,41,1,Monday,2012-10-08,4.13,4.13,4.13,4.13,100.0,1349654400.0,SIDEWAY
DC2,2012,10,10,4,41,3,Wednesday,2012-10-10,4.0,4.0,4.0,4.0,2000.0,1349827200.0,SIDEWAY
DC2,2012,10,11,4,41,4,Thursday,2012-10-11,3.93,4.13,3.93,4.13,3100.0,1349913600.0,UPTREND
DC2,2012,10,12,4,41,5,Friday,2012-10-12,4.13,4.13,4.13,4.13,100.0,1350000000.0,SIDEWAY
DC2,2012,10,15,4,42,1,Monday,2012-10-15,4.13,4.39,4.0,4.0,3600.0,1350259200.0,DOWNTREND
DC2,2012,10,16,4,42,2,Tuesday,2012-10-16,4.13,4.13,4.13,4.13,100.0,1350345600.0,SIDEWAY
DC2,2012,10,18,4,42,4,Thursday,2012-10-18,4.2,4.2,4.2,4.2,100.0,1350518400.0,SIDEWAY
DC2,2012,10,19,4,42,5,Friday,2012-10-19,4.2,4.2,4.2,4.2,100.0,1350604800.0,SIDEWAY
DC2,2012,10,22,4,43,1,Monday,2012-10-22,3.93,4.13,3.93,4.13,3100.0,1350864000.0,UPTREND
DC2,2012,10,23,4,43,2,Tuesday,2012-10-23,4.39,4.39,4.39,4.39,100.0,1350950400.0,SIDEWAY
DC2,2012,10,25,4,43,4,Thursday,2012-10-25,4.13,4.13,4.13,4.13,100.0,1351123200.0,SIDEWAY
DC2,2012,10,29,4,44,1,Monday,2012-10-29,3.86,3.86,3.86,3.86,1000.0,1351468800.0,SIDEWAY
DC2,2012,10,31,4,44,3,Wednesday,2012-10-31,3.86,3.86,3.86,3.86,2000.0,1351641600.0,SIDEWAY
DC2,2012,11,2,4,44,5,Friday,2012-11-02,3.86,3.86,3.86,3.86,2000.0,1351814400.0,SIDEWAY
DC2,2012,11,6,4,45,2,Tuesday,2012-11-06,3.86,3.86,3.86,3.86,2000.0,1352160000.0,SIDEWAY
DC2,2012,11,7,4,45,3,Wednesday,2012-11-07,3.86,3.86,3.66,3.66,900.0,1352246400.0,DOWNTREND
DC2,2012,11,8,4,45,4,Thursday,2012-11-08,3.86,3.86,3.46,3.86,10200.0,1352332800.0,SIDEWAY
DC2,2012,11,9,4,45,5,Friday,2012-11-09,3.73,3.73,3.73,3.73,2000.0,1352419200.0,SIDEWAY
DC2,2012,11,20,4,47,2,Tuesday,2012-11-20,3.73,3.73,3.73,3.73,2000.0,1353369600.0,SIDEWAY
DC2,2012,11,21,4,47,3,Wednesday,2012-11-21,3.53,3.66,3.53,3.66,600.0,1353456000.0,UPTREND
DC2,2012,12,3,4,49,1,Monday,2012-12-03,3.6,3.6,3.46,3.46,1500.0,1354492800.0,DOWNTREND
DC2,2012,12,4,4,49,2,Tuesday,2012-12-04,3.6,3.6,3.6,3.6,100.0,1354579200.0,SIDEWAY
DC2,2012,12,5,4,49,3,Wednesday,2012-12-05,3.8,3.8,3.8,3.8,100.0,1354665600.0,SIDEWAY
DC2,2012,12,14,4,50,5,Friday,2012-12-14,3.73,3.73,3.73,3.73,2100.0,1355443200.0,SIDEWAY
DC2,2012,12,17,4,51,1,Monday,2012-12-17,3.73,3.73,3.73,3.73,600.0,1355702400.0,SIDEWAY
DC2,2012,12,20,4,51,4,Thursday,2012-12-20,3.73,3.73,3.73,3.73,3400.0,1355961600.0,SIDEWAY
DC2,2012,12,21,4,51,5,Friday,2012-12-21,3.73,3.73,3.73,3.73,2100.0,1356048000.0,SIDEWAY
DC2,2012,12,24,4,52,1,Monday,2012-12-24,3.53,3.8,3.53,3.8,200.0,1356307200.0,UPTREND
DC2,2013,1,3,1,1,4,Thursday,2013-01-03,3.8,3.93,3.8,3.93,2500.0,1357171200.0,UPTREND
DC2,2013,1,7,1,2,1,Monday,2013-01-07,4.06,4.06,4.06,4.06,300.0,1357516800.0,SIDEWAY
DC2,2013,1,11,1,2,5,Friday,2013-01-11,4.06,4.26,4.06,4.26,800.0,1357862400.0,UPTREND
DC2,2013,1,14,1,3,1,Monday,2013-01-14,4.0,4.2,4.0,4.2,3400.0,1358121600.0,UPTREND
DC2,2013,1,15,1,3,2,Tuesday,2013-01-15,3.86,3.86,3.86,3.86,100.0,1358208000.0,SIDEWAY
DC2,2013,1,16,1,3,3,Wednesday,2013-01-16,4.13,4.13,4.13,4.13,100.0,1358294400.0,SIDEWAY
DC2,2013,1,18,1,3,5,Friday,2013-01-18,3.8,3.8,3.8,3.8,500.0,1358467200.0,SIDEWAY
DC2,2013,1,21,1,4,1,Monday,2013-01-21,4.0,4.13,3.66,4.13,600.0,1358726400.0,UPTREND
DC2,2013,1,25,1,4,5,Friday,2013-01-25,3.8,4.0,3.46,3.46,1200.0,1359072000.0,DOWNTREND
DC2,2013,1,28,1,5,1,Monday,2013-01-28,3.66,3.66,3.66,3.66,100.0,1359331200.0,SIDEWAY
DC2,2013,1,29,1,5,2,Tuesday,2013-01-29,3.8,3.8,3.8,3.8,100.0,1359417600.0,SIDEWAY
DC2,2013,1,30,1,5,3,Wednesday,2013-01-30,3.66,3.66,3.66,3.66,100.0,1359504000.0,SIDEWAY
DC2,2013,1,31,1,5,4,Thursday,2013-01-31,3.8,3.8,3.8,3.8,100.0,1359590400.0,SIDEWAY
DC2,2013,2,1,1,5,5,Friday,2013-02-01,3.46,3.46,3.46,3.46,100.0,1359676800.0,SIDEWAY
DC2,2013,2,5,1,6,2,Tuesday,2013-02-05,3.73,3.73,3.6,3.6,1100.0,1360022400.0,DOWNTREND
DC2,2013,2,6,1,6,3,Wednesday,2013-02-06,3.73,3.73,3.73,3.73,200.0,1360108800.0,SIDEWAY
DC2,2013,2,7,1,6,4,Thursday,2013-02-07,4.06,4.06,4.06,4.06,100.0,1360195200.0,SIDEWAY
DC2,2013,2,8,1,6,5,Friday,2013-02-08,3.66,4.39,3.66,4.39,200.0,1360281600.0,UPTREND
DC2,2013,2,20,1,8,3,Wednesday,2013-02-20,4.13,4.13,4.13,4.13,2000.0,1361318400.0,SIDEWAY
DC2,2013,2,21,1,8,4,Thursday,2013-02-21,4.46,4.46,4.33,4.33,200.0,1361404800.0,DOWNTREND
DC2,2013,2,22,1,8,5,Friday,2013-02-22,4.73,4.73,4.73,4.73,100.0,1361491200.0,SIDEWAY
DC2,2013,2,25,1,9,1,Monday,2013-02-25,5.19,5.19,5.19,5.19,100.0,1361750400.0,SIDEWAY
DC2,2013,2,27,1,9,3,Wednesday,2013-02-27,4.73,4.73,4.73,4.73,100.0,1361923200.0,SIDEWAY
DC2,2013,3,1,1,9,5,Friday,2013-03-01,4.79,4.79,4.79,4.79,300.0,1362096000.0,SIDEWAY
DC2,2013,3,5,1,10,2,Tuesday,2013-03-05,4.33,4.33,4.33,4.33,200.0,1362441600.0,SIDEWAY
DC2,2013,3,19,1,12,2,Tuesday,2013-03-19,4.33,4.33,4.33,4.33,2000.0,1363651200.0,SIDEWAY
DC2,2013,3,21,1,12,4,Thursday,2013-03-21,4.26,4.26,4.26,4.26,1900.0,1363824000.0,SIDEWAY
DC2,2013,3,22,1,12,5,Friday,2013-03-22,4.33,4.33,4.33,4.33,700.0,1363910400.0,SIDEWAY
DC2,2013,3,27,1,13,3,Wednesday,2013-03-27,3.93,4.26,3.93,4.26,4300.0,1364342400.0,UPTREND
DC2,2013,3,28,1,13,4,Thursday,2013-03-28,4.0,4.2,4.0,4.2,1600.0,1364428800.0,UPTREND
DC2,2013,4,4,2,14,4,Thursday,2013-04-04,4.2,4.2,4.2,4.2,200.0,1365033600.0,SIDEWAY
DC2,2013,4,5,2,14,5,Friday,2013-04-05,4.2,4.2,4.2,4.2,100.0,1365120000.0,SIDEWAY
DC2,2013,4,9,2,15,2,Tuesday,2013-04-09,4.2,4.2,4.2,4.2,100.0,1365465600.0,SIDEWAY
DC2,2013,4,18,2,16,4,Thursday,2013-04-18,4.2,4.59,4.2,4.59,200.0,1366243200.0,UPTREND
DC2,2013,4,23,2,17,2,Tuesday,2013-04-23,4.39,4.39,4.39,4.39,200.0,1366675200.0,SIDEWAY
DC2,2013,4,24,2,17,3,Wednesday,2013-04-24,4.66,4.66,4.66,4.66,200.0,1366761600.0,SIDEWAY
DC2,2013,4,25,2,17,4,Thursday,2013-04-25,4.86,4.86,4.86,4.86,100.0,1366848000.0,SIDEWAY
DC2,2013,4,26,2,17,5,Friday,2013-04-26,4.39,4.39,4.39,4.39,500.0,1366934400.0,SIDEWAY
DC2,2013,5,2,2,18,4,Thursday,2013-05-02,4.53,4.53,4.53,4.53,100.0,1367452800.0,SIDEWAY
DC2,2013,5,6,2,19,1,Monday,2013-05-06,4.53,4.53,4.53,4.53,200.0,1367798400.0,SIDEWAY
DC2,2013,5,8,2,19,3,Wednesday,2013-05-08,4.13,4.13,4.13,4.13,1000.0,1367971200.0,SIDEWAY
DC2,2013,5,17,2,20,5,Friday,2013-05-17,3.73,4.06,3.73,4.06,500.0,1368748800.0,UPTREND
DC2,2013,5,22,2,21,3,Wednesday,2013-05-22,4.13,4.33,4.13,4.33,500.0,1369180800.0,UPTREND
DC2,2013,5,28,2,22,2,Tuesday,2013-05-28,4.33,4.33,4.33,4.33,500.0,1369699200.0,SIDEWAY
DC2,2013,5,30,2,22,4,Thursday,2013-05-30,4.39,4.39,4.39,4.39,100.0,1369872000.0,SIDEWAY
DC2,2013,6,4,2,23,2,Tuesday,2013-06-04,4.2,4.2,4.2,4.2,3200.0,1370304000.0,SIDEWAY
DC2,2013,6,5,2,23,3,Wednesday,2013-06-05,4.0,4.0,4.0,4.0,2000.0,1370390400.0,SIDEWAY
DC2,2013,6,6,2,23,4,Thursday,2013-06-06,3.93,3.93,3.86,3.86,4900.0,1370476800.0,DOWNTREND
DC2,2013,6,7,2,23,5,Friday,2013-06-07,3.73,3.73,3.73,3.73,1300.0,1370563200.0,SIDEWAY
DC2,2013,6,10,2,24,1,Monday,2013-06-10,4.06,4.06,4.06,4.06,100.0,1370822400.0,SIDEWAY
DC2,2013,6,13,2,24,4,Thursday,2013-06-13,3.73,3.73,3.73,3.73,100.0,1371081600.0,SIDEWAY
DC2,2013,6,14,2,24,5,Friday,2013-06-14,3.86,3.86,3.86,3.86,1000.0,1371168000.0,SIDEWAY
DC2,2013,7,5,3,27,5,Friday,2013-07-05,3.86,3.86,3.86,3.86,500.0,1372982400.0,SIDEWAY
DC2,2013,7,10,3,28,3,Wednesday,2013-07-10,3.86,3.86,3.86,3.86,500.0,1373414400.0,SIDEWAY
DC2,2013,7,11,3,28,4,Thursday,2013-07-11,4.06,4.06,4.06,4.06,100.0,1373500800.0,SIDEWAY
DC2,2013,7,15,3,29,1,Monday,2013-07-15,3.86,3.86,3.86,3.86,1000.0,1373846400.0,SIDEWAY
DC2,2013,8,26,3,35,1,Monday,2013-08-26,4.06,4.06,4.06,4.06,100.0,1377475200.0,SIDEWAY
DC2,2013,8,29,3,35,4,Thursday,2013-08-29,4.26,4.26,4.26,4.26,100.0,1377734400.0,SIDEWAY
DC2,2013,9,3,3,36,2,Tuesday,2013-09-03,4.39,4.39,4.39,4.39,100.0,1378166400.0,SIDEWAY
DC2,2013,9,5,3,36,4,Thursday,2013-09-05,4.53,4.53,4.53,4.53,100.0,1378339200.0,SIDEWAY
DC2,2013,9,10,3,37,2,Tuesday,2013-09-10,4.53,4.53,4.53,4.53,400.0,1378771200.0,SIDEWAY
DC2,2013,9,20,3,38,5,Friday,2013-09-20,4.53,4.53,4.53,4.53,600.0,1379635200.0,SIDEWAY
DC2,2013,10,2,4,40,3,Wednesday,2013-10-02,4.33,4.33,4.33,4.33,1000.0,1380672000.0,SIDEWAY
DC2,2013,10,14,4,42,1,Monday,2013-10-14,4.66,4.66,4.66,4.66,100.0,1381708800.0,SIDEWAY
DC2,2013,10,15,4,42,2,Tuesday,2013-10-15,4.79,4.79,4.79,4.79,100.0,1381795200.0,SIDEWAY
DC2,2013,10,28,4,44,1,Monday,2013-10-28,4.93,4.93,4.93,4.93,100.0,1382918400.0,SIDEWAY
DC2,2014,1,10,1,2,5,Friday,2014-01-10,4.99,4.99,4.99,4.99,700.0,1389312000.0,SIDEWAY
DC2,2014,1,15,1,3,3,Wednesday,2014-01-15,4.99,4.99,4.99,4.99,100.0,1389744000.0,SIDEWAY
DC2,2014,1,22,1,4,3,Wednesday,2014-01-22,4.53,4.53,4.53,4.53,100.0,1390348800.0,SIDEWAY
DC2,2014,2,11,1,7,2,Tuesday,2014-02-11,4.39,4.39,4.39,4.39,300.0,1392076800.0,SIDEWAY
DC2,2014,2,12,1,7,3,Wednesday,2014-02-12,4.0,4.0,4.0,4.0,1200.0,1392163200.0,SIDEWAY
DC2,2014,2,13,1,7,4,Thursday,2014-02-13,4.06,4.06,3.6,3.6,6500.0,1392249600.0,DOWNTREND
DC2,2014,2,14,1,7,5,Friday,2014-02-14,3.33,3.93,3.26,3.93,13500.0,1392336000.0,UPTREND
DC2,2014,2,17,1,8,1,Monday,2014-02-17,3.6,3.6,3.6,3.6,200.0,1392595200.0,SIDEWAY
DC2,2014,2,18,1,8,2,Tuesday,2014-02-18,3.6,3.6,3.26,3.33,5800.0,1392681600.0,DOWNTREND
DC2,2014,2,19,1,8,3,Wednesday,2014-02-19,3.4,3.46,3.4,3.46,16700.0,1392768000.0,UPTREND
DC2,2014,2,20,1,8,4,Thursday,2014-02-20,3.46,3.46,3.46,3.46,5500.0,1392854400.0,SIDEWAY
DC2,2014,2,21,1,8,5,Friday,2014-02-21,3.4,3.46,3.33,3.33,5300.0,1392940800.0,DOWNTREND
DC2,2014,2,24,1,9,1,Monday,2014-02-24,3.33,3.33,3.33,3.33,3000.0,1393200000.0,SIDEWAY
DC2,2014,2,25,1,9,2,Tuesday,2014-02-25,3.26,3.26,3.2,3.26,8300.0,1393286400.0,SIDEWAY
DC2,2014,2,26,1,9,3,Wednesday,2014-02-26,3.26,3.26,3.26,3.26,1000.0,1393372800.0,SIDEWAY
DC2,2014,2,27,1,9,4,Thursday,2014-02-27,3.33,3.46,3.33,3.33,5000.0,1393459200.0,SIDEWAY
DC2,2014,2,28,1,9,5,Friday,2014-02-28,3.33,3.33,3.26,3.33,3900.0,1393545600.0,SIDEWAY
DC2,2014,3,3,1,10,1,Monday,2014-03-03,3.33,3.33,3.33,3.33,100.0,1393804800.0,SIDEWAY
DC2,2014,3,4,1,10,2,Tuesday,2014-03-04,3.26,3.26,3.26,3.26,100.0,1393891200.0,SIDEWAY
DC2,2014,3,5,1,10,3,Wednesday,2014-03-05,3.26,3.4,3.26,3.26,1200.0,1393977600.0,SIDEWAY
DC2,2014,3,6,1,10,4,Thursday,2014-03-06,3.26,3.33,3.26,3.33,3000.0,1394064000.0,UPTREND
DC2,2014,3,7,1,10,5,Friday,2014-03-07,3.33,3.66,3.33,3.66,27100.0,1394150400.0,UPTREND
DC2,2014,3,10,1,11,1,Monday,2014-03-10,3.93,3.93,3.46,3.46,3200.0,1394409600.0,DOWNTREND
DC2,2014,3,11,1,11,2,Tuesday,2014-03-11,3.6,3.6,3.6,3.6,8400.0,1394496000.0,SIDEWAY
DC2,2014,3,13,1,11,4,Thursday,2014-03-13,3.53,3.53,3.53,3.53,1000.0,1394668800.0,SIDEWAY
DC2,2014,3,14,1,11,5,Friday,2014-03-14,3.53,3.53,3.53,3.53,4500.0,1394755200.0,SIDEWAY
DC2,2014,3,17,1,12,1,Monday,2014-03-17,3.53,3.66,3.53,3.66,6200.0,1395014400.0,UPTREND
DC2,2014,3,18,1,12,2,Tuesday,2014-03-18,3.53,3.66,3.46,3.66,17100.0,1395100800.0,UPTREND
DC2,2014,3,19,1,12,3,Wednesday,2014-03-19,3.6,4.0,3.6,4.0,42700.0,1395187200.0,UPTREND
DC2,2014,3,20,1,12,4,Thursday,2014-03-20,4.06,4.26,3.86,3.86,14400.0,1395273600.0,DOWNTREND
DC2,2014,3,21,1,12,5,Friday,2014-03-21,3.86,4.0,3.86,4.0,4700.0,1395360000.0,UPTREND
DC2,2014,3,24,1,13,1,Monday,2014-03-24,3.8,4.0,3.8,3.93,13700.0,1395619200.0,UPTREND
DC2,2014,3,25,1,13,2,Tuesday,2014-03-25,4.0,4.13,3.93,4.0,24400.0,1395705600.0,SIDEWAY
DC2,2014,3,26,1,13,3,Wednesday,2014-03-26,4.13,4.13,4.13,4.13,100.0,1395792000.0,SIDEWAY
DC2,2014,3,27,1,13,4,Thursday,2014-03-27,4.06,4.06,4.0,4.0,400.0,1395878400.0,DOWNTREND
DC2,2014,3,28,1,13,5,Friday,2014-03-28,4.13,4.13,3.73,3.73,3600.0,1395964800.0,DOWNTREND
DC2,2014,3,31,1,14,1,Monday,2014-03-31,3.66,3.66,3.4,3.6,11800.0,1396224000.0,DOWNTREND
DC2,2014,4,1,2,14,2,Tuesday,2014-04-01,3.53,3.53,3.4,3.4,3700.0,1396310400.0,DOWNTREND
DC2,2014,4,2,2,14,3,Wednesday,2014-04-02,3.66,3.66,3.06,3.06,8600.0,1396396800.0,DOWNTREND
DC2,2014,4,3,2,14,4,Thursday,2014-04-03,2.86,3.06,2.86,3.06,31500.0,1396483200.0,UPTREND
DC2,2014,4,4,2,14,5,Friday,2014-04-04,3.26,3.26,3.06,3.26,10100.0,1396569600.0,SIDEWAY
DC2,2014,4,7,2,15,1,Monday,2014-04-07,3.2,3.33,3.13,3.33,5100.0,1396828800.0,UPTREND
DC2,2014,4,8,2,15,2,Tuesday,2014-04-08,3.33,3.46,3.0,3.46,24000.0,1396915200.0,UPTREND
DC2,2014,4,10,2,15,4,Thursday,2014-04-10,3.2,3.4,3.13,3.4,6400.0,1397088000.0,UPTREND
DC2,2014,4,11,2,15,5,Friday,2014-04-11,3.2,3.4,3.2,3.4,400.0,1397174400.0,UPTREND
DC2,2014,4,14,2,16,1,Monday,2014-04-14,3.13,3.2,3.13,3.2,3600.0,1397433600.0,UPTREND
DC2,2014,4,15,2,16,2,Tuesday,2014-04-15,3.2,3.26,3.2,3.26,1500.0,1397520000.0,UPTREND
DC2,2014,4,16,2,16,3,Wednesday,2014-04-16,3.26,3.26,3.0,3.2,1000.0,1397606400.0,DOWNTREND
DC2,2014,4,17,2,16,4,Thursday,2014-04-17,3.0,3.2,3.0,3.13,4200.0,1397692800.0,UPTREND
DC2,2014,4,18,2,16,5,Friday,2014-04-18,3.2,3.2,3.2,3.2,200.0,1397779200.0,SIDEWAY
DC2,2014,4,21,2,17,1,Monday,2014-04-21,3.06,3.06,3.06,3.06,1500.0,1398038400.0,SIDEWAY
DC2,2014,4,22,2,17,2,Tuesday,2014-04-22,3.06,3.06,3.0,3.0,4200.0,1398124800.0,DOWNTREND
DC2,2014,4,23,2,17,3,Wednesday,2014-04-23,3.06,3.06,2.8,3.06,800.0,1398211200.0,SIDEWAY
DC2,2014,4,24,2,17,4,Thursday,2014-04-24,3.06,3.06,3.0,3.0,600.0,1398297600.0,DOWNTREND
DC2,2014,4,25,2,17,5,Friday,2014-04-25,3.0,3.0,3.0,3.0,100.0,1398384000.0,SIDEWAY
DC2,2014,4,29,2,18,2,Tuesday,2014-04-29,2.73,3.0,2.73,3.0,700.0,1398729600.0,UPTREND
DC2,2014,5,5,2,19,1,Monday,2014-05-05,3.2,3.2,3.2,3.2,100.0,1399248000.0,SIDEWAY
DC2,2014,5,6,2,19,2,Tuesday,2014-05-06,3.2,3.2,3.2,3.2,100.0,1399334400.0,SIDEWAY
DC2,2014,5,7,2,19,3,Wednesday,2014-05-07,2.93,2.93,2.93,2.93,100.0,1399420800.0,SIDEWAY
DC2,2014,5,8,2,19,4,Thursday,2014-05-08,3.2,3.2,2.66,3.2,700.0,1399507200.0,SIDEWAY
DC2,2014,5,9,2,19,5,Friday,2014-05-09,3.46,3.46,2.93,2.93,1000.0,1399593600.0,DOWNTREND
DC2,2014,5,12,2,20,1,Monday,2014-05-12,3.2,3.2,2.66,2.66,3400.0,1399852800.0,DOWNTREND
DC2,2014,5,13,2,20,2,Tuesday,2014-05-13,2.93,2.93,2.4,2.4,5700.0,1399939200.0,DOWNTREND
DC2,2014,5,14,2,20,3,Wednesday,2014-05-14,2.33,2.6,2.33,2.6,3600.0,1400025600.0,UPTREND
DC2,2014,5,15,2,20,4,Thursday,2014-05-15,2.53,2.53,2.53,2.53,2100.0,1400112000.0,SIDEWAY
DC2,2014,5,16,2,20,5,Friday,2014-05-16,2.53,2.53,2.33,2.53,2100.0,1400198400.0,SIDEWAY
DC2,2014,5,19,2,21,1,Monday,2014-05-19,2.53,2.66,2.53,2.66,1800.0,1400457600.0,UPTREND
DC2,2014,5,20,2,21,2,Tuesday,2014-05-20,2.93,2.93,2.93,2.93,100.0,1400544000.0,SIDEWAY
DC2,2014,5,21,2,21,3,Wednesday,2014-05-21,2.66,2.8,2.66,2.8,1700.0,1400630400.0,UPTREND
DC2,2014,5,22,2,21,4,Thursday,2014-05-22,2.73,2.8,2.53,2.8,2900.0,1400716800.0,UPTREND
DC2,2014,5,26,2,22,1,Monday,2014-05-26,2.86,2.86,2.86,2.86,100.0,1401062400.0,SIDEWAY
DC2,2014,5,27,2,22,2,Tuesday,2014-05-27,2.8,2.8,2.6,2.6,1900.0,1401148800.0,DOWNTREND
DC2,2014,5,28,2,22,3,Wednesday,2014-05-28,2.6,2.66,2.4,2.66,26000.0,1401235200.0,UPTREND
DC2,2014,5,29,2,22,4,Thursday,2014-05-29,2.93,2.93,2.93,2.93,100.0,1401321600.0,SIDEWAY
DC2,2014,5,30,2,22,5,Friday,2014-05-30,2.86,2.86,2.86,2.86,100.0,1401408000.0,SIDEWAY
DC2,2014,6,2,2,23,1,Monday,2014-06-02,3.13,3.13,3.13,3.13,100.0,1401667200.0,SIDEWAY
DC2,2014,6,3,2,23,2,Tuesday,2014-06-03,2.86,2.86,2.86,2.86,200.0,1401753600.0,SIDEWAY
DC2,2014,6,4,2,23,3,Wednesday,2014-06-04,2.86,2.86,2.6,2.6,1600.0,1401840000.0,DOWNTREND
DC2,2014,6,5,2,23,4,Thursday,2014-06-05,2.6,2.6,2.4,2.53,4300.0,1401926400.0,DOWNTREND
DC2,2014,6,6,2,23,5,Friday,2014-06-06,2.73,2.73,2.73,2.73,100.0,1402012800.0,SIDEWAY
DC2,2014,6,9,2,24,1,Monday,2014-06-09,2.46,2.73,2.46,2.73,6500.0,1402272000.0,UPTREND
DC2,2014,6,11,2,24,3,Wednesday,2014-06-11,2.46,2.66,2.46,2.66,200.0,1402444800.0,UPTREND
DC2,2014,6,12,2,24,4,Thursday,2014-06-12,2.73,2.73,2.73,2.73,100.0,1402531200.0,SIDEWAY
DC2,2014,6,13,2,24,5,Friday,2014-06-13,3.0,3.0,2.53,2.66,9700.0,1402617600.0,DOWNTREND
DC2,2014,6,16,2,25,1,Monday,2014-06-16,2.4,2.53,2.4,2.53,500.0,1402876800.0,UPTREND
DC2,2014,6,18,2,25,3,Wednesday,2014-06-18,2.33,2.53,2.33,2.53,200.0,1403049600.0,UPTREND
DC2,2014,6,19,2,25,4,Thursday,2014-06-19,2.33,2.53,2.33,2.53,600.0,1403136000.0,UPTREND
DC2,2014,6,20,2,25,5,Friday,2014-06-20,2.6,2.66,2.6,2.6,6400.0,1403222400.0,SIDEWAY
DC2,2014,6,23,2,26,1,Monday,2014-06-23,2.4,2.8,2.4,2.4,1300.0,1403481600.0,SIDEWAY
DC2,2014,6,24,2,26,2,Tuesday,2014-06-24,2.4,2.4,2.4,2.4,1100.0,1403568000.0,SIDEWAY
DC2,2014,6,25,2,26,3,Wednesday,2014-06-25,2.2,2.6,2.2,2.6,200.0,1403654400.0,UPTREND
DC2,2014,6,26,2,26,4,Thursday,2014-06-26,2.4,2.8,2.4,2.53,5300.0,1403740800.0,UPTREND
DC2,2014,6,27,2,26,5,Friday,2014-06-27,2.73,2.73,2.73,2.73,100.0,1403827200.0,SIDEWAY
DC2,2014,7,1,3,27,2,Tuesday,2014-07-01,2.6,2.6,2.6,2.6,300.0,1404172800.0,SIDEWAY
DC2,2014,7,2,3,27,3,Wednesday,2014-07-02,2.6,2.6,2.53,2.53,2100.0,1404259200.0,DOWNTREND
DC2,2014,7,3,3,27,4,Thursday,2014-07-03,2.33,2.6,2.33,2.6,3500.0,1404345600.0,UPTREND
DC2,2014,7,4,3,27,5,Friday,2014-07-04,2.46,2.66,2.46,2.6,4500.0,1404432000.0,UPTREND
DC2,2014,7,7,3,28,1,Monday,2014-07-07,2.6,2.6,2.6,2.6,3900.0,1404691200.0,SIDEWAY
DC2,2014,7,8,3,28,2,Tuesday,2014-07-08,2.66,2.66,2.6,2.6,2700.0,1404777600.0,DOWNTREND
DC2,2014,7,9,3,28,3,Wednesday,2014-07-09,2.6,2.6,2.6,2.6,3800.0,1404864000.0,SIDEWAY
DC2,2014,7,10,3,28,4,Thursday,2014-07-10,2.6,2.6,2.6,2.6,4700.0,1404950400.0,SIDEWAY
DC2,2014,7,11,3,28,5,Friday,2014-07-11,2.53,2.53,2.53,2.53,100.0,1405036800.0,SIDEWAY
DC2,2014,7,14,3,29,1,Monday,2014-07-14,2.53,2.53,2.53,2.53,1000.0,1405296000.0,SIDEWAY
DC2,2014,7,15,3,29,2,Tuesday,2014-07-15,2.66,2.66,2.6,2.6,3200.0,1405382400.0,DOWNTREND
DC2,2014,7,16,3,29,3,Wednesday,2014-07-16,2.8,2.8,2.66,2.66,4400.0,1405468800.0,DOWNTREND
DC2,2014,7,18,3,29,5,Friday,2014-07-18,2.46,2.86,2.46,2.8,900.0,1405641600.0,UPTREND
DC2,2014,7,22,3,30,2,Tuesday,2014-07-22,2.6,2.6,2.53,2.53,3400.0,1405987200.0,DOWNTREND
DC2,2014,7,23,3,30,3,Wednesday,2014-07-23,2.6,2.6,2.6,2.6,200.0,1406073600.0,SIDEWAY
DC2,2014,7,24,3,30,4,Thursday,2014-07-24,2.6,2.6,2.6,2.6,100.0,1406160000.0,SIDEWAY
DC2,2014,7,31,3,31,4,Thursday,2014-07-31,2.53,2.53,2.53,2.53,400.0,1406764800.0,SIDEWAY
DC2,2014,8,5,3,32,2,Tuesday,2014-08-05,2.46,2.46,2.46,2.46,100.0,1407196800.0,SIDEWAY
DC2,2014,8,6,3,32,3,Wednesday,2014-08-06,2.46,2.53,2.4,2.53,1500.0,1407283200.0,UPTREND
DC2,2014,8,7,3,32,4,Thursday,2014-08-07,2.4,2.4,2.4,2.4,3000.0,1407369600.0,SIDEWAY
DC2,2014,8,8,3,32,5,Friday,2014-08-08,2.4,2.46,2.4,2.46,1200.0,1407456000.0,UPTREND
DC2,2014,8,11,3,33,1,Monday,2014-08-11,2.46,2.53,2.46,2.53,1100.0,1407715200.0,UPTREND
DC2,2014,8,12,3,33,2,Tuesday,2014-08-12,2.4,2.4,2.4,2.4,4000.0,1407801600.0,SIDEWAY
DC2,2014,8,13,3,33,3,Wednesday,2014-08-13,2.46,2.46,2.46,2.46,5900.0,1407888000.0,SIDEWAY
DC2,2014,8,14,3,33,4,Thursday,2014-08-14,2.46,2.46,2.46,2.46,1000.0,1407974400.0,SIDEWAY
DC2,2014,8,18,3,34,1,Monday,2014-08-18,2.46,2.46,2.46,2.46,1400.0,1408320000.0,SIDEWAY
DC2,2014,8,20,3,34,3,Wednesday,2014-08-20,2.26,2.26,2.26,2.26,200.0,1408492800.0,SIDEWAY
DC2,2014,8,22,3,34,5,Friday,2014-08-22,2.4,2.4,2.4,2.4,1500.0,1408665600.0,SIDEWAY
DC2,2014,8,26,3,35,2,Tuesday,2014-08-26,2.4,2.4,2.4,2.4,300.0,1409011200.0,SIDEWAY
DC2,2014,8,28,3,35,4,Thursday,2014-08-28,2.46,2.6,2.46,2.6,2400.0,1409184000.0,UPTREND
DC2,2014,8,29,3,35,5,Friday,2014-08-29,2.6,2.73,2.6,2.73,2300.0,1409270400.0,UPTREND
DC2,2014,9,4,3,36,4,Thursday,2014-09-04,2.66,2.66,2.66,2.66,3200.0,1409788800.0,SIDEWAY
DC2,2014,9,8,3,37,1,Monday,2014-09-08,2.66,2.66,2.66,2.66,2500.0,1410134400.0,SIDEWAY
DC2,2014,9,9,3,37,2,Tuesday,2014-09-09,2.66,2.66,2.66,2.66,2500.0,1410220800.0,SIDEWAY
DC2,2014,9,22,3,39,1,Monday,2014-09-22,2.86,2.86,2.86,2.86,100.0,1411344000.0,SIDEWAY
DC2,2014,10,1,4,40,3,Wednesday,2014-10-01,3.0,3.0,3.0,3.0,100.0,1412121600.0,SIDEWAY
DC2,2014,10,10,4,41,5,Friday,2014-10-10,3.13,3.13,3.13,3.13,100.0,1412899200.0,SIDEWAY
DC2,2014,11,4,4,45,2,Tuesday,2014-11-04,2.86,3.13,2.86,3.13,2500.0,1415059200.0,UPTREND
DC2,2014,11,14,4,46,5,Friday,2014-11-14,2.86,2.86,2.86,2.86,600.0,1415923200.0,SIDEWAY
DC2,2014,12,9,4,50,2,Tuesday,2014-12-09,2.66,2.66,2.66,2.66,1000.0,1418083200.0,SIDEWAY
DC2,2014,12,23,4,52,2,Tuesday,2014-12-23,2.73,2.73,2.73,2.73,200.0,1419292800.0,SIDEWAY
DC2,2014,12,25,4,52,4,Thursday,2014-12-25,2.46,2.46,2.46,2.46,100.0,1419465600.0,SIDEWAY
DC2,2014,12,26,4,52,5,Friday,2014-12-26,2.26,2.26,2.26,2.26,100.0,1419552000.0,SIDEWAY
DC2,2014,12,29,4,1,1,Monday,2014-12-29,2.13,2.13,2.13,2.13,100.0,1419811200.0,SIDEWAY
DC2,2014,12,30,4,1,2,Tuesday,2014-12-30,1.93,1.93,1.93,1.93,140.0,1419897600.0,SIDEWAY
DC2,2014,12,31,4,1,3,Wednesday,2014-12-31,2.06,2.06,2.06,2.06,100.0,1419984000.0,SIDEWAY
DC2,2015,1,5,1,2,1,Monday,2015-01-05,2.26,2.26,2.06,2.06,2100.0,1420416000.0,DOWNTREND
DC2,2015,1,6,1,2,2,Tuesday,2015-01-06,2.0,2.26,2.0,2.26,3400.0,1420502400.0,UPTREND
DC2,2015,1,8,1,2,4,Thursday,2015-01-08,2.33,2.33,2.26,2.26,2100.0,1420675200.0,DOWNTREND
DC2,2015,1,9,1,2,5,Friday,2015-01-09,2.13,2.13,2.13,2.13,100.0,1420761600.0,SIDEWAY
DC2,2015,1,12,1,3,1,Monday,2015-01-12,2.0,2.0,2.0,2.0,200.0,1421020800.0,SIDEWAY
DC2,2015,1,14,1,3,3,Wednesday,2015-01-14,1.93,1.93,1.93,1.93,100.0,1421193600.0,SIDEWAY
DC2,2015,1,15,1,3,4,Thursday,2015-01-15,2.06,2.06,1.86,1.86,300.0,1421280000.0,DOWNTREND
DC2,2015,1,16,1,3,5,Friday,2015-01-16,2.0,2.0,2.0,2.0,400.0,1421366400.0,SIDEWAY
DC2,2015,1,19,1,4,1,Monday,2015-01-19,1.86,2.2,1.86,1.86,2000.0,1421625600.0,SIDEWAY
DC2,2015,1,20,1,4,2,Tuesday,2015-01-20,2.0,2.0,2.0,2.0,4200.0,1421712000.0,SIDEWAY
DC2,2015,1,21,1,4,3,Wednesday,2015-01-21,1.8,1.8,1.8,1.8,200.0,1421798400.0,SIDEWAY
DC2,2015,1,26,1,5,1,Monday,2015-01-26,1.93,1.93,1.93,1.93,300.0,1422230400.0,SIDEWAY
DC2,2015,1,27,1,5,2,Tuesday,2015-01-27,2.06,2.06,2.0,2.0,1600.0,1422316800.0,DOWNTREND
DC2,2015,1,29,1,5,4,Thursday,2015-01-29,1.8,2.06,1.8,2.06,700.0,1422489600.0,UPTREND
DC2,2015,1,30,1,5,5,Friday,2015-01-30,1.93,1.93,1.93,1.93,200.0,1422576000.0,SIDEWAY
DC2,2015,2,2,1,6,1,Monday,2015-02-02,2.06,2.06,1.86,1.86,1100.0,1422835200.0,DOWNTREND
DC2,2015,2,4,1,6,3,Wednesday,2015-02-04,1.73,1.73,1.73,1.73,200.0,1423008000.0,SIDEWAY
DC2,2015,2,5,1,6,4,Thursday,2015-02-05,1.67,1.67,1.67,1.67,100.0,1423094400.0,SIDEWAY
DC2,2015,2,6,1,6,5,Friday,2015-02-06,1.8,1.8,1.8,1.8,600.0,1423180800.0,SIDEWAY
DC2,2015,2,24,1,9,2,Tuesday,2015-02-24,1.73,1.93,1.73,1.73,3200.0,1424736000.0,SIDEWAY
DC2,2015,3,3,1,10,2,Tuesday,2015-03-03,1.73,1.86,1.6,1.86,1100.0,1425340800.0,UPTREND
DC2,2015,3,4,1,10,3,Wednesday,2015-03-04,1.93,1.93,1.93,1.93,500.0,1425427200.0,SIDEWAY
DC2,2015,3,6,1,10,5,Friday,2015-03-06,2.06,2.06,1.93,1.93,1150.0,1425600000.0,DOWNTREND
DC2,2015,3,9,1,11,1,Monday,2015-03-09,2.06,2.06,2.06,2.06,110.0,1425859200.0,SIDEWAY
DC2,2015,3,10,1,11,2,Tuesday,2015-03-10,1.93,1.93,1.93,1.93,1700.0,1425945600.0,SIDEWAY
DC2,2015,3,11,1,11,3,Wednesday,2015-03-11,1.93,1.93,1.93,1.93,2000.0,1426032000.0,SIDEWAY
DC2,2015,3,12,1,11,4,Thursday,2015-03-12,1.8,1.8,1.8,1.8,300.0,1426118400.0,SIDEWAY
DC2,2015,3,13,1,11,5,Friday,2015-03-13,1.93,1.93,1.8,1.8,3200.0,1426204800.0,DOWNTREND
DC2,2015,3,17,1,12,2,Tuesday,2015-03-17,1.93,1.93,1.8,1.8,4300.0,1426550400.0,DOWNTREND
DC2,2015,3,18,1,12,3,Wednesday,2015-03-18,1.73,1.8,1.73,1.8,200.0,1426636800.0,UPTREND
DC2,2015,3,19,1,12,4,Thursday,2015-03-19,1.8,1.93,1.8,1.8,2200.0,1426723200.0,SIDEWAY
DC2,2015,3,20,1,12,5,Friday,2015-03-20,1.67,1.67,1.67,1.67,100.0,1426809600.0,SIDEWAY
DC2,2015,3,26,1,13,4,Thursday,2015-03-26,1.8,1.8,1.67,1.67,1100.0,1427328000.0,DOWNTREND
DC2,2015,3,30,1,14,1,Monday,2015-03-30,1.6,1.6,1.6,1.6,100.0,1427673600.0,SIDEWAY
DC2,2015,4,6,2,15,1,Monday,2015-04-06,1.73,1.73,1.73,1.73,100.0,1428278400.0,SIDEWAY
DC2,2015,4,7,2,15,2,Tuesday,2015-04-07,1.86,1.86,1.86,1.86,200.0,1428364800.0,SIDEWAY
DC2,2015,4,8,2,15,3,Wednesday,2015-04-08,1.93,1.93,1.93,1.93,500.0,1428451200.0,SIDEWAY
DC2,2015,4,9,2,15,4,Thursday,2015-04-09,2.0,2.0,1.8,1.8,200.0,1428537600.0,DOWNTREND
DC2,2015,4,14,2,16,2,Tuesday,2015-04-14,1.93,1.93,1.93,1.93,100.0,1428969600.0,SIDEWAY
DC2,2015,4,15,2,16,3,Wednesday,2015-04-15,2.0,2.0,2.0,2.0,200.0,1429056000.0,SIDEWAY
DC2,2015,4,17,2,16,5,Friday,2015-04-17,2.13,2.13,2.13,2.13,100.0,1429228800.0,SIDEWAY
DC2,2015,4,20,2,17,1,Monday,2015-04-20,1.93,1.93,1.93,1.93,100.0,1429488000.0,SIDEWAY
DC2,2015,4,22,2,17,3,Wednesday,2015-04-22,2.06,2.06,2.06,2.06,1000.0,1429660800.0,SIDEWAY
DC2,2015,4,23,2,17,4,Thursday,2015-04-23,2.06,2.26,2.06,2.26,1000.0,1429747200.0,UPTREND
DC2,2015,4,24,2,17,5,Friday,2015-04-24,2.06,2.46,2.06,2.46,600.0,1429833600.0,UPTREND
DC2,2015,4,27,2,18,1,Monday,2015-04-27,2.33,2.66,2.26,2.26,1600.0,1430092800.0,DOWNTREND
DC2,2015,5,5,2,19,2,Tuesday,2015-05-05,2.33,2.46,2.06,2.06,1300.0,1430784000.0,DOWNTREND
DC2,2015,5,6,2,19,3,Wednesday,2015-05-06,2.2,2.2,2.2,2.2,100.0,1430870400.0,SIDEWAY
DC2,2015,5,7,2,19,4,Thursday,2015-05-07,2.4,2.4,2.0,2.0,200.0,1430956800.0,DOWNTREND
DC2,2015,5,8,2,19,5,Friday,2015-05-08,2.2,2.2,1.86,1.86,1400.0,1431043200.0,DOWNTREND
DC2,2015,5,11,2,20,1,Monday,2015-05-11,1.8,1.86,1.8,1.8,1800.0,1431302400.0,SIDEWAY
DC2,2015,5,12,2,20,2,Tuesday,2015-05-12,1.67,1.67,1.67,1.67,100.0,1431388800.0,SIDEWAY
DC2,2015,5,15,2,20,5,Friday,2015-05-15,1.53,1.67,1.53,1.67,200.0,1431648000.0,UPTREND
DC2,2015,5,18,2,21,1,Monday,2015-05-18,1.53,1.53,1.53,1.53,500.0,1431907200.0,SIDEWAY
DC2,2015,5,19,2,21,2,Tuesday,2015-05-19,1.67,1.67,1.67,1.67,1800.0,1431993600.0,SIDEWAY
DC2,2015,5,21,2,21,4,Thursday,2015-05-21,1.8,1.8,1.8,1.8,200.0,1432166400.0,SIDEWAY
DC2,2015,5,22,2,21,5,Friday,2015-05-22,1.93,1.93,1.93,1.93,500.0,1432252800.0,SIDEWAY
DC2,2015,5,25,2,22,1,Monday,2015-05-25,2.06,2.06,2.06,2.06,500.0,1432512000.0,SIDEWAY
DC2,2015,5,26,2,22,2,Tuesday,2015-05-26,2.13,2.13,1.86,1.86,200.0,1432598400.0,DOWNTREND
DC2,2015,5,27,2,22,3,Wednesday,2015-05-27,2.0,2.0,2.0,2.0,3000.0,1432684800.0,SIDEWAY
DC2,2015,5,28,2,22,4,Thursday,2015-05-28,2.2,2.2,2.2,2.2,1200.0,1432771200.0,SIDEWAY
DC2,2015,5,29,2,22,5,Friday,2015-05-29,2.33,2.33,2.33,2.33,100.0,1432857600.0,SIDEWAY
DC2,2015,6,3,2,23,3,Wednesday,2015-06-03,2.13,2.13,2.13,2.13,1000.0,1433289600.0,SIDEWAY
DC2,2015,6,9,2,24,2,Tuesday,2015-06-09,2.33,2.33,1.93,1.93,300.0,1433808000.0,DOWNTREND
DC2,2015,6,10,2,24,3,Wednesday,2015-06-10,2.06,2.06,2.06,2.06,200.0,1433894400.0,SIDEWAY
DC2,2015,6,11,2,24,4,Thursday,2015-06-11,2.26,2.26,2.26,2.26,100.0,1433980800.0,SIDEWAY
DC2,2015,6,12,2,24,5,Friday,2015-06-12,2.4,2.4,2.4,2.4,100.0,1434067200.0,SIDEWAY
DC2,2015,6,15,2,25,1,Monday,2015-06-15,2.6,2.6,2.6,2.6,200.0,1434326400.0,SIDEWAY
DC2,2015,6,16,2,25,2,Tuesday,2015-06-16,2.73,2.73,2.4,2.4,200.0,1434412800.0,DOWNTREND
DC2,2015,6,17,2,25,3,Wednesday,2015-06-17,2.53,2.53,2.2,2.2,200.0,1434499200.0,DOWNTREND
DC2,2015,6,18,2,25,4,Thursday,2015-06-18,2.33,2.33,2.0,2.0,200.0,1434585600.0,DOWNTREND
DC2,2015,6,19,2,25,5,Friday,2015-06-19,2.2,2.2,2.0,2.0,200.0,1434672000.0,DOWNTREND
DC2,2015,6,22,2,26,1,Monday,2015-06-22,2.2,2.2,2.0,2.0,200.0,1434931200.0,DOWNTREND
DC2,2015,6,23,2,26,2,Tuesday,2015-06-23,2.2,2.2,2.2,2.2,1500.0,1435017600.0,SIDEWAY
DC2,2015,6,24,2,26,3,Wednesday,2015-06-24,2.4,2.4,2.2,2.2,200.0,1435104000.0,DOWNTREND
DC2,2015,6,25,2,26,4,Thursday,2015-06-25,2.06,2.4,2.06,2.4,200.0,1435190400.0,UPTREND
DC2,2015,6,26,2,26,5,Friday,2015-06-26,2.6,2.6,2.6,2.6,100.0,1435276800.0,SIDEWAY
DC2,2015,6,29,2,27,1,Monday,2015-06-29,2.66,2.66,2.4,2.4,200.0,1435536000.0,DOWNTREND
DC2,2015,6,30,2,27,2,Tuesday,2015-06-30,2.53,2.53,2.2,2.2,200.0,1435622400.0,DOWNTREND
DC2,2015,7,1,3,27,3,Wednesday,2015-07-01,2.4,2.4,2.4,2.4,600.0,1435708800.0,SIDEWAY
DC2,2015,7,2,3,27,4,Thursday,2015-07-02,2.53,2.53,2.53,2.53,100.0,1435795200.0,SIDEWAY
DC2,2015,7,3,3,27,5,Friday,2015-07-03,2.66,2.66,2.33,2.33,200.0,1435881600.0,DOWNTREND
DC2,2015,7,6,3,28,1,Monday,2015-07-06,2.2,2.53,2.2,2.53,600.0,1436140800.0,UPTREND
DC2,2015,7,9,3,28,4,Thursday,2015-07-09,2.33,2.46,2.33,2.46,200.0,1436400000.0,UPTREND
DC2,2015,7,10,3,28,5,Friday,2015-07-10,2.26,2.26,2.26,2.26,100.0,1436486400.0,SIDEWAY
DC2,2015,7,13,3,29,1,Monday,2015-07-13,2.06,2.06,2.06,2.06,120.0,1436745600.0,SIDEWAY
DC2,2015,7,14,3,29,2,Tuesday,2015-07-14,2.13,2.2,2.06,2.06,1020.0,1436832000.0,DOWNTREND
DC2,2015,7,21,3,30,2,Tuesday,2015-07-21,2.13,2.13,2.13,2.13,2900.0,1437436800.0,SIDEWAY
DC2,2015,7,22,3,30,3,Wednesday,2015-07-22,2.06,2.06,2.06,2.06,100.0,1437523200.0,SIDEWAY
DC2,2015,7,23,3,30,4,Thursday,2015-07-23,1.86,1.86,1.86,1.86,100.0,1437609600.0,SIDEWAY
DC2,2015,7,24,3,30,5,Friday,2015-07-24,1.8,1.8,1.8,1.8,100.0,1437696000.0,SIDEWAY
DC2,2015,7,29,3,31,3,Wednesday,2015-07-29,1.73,1.73,1.73,1.73,100.0,1438128000.0,SIDEWAY
DC2,2015,7,30,3,31,4,Thursday,2015-07-30,1.86,1.86,1.86,1.86,100.0,1438214400.0,SIDEWAY
DC2,2015,7,31,3,31,5,Friday,2015-07-31,2.0,2.0,1.73,1.73,400.0,1438300800.0,DOWNTREND
DC2,2015,8,4,3,32,2,Tuesday,2015-08-04,1.6,1.6,1.6,1.6,100.0,1438646400.0,SIDEWAY
DC2,2015,8,6,3,32,4,Thursday,2015-08-06,1.53,1.53,1.53,1.53,100.0,1438819200.0,SIDEWAY
DC2,2015,8,19,3,34,3,Wednesday,2015-08-19,1.47,1.47,1.47,1.47,100.0,1439942400.0,SIDEWAY
DC2,2015,8,20,3,34,4,Thursday,2015-08-20,1.4,1.4,1.4,1.4,100.0,1440028800.0,SIDEWAY
DC2,2015,8,21,3,34,5,Friday,2015-08-21,1.33,1.33,1.33,1.33,100.0,1440115200.0,SIDEWAY
DC2,2015,8,24,3,35,1,Monday,2015-08-24,1.47,1.47,1.47,1.47,400.0,1440374400.0,SIDEWAY
DC2,2015,8,25,3,35,2,Tuesday,2015-08-25,1.53,1.53,1.4,1.4,600.0,1440460800.0,DOWNTREND
DC2,2015,8,26,3,35,3,Wednesday,2015-08-26,1.33,1.33,1.33,1.33,100.0,1440547200.0,SIDEWAY
DC2,2015,8,27,3,35,4,Thursday,2015-08-27,1.26,1.26,1.26,1.26,100.0,1440633600.0,SIDEWAY
DC2,2015,8,28,3,35,5,Friday,2015-08-28,1.2,1.2,1.2,1.2,100.0,1440720000.0,SIDEWAY
DC2,2015,8,31,3,36,1,Monday,2015-08-31,1.13,1.26,1.13,1.26,200.0,1440979200.0,UPTREND
DC2,2015,9,1,3,36,2,Tuesday,2015-09-01,1.2,1.2,1.2,1.2,100.0,1441065600.0,SIDEWAY
DC2,2015,9,9,3,37,3,Wednesday,2015-09-09,1.13,1.26,1.13,1.13,300.0,1441756800.0,SIDEWAY
DC2,2015,9,11,3,37,5,Friday,2015-09-11,1.2,1.2,1.2,1.2,300.0,1441929600.0,SIDEWAY
DC2,2015,9,15,3,38,2,Tuesday,2015-09-15,1.26,1.26,1.26,1.26,200.0,1442275200.0,SIDEWAY
DC2,2015,9,16,3,38,3,Wednesday,2015-09-16,1.33,1.33,1.33,1.33,120.0,1442361600.0,SIDEWAY
DC2,2015,9,17,3,38,4,Thursday,2015-09-17,1.47,1.47,1.47,1.47,100.0,1442448000.0,SIDEWAY
DC2,2015,9,21,3,39,1,Monday,2015-09-21,1.6,1.6,1.6,1.6,100.0,1442793600.0,SIDEWAY
DC2,2015,9,22,3,39,2,Tuesday,2015-09-22,1.73,1.73,1.73,1.73,100.0,1442880000.0,SIDEWAY
DC2,2015,9,23,3,39,3,Wednesday,2015-09-23,1.86,1.86,1.86,1.86,600.0,1442966400.0,SIDEWAY
DC2,2015,9,29,3,40,2,Tuesday,2015-09-29,2.0,2.0,2.0,2.0,1100.0,1443484800.0,SIDEWAY
DC2,2015,9,30,3,40,3,Wednesday,2015-09-30,1.86,1.86,1.86,1.86,100.0,1443571200.0,SIDEWAY
DC2,2015,10,1,4,40,4,Thursday,2015-10-01,1.86,1.86,1.86,1.86,100.0,1443657600.0,SIDEWAY
DC2,2015,10,2,4,40,5,Friday,2015-10-02,1.8,1.8,1.8,1.8,200.0,1443744000.0,SIDEWAY
DC2,2015,10,6,4,41,2,Tuesday,2015-10-06,1.8,1.8,1.8,1.8,200.0,1444089600.0,SIDEWAY
DC2,2015,10,7,4,41,3,Wednesday,2015-10-07,1.93,1.93,1.93,1.93,100.0,1444176000.0,SIDEWAY
DC2,2015,10,8,4,41,4,Thursday,2015-10-08,1.8,2.06,1.8,2.06,2400.0,1444262400.0,UPTREND
DC2,2015,10,13,4,42,2,Tuesday,2015-10-13,2.26,2.26,2.26,2.26,100.0,1444694400.0,SIDEWAY
DC2,2015,10,15,4,42,4,Thursday,2015-10-15,2.33,2.33,2.26,2.33,1600.0,1444867200.0,SIDEWAY
DC2,2015,10,16,4,42,5,Friday,2015-10-16,2.2,2.33,2.2,2.33,700.0,1444953600.0,UPTREND
DC2,2015,10,20,4,43,2,Tuesday,2015-10-20,2.4,2.46,2.26,2.46,1900.0,1445299200.0,UPTREND
DC2,2015,10,21,4,43,3,Wednesday,2015-10-21,2.53,2.53,2.53,2.53,200.0,1445385600.0,SIDEWAY
DC2,2015,10,22,4,43,4,Thursday,2015-10-22,2.6,2.6,2.6,2.6,200.0,1445472000.0,SIDEWAY
DC2,2015,10,23,4,43,5,Friday,2015-10-23,2.66,2.66,2.66,2.66,300.0,1445558400.0,SIDEWAY
DC2,2015,10,27,4,44,2,Tuesday,2015-10-27,2.6,2.6,2.6,2.6,500.0,1445904000.0,SIDEWAY
DC2,2015,10,28,4,44,3,Wednesday,2015-10-28,2.66,2.66,2.4,2.66,1500.0,1445990400.0,SIDEWAY
DC2,2015,10,30,4,44,5,Friday,2015-10-30,2.4,2.6,2.4,2.6,1100.0,1446163200.0,UPTREND
DC2,2015,11,2,4,45,1,Monday,2015-11-02,2.4,2.4,2.4,2.4,700.0,1446422400.0,SIDEWAY
DC2,2015,11,3,4,45,2,Tuesday,2015-11-03,2.53,2.53,2.53,2.53,100.0,1446508800.0,SIDEWAY
DC2,2015,11,4,4,45,3,Wednesday,2015-11-04,2.6,2.6,2.6,2.6,100.0,1446595200.0,SIDEWAY
DC2,2015,11,5,4,45,4,Thursday,2015-11-05,2.66,2.66,2.66,2.66,100.0,1446681600.0,SIDEWAY
DC2,2015,11,16,4,47,1,Monday,2015-11-16,2.73,2.73,2.73,2.73,100.0,1447632000.0,SIDEWAY
DC2,2015,11,18,4,47,3,Wednesday,2015-11-18,2.86,2.86,2.86,2.86,100.0,1447804800.0,SIDEWAY
DC2,2015,11,20,4,47,5,Friday,2015-11-20,3.0,3.0,2.6,2.6,3100.0,1447977600.0,DOWNTREND
DC2,2015,11,25,4,48,3,Wednesday,2015-11-25,2.66,2.66,2.66,2.66,100.0,1448409600.0,SIDEWAY
DC2,2015,12,1,4,49,2,Tuesday,2015-12-01,2.4,2.4,2.4,2.4,2000.0,1448928000.0,SIDEWAY
DC2,2015,12,2,4,49,3,Wednesday,2015-12-02,2.53,2.53,2.53,2.53,100.0,1449014400.0,SIDEWAY
DC2,2015,12,4,4,49,5,Friday,2015-12-04,2.6,2.6,2.6,2.6,100.0,1449187200.0,SIDEWAY
DC2,2015,12,8,4,50,2,Tuesday,2015-12-08,2.66,2.66,2.66,2.66,100.0,1449532800.0,SIDEWAY
DC2,2015,12,11,4,50,5,Friday,2015-12-11,2.73,2.73,2.73,2.73,100.0,1449792000.0,SIDEWAY
DC2,2015,12,15,4,51,2,Tuesday,2015-12-15,2.46,2.46,2.46,2.46,1000.0,1450137600.0,SIDEWAY
DC2,2015,12,17,4,51,4,Thursday,2015-12-17,2.26,2.26,2.26,2.26,3900.0,1450310400.0,SIDEWAY
DC2,2015,12,18,4,51,5,Friday,2015-12-18,2.06,2.33,2.06,2.33,1100.0,1450396800.0,UPTREND
DC2,2015,12,21,4,52,1,Monday,2015-12-21,2.46,2.46,2.46,2.46,100.0,1450656000.0,SIDEWAY
DC2,2015,12,22,4,52,2,Tuesday,2015-12-22,2.6,2.6,2.6,2.6,100.0,1450742400.0,SIDEWAY
DC2,2015,12,23,4,52,3,Wednesday,2015-12-23,2.8,2.8,2.8,2.8,100.0,1450828800.0,SIDEWAY
DC2,2015,12,25,4,52,5,Friday,2015-12-25,3.0,3.0,3.0,3.0,200.0,1451001600.0,SIDEWAY
DC2,2015,12,28,4,53,1,Monday,2015-12-28,3.06,3.06,3.06,3.06,300.0,1451260800.0,SIDEWAY
DC2,2015,12,30,4,53,3,Wednesday,2015-12-30,3.06,3.06,3.06,3.06,300.0,1451433600.0,SIDEWAY
DC2,2016,1,5,1,1,2,Tuesday,2016-01-05,3.33,3.33,3.33,3.33,200.0,1451952000.0,SIDEWAY
DC2,2016,1,7,1,1,4,Thursday,2016-01-07,3.33,3.33,3.33,3.33,100.0,1452124800.0,SIDEWAY
DC2,2016,1,8,1,1,5,Friday,2016-01-08,3.6,3.6,3.6,3.6,100.0,1452211200.0,SIDEWAY
DC2,2016,1,11,1,2,1,Monday,2016-01-11,3.73,3.73,3.73,3.73,100.0,1452470400.0,SIDEWAY
DC2,2016,1,14,1,2,4,Thursday,2016-01-14,4.06,4.06,4.06,4.06,100.0,1452729600.0,SIDEWAY
DC2,2016,1,20,1,3,3,Wednesday,2016-01-20,3.66,3.66,3.66,3.66,400.0,1453248000.0,SIDEWAY
DC2,2016,1,21,1,3,4,Thursday,2016-01-21,3.33,3.33,3.33,3.33,1100.0,1453334400.0,SIDEWAY
DC2,2016,1,22,1,3,5,Friday,2016-01-22,3.0,3.26,3.0,3.26,200.0,1453420800.0,UPTREND
DC2,2016,1,25,1,4,1,Monday,2016-01-25,3.0,3.0,3.0,3.0,100.0,1453680000.0,SIDEWAY
DC2,2016,1,26,1,4,2,Tuesday,2016-01-26,2.73,2.73,2.73,2.73,100.0,1453766400.0,SIDEWAY
DC2,2016,1,27,1,4,3,Wednesday,2016-01-27,2.46,3.0,2.46,3.0,200.0,1453852800.0,UPTREND
DC2,2016,1,28,1,4,4,Thursday,2016-01-28,2.73,2.73,2.73,2.73,100.0,1453939200.0,SIDEWAY
DC2,2016,1,29,1,4,5,Friday,2016-01-29,2.46,2.46,2.46,2.46,100.0,1454025600.0,SIDEWAY
DC2,2016,2,2,1,5,2,Tuesday,2016-02-02,2.66,2.66,2.33,2.33,200.0,1454371200.0,DOWNTREND
DC2,2016,2,3,1,5,3,Wednesday,2016-02-03,2.33,2.53,2.33,2.53,200.0,1454457600.0,UPTREND
DC2,2016,2,4,1,5,4,Thursday,2016-02-04,2.73,2.73,2.73,2.73,2700.0,1454544000.0,SIDEWAY
DC2,2016,2,5,1,5,5,Friday,2016-02-05,2.46,3.0,2.46,3.0,1000.0,1454630400.0,UPTREND
DC2,2016,2,15,1,7,1,Monday,2016-02-15,2.93,3.26,2.93,3.26,1000.0,1455494400.0,UPTREND
DC2,2016,2,17,1,7,3,Wednesday,2016-02-17,3.4,3.4,3.4,3.4,200.0,1455667200.0,SIDEWAY
DC2,2016,2,18,1,7,4,Thursday,2016-02-18,3.53,3.53,3.4,3.4,300.0,1455753600.0,DOWNTREND
DC2,2016,2,19,1,7,5,Friday,2016-02-19,3.33,3.4,3.33,3.4,200.0,1455840000.0,UPTREND
DC2,2016,2,22,1,8,1,Monday,2016-02-22,3.2,3.2,3.2,3.2,2000.0,1456099200.0,SIDEWAY
DC2,2016,2,23,1,8,2,Tuesday,2016-02-23,2.93,3.0,2.93,2.93,900.0,1456185600.0,SIDEWAY
DC2,2016,2,24,1,8,3,Wednesday,2016-02-24,2.66,2.66,2.66,2.66,400.0,1456272000.0,SIDEWAY
DC2,2016,2,25,1,8,4,Thursday,2016-02-25,2.46,2.93,2.4,2.93,1000.0,1456358400.0,UPTREND
DC2,2016,2,26,1,8,5,Friday,2016-02-26,3.06,3.06,3.06,3.06,300.0,1456444800.0,SIDEWAY
DC2,2016,2,29,1,9,1,Monday,2016-02-29,3.06,3.06,3.06,3.06,800.0,1456704000.0,SIDEWAY
DC2,2016,3,1,1,9,2,Tuesday,2016-03-01,3.0,3.0,3.0,3.0,1000.0,1456790400.0,SIDEWAY
DC2,2016,3,2,1,9,3,Wednesday,2016-03-02,3.2,3.2,3.2,3.2,300.0,1456876800.0,SIDEWAY
DC2,2016,3,3,1,9,4,Thursday,2016-03-03,3.26,3.26,3.26,3.26,200.0,1456963200.0,SIDEWAY
DC2,2016,3,4,1,9,5,Friday,2016-03-04,3.33,3.33,3.33,3.33,200.0,1457049600.0,SIDEWAY
DC2,2016,3,14,1,11,1,Monday,2016-03-14,3.0,3.0,3.0,3.0,100.0,1457913600.0,SIDEWAY
DC2,2016,3,15,1,11,2,Tuesday,2016-03-15,2.73,2.73,2.73,2.73,1300.0,1458000000.0,SIDEWAY
DC2,2016,3,18,1,11,5,Friday,2016-03-18,3.0,3.0,3.0,3.0,100.0,1458259200.0,SIDEWAY
DC2,2016,3,22,1,12,2,Tuesday,2016-03-22,2.73,2.73,2.73,2.73,2000.0,1458604800.0,SIDEWAY
DC2,2016,3,23,1,12,3,Wednesday,2016-03-23,2.53,2.93,2.53,2.93,600.0,1458691200.0,UPTREND
DC2,2016,3,24,1,12,4,Thursday,2016-03-24,2.66,2.66,2.66,2.66,300.0,1458777600.0,SIDEWAY
DC2,2016,3,31,1,13,4,Thursday,2016-03-31,2.73,2.73,2.73,2.73,100.0,1459382400.0,SIDEWAY
DC2,2016,4,1,2,13,5,Friday,2016-04-01,2.86,2.86,2.86,2.86,100.0,1459468800.0,SIDEWAY
DC2,2016,4,6,2,14,3,Wednesday,2016-04-06,2.6,2.6,2.6,2.6,1200.0,1459900800.0,SIDEWAY
DC2,2016,4,7,2,14,4,Thursday,2016-04-07,2.66,2.66,2.66,2.66,100.0,1459987200.0,SIDEWAY
DC2,2016,4,12,2,15,2,Tuesday,2016-04-12,2.86,2.86,2.86,2.86,100.0,1460419200.0,SIDEWAY
DC2,2016,4,13,2,15,3,Wednesday,2016-04-13,2.93,3.06,2.93,3.06,3100.0,1460505600.0,UPTREND
DC2,2016,4,14,2,15,4,Thursday,2016-04-14,2.8,2.8,2.8,2.8,100.0,1460592000.0,SIDEWAY
DC2,2016,4,19,2,16,2,Tuesday,2016-04-19,2.93,2.93,2.93,2.93,100.0,1461024000.0,SIDEWAY
DC2,2016,4,22,2,16,5,Friday,2016-04-22,2.66,2.66,2.66,2.66,100.0,1461283200.0,SIDEWAY
DC2,2016,4,25,2,17,1,Monday,2016-04-25,2.4,2.4,2.4,2.4,7000.0,1461542400.0,SIDEWAY
DC2,2016,4,26,2,17,2,Tuesday,2016-04-26,2.46,2.53,2.46,2.53,200.0,1461628800.0,UPTREND
DC2,2016,4,27,2,17,3,Wednesday,2016-04-27,2.33,2.33,2.33,2.33,100.0,1461715200.0,SIDEWAY
DC2,2016,4,28,2,17,4,Thursday,2016-04-28,2.46,2.46,2.46,2.46,100.0,1461801600.0,SIDEWAY
DC2,2016,4,29,2,17,5,Friday,2016-04-29,2.53,2.53,2.53,2.53,100.0,1461888000.0,SIDEWAY
DC2,2016,5,4,2,18,3,Wednesday,2016-05-04,2.6,2.6,2.4,2.4,6000.0,1462320000.0,DOWNTREND
DC2,2016,5,5,2,18,4,Thursday,2016-05-05,2.53,2.53,2.53,2.53,100.0,1462406400.0,SIDEWAY
DC2,2016,5,9,2,19,1,Monday,2016-05-09,2.66,2.66,2.66,2.66,100.0,1462752000.0,SIDEWAY
DC2,2016,5,10,2,19,2,Tuesday,2016-05-10,2.6,2.6,2.6,2.6,500.0,1462838400.0,SIDEWAY
DC2,2016,5,11,2,19,3,Wednesday,2016-05-11,2.73,2.73,2.73,2.73,100.0,1462924800.0,SIDEWAY
DC2,2016,5,18,2,20,3,Wednesday,2016-05-18,2.93,2.93,2.93,2.93,200.0,1463529600.0,SIDEWAY
DC2,2016,5,20,2,20,5,Friday,2016-05-20,2.66,2.93,2.66,2.93,2200.0,1463702400.0,UPTREND
DC2,2016,5,27,2,21,5,Friday,2016-05-27,2.93,2.93,2.93,2.93,400.0,1464307200.0,SIDEWAY
DC2,2016,5,30,2,22,1,Monday,2016-05-30,2.66,2.66,2.66,2.66,500.0,1464566400.0,SIDEWAY
DC2,2016,5,31,2,22,2,Tuesday,2016-05-31,2.86,2.86,2.86,2.86,100.0,1464652800.0,SIDEWAY
DC2,2016,6,3,2,22,5,Friday,2016-06-03,2.93,2.93,2.93,2.93,100.0,1464912000.0,SIDEWAY
DC2,2016,6,10,2,23,5,Friday,2016-06-10,3.0,3.2,3.0,3.2,1500.0,1465516800.0,UPTREND
DC2,2016,6,14,2,24,2,Tuesday,2016-06-14,3.46,3.46,2.93,2.93,200.0,1465862400.0,DOWNTREND
DC2,2016,6,16,2,24,4,Thursday,2016-06-16,2.66,2.66,2.66,2.66,1500.0,1466035200.0,SIDEWAY
DC2,2016,6,20,2,25,1,Monday,2016-06-20,2.46,2.46,2.46,2.46,100.0,1466380800.0,SIDEWAY
DC2,2016,7,6,3,27,3,Wednesday,2016-07-06,2.33,2.33,2.33,2.33,2000.0,1467763200.0,SIDEWAY
DC2,2016,7,20,3,29,3,Wednesday,2016-07-20,2.53,2.53,2.53,2.53,2800.0,1468972800.0,SIDEWAY
DC2,2016,7,21,3,29,4,Thursday,2016-07-21,2.73,2.73,2.73,2.73,100.0,1469059200.0,SIDEWAY
DC2,2016,7,22,3,29,5,Friday,2016-07-22,3.0,3.0,3.0,3.0,100.0,1469145600.0,SIDEWAY
DC2,2016,7,25,3,30,1,Monday,2016-07-25,3.0,3.0,3.0,3.0,3000.0,1469404800.0,SIDEWAY
DC2,2016,7,26,3,30,2,Tuesday,2016-07-26,2.93,3.0,2.93,3.0,1800.0,1469491200.0,UPTREND
DC2,2016,7,27,3,30,3,Wednesday,2016-07-27,3.0,3.0,2.86,2.86,1500.0,1469577600.0,DOWNTREND
DC2,2016,7,28,3,30,4,Thursday,2016-07-28,2.86,2.86,2.86,2.86,900.0,1469664000.0,SIDEWAY
DC2,2016,7,29,3,30,5,Friday,2016-07-29,2.8,2.8,2.73,2.73,1400.0,1469750400.0,DOWNTREND
DC2,2016,8,2,3,31,2,Tuesday,2016-08-02,2.73,2.73,2.66,2.66,3800.0,1470096000.0,DOWNTREND
DC2,2016,8,5,3,31,5,Friday,2016-08-05,2.6,2.6,2.6,2.6,1000.0,1470355200.0,SIDEWAY
DC2,2016,8,9,3,32,2,Tuesday,2016-08-09,2.6,2.6,2.6,2.6,4000.0,1470700800.0,SIDEWAY
DC2,2016,8,10,3,32,3,Wednesday,2016-08-10,2.6,2.6,2.6,2.6,2600.0,1470787200.0,SIDEWAY
DC2,2016,8,15,3,33,1,Monday,2016-08-15,2.6,2.6,2.6,2.6,2000.0,1471219200.0,SIDEWAY
DC2,2016,8,16,3,33,2,Tuesday,2016-08-16,2.6,2.66,2.6,2.66,3500.0,1471305600.0,UPTREND
DC2,2016,8,18,3,33,4,Thursday,2016-08-18,2.66,2.66,2.66,2.66,400.0,1471478400.0,SIDEWAY
DC2,2016,8,19,3,33,5,Friday,2016-08-19,2.66,2.93,2.66,2.93,2800.0,1471564800.0,UPTREND
DC2,2016,8,22,3,34,1,Monday,2016-08-22,2.93,2.93,2.93,2.93,100.0,1471824000.0,SIDEWAY
DC2,2016,8,23,3,34,2,Tuesday,2016-08-23,2.93,3.2,2.66,3.2,900.0,1471910400.0,UPTREND
DC2,2016,8,24,3,34,3,Wednesday,2016-08-24,3.06,3.46,3.06,3.46,10000.0,1471996800.0,UPTREND
DC2,2016,8,25,3,34,4,Thursday,2016-08-25,3.33,3.4,3.2,3.4,13000.0,1472083200.0,UPTREND
DC2,2016,8,26,3,34,5,Friday,2016-08-26,3.33,3.4,3.13,3.13,11200.0,1472169600.0,DOWNTREND
DC2,2016,8,29,3,35,1,Monday,2016-08-29,3.26,3.4,3.0,3.4,15600.0,1472428800.0,UPTREND
DC2,2016,8,30,3,35,2,Tuesday,2016-08-30,3.06,3.53,3.06,3.53,600.0,1472515200.0,UPTREND
DC2,2016,8,31,3,35,3,Wednesday,2016-08-31,3.2,3.53,3.2,3.53,3300.0,1472601600.0,UPTREND
DC2,2016,9,1,3,35,4,Thursday,2016-09-01,3.2,3.2,3.2,3.2,22600.0,1472688000.0,SIDEWAY
DC2,2016,9,5,3,36,1,Monday,2016-09-05,3.2,3.2,3.0,3.0,11300.0,1473033600.0,DOWNTREND
DC2,2016,9,6,3,36,2,Tuesday,2016-09-06,3.2,3.26,3.2,3.26,23100.0,1473120000.0,UPTREND
DC2,2016,9,7,3,36,3,Wednesday,2016-09-07,3.4,3.53,3.4,3.53,20600.0,1473206400.0,UPTREND
DC2,2016,9,8,3,36,4,Thursday,2016-09-08,3.66,3.66,3.53,3.66,3200.0,1473292800.0,SIDEWAY
DC2,2016,9,9,3,36,5,Friday,2016-09-09,3.6,3.6,3.33,3.33,4000.0,1473379200.0,DOWNTREND
DC2,2016,9,12,3,37,1,Monday,2016-09-12,3.66,3.66,3.66,3.66,15100.0,1473638400.0,SIDEWAY
DC2,2016,9,13,3,37,2,Tuesday,2016-09-13,3.66,3.93,3.6,3.93,7800.0,1473724800.0,UPTREND
DC2,2016,9,14,3,37,3,Wednesday,2016-09-14,3.73,3.73,3.6,3.6,18600.0,1473811200.0,DOWNTREND
DC2,2016,9,15,3,37,4,Thursday,2016-09-15,3.53,3.66,3.46,3.66,50200.0,1473897600.0,UPTREND
DC2,2016,9,16,3,37,5,Friday,2016-09-16,3.66,3.66,3.33,3.33,10900.0,1473984000.0,DOWNTREND
DC2,2016,9,20,3,38,2,Tuesday,2016-09-20,3.33,3.33,3.13,3.13,2200.0,1474329600.0,DOWNTREND
DC2,2016,9,21,3,38,3,Wednesday,2016-09-21,3.4,3.4,3.4,3.4,4600.0,1474416000.0,SIDEWAY
DC2,2016,9,22,3,38,4,Thursday,2016-09-22,3.2,3.2,3.2,3.2,100.0,1474502400.0,SIDEWAY
DC2,2016,9,23,3,38,5,Friday,2016-09-23,3.46,3.46,3.46,3.46,1100.0,1474588800.0,SIDEWAY
DC2,2016,9,26,3,39,1,Monday,2016-09-26,3.26,3.26,3.26,3.26,100.0,1474848000.0,SIDEWAY
DC2,2016,9,27,3,39,2,Tuesday,2016-09-27,3.53,3.53,3.53,3.53,7500.0,1474934400.0,SIDEWAY
DC2,2016,9,28,3,39,3,Wednesday,2016-09-28,3.66,3.86,3.53,3.86,11700.0,1475020800.0,UPTREND
DC2,2016,9,29,3,39,4,Thursday,2016-09-29,3.86,4.0,3.86,3.93,1300.0,1475107200.0,UPTREND
DC2,2016,9,30,3,39,5,Friday,2016-09-30,4.26,4.26,3.66,4.2,7500.0,1475193600.0,DOWNTREND
DC2,2016,10,3,4,40,1,Monday,2016-10-03,4.2,4.26,4.2,4.26,11500.0,1475452800.0,UPTREND
DC2,2016,10,4,4,40,2,Tuesday,2016-10-04,3.86,4.06,3.86,4.06,1800.0,1475539200.0,UPTREND
DC2,2016,10,6,4,40,4,Thursday,2016-10-06,3.8,4.2,3.8,4.2,2100.0,1475712000.0,UPTREND
DC2,2016,10,7,4,40,5,Friday,2016-10-07,4.06,4.06,3.8,3.8,4400.0,1475798400.0,DOWNTREND
DC2,2016,10,10,4,41,1,Monday,2016-10-10,3.8,3.8,3.73,3.73,11500.0,1476057600.0,DOWNTREND
DC2,2016,10,11,4,41,2,Tuesday,2016-10-11,3.8,3.86,3.73,3.86,21300.0,1476144000.0,UPTREND
DC2,2016,10,12,4,41,3,Wednesday,2016-10-12,3.73,3.8,3.73,3.8,3700.0,1476230400.0,UPTREND
DC2,2016,10,13,4,41,4,Thursday,2016-10-13,3.8,3.8,3.8,3.8,7900.0,1476316800.0,SIDEWAY
DC2,2016,10,14,4,41,5,Friday,2016-10-14,3.86,3.86,3.53,3.86,5200.0,1476403200.0,SIDEWAY
DC2,2016,10,17,4,42,1,Monday,2016-10-17,4.0,4.0,4.0,4.0,100.0,1476662400.0,SIDEWAY
DC2,2016,10,18,4,42,2,Tuesday,2016-10-18,3.8,3.86,3.8,3.86,5200.0,1476748800.0,UPTREND
DC2,2016,10,19,4,42,3,Wednesday,2016-10-19,4.0,4.0,3.73,3.73,8000.0,1476835200.0,DOWNTREND
DC2,2016,10,20,4,42,4,Thursday,2016-10-20,3.93,4.0,3.93,4.0,6800.0,1476921600.0,UPTREND
DC2,2016,10,21,4,42,5,Friday,2016-10-21,4.26,4.26,4.0,4.26,44100.0,1477008000.0,SIDEWAY
DC2,2016,10,24,4,43,1,Monday,2016-10-24,4.13,4.26,4.0,4.26,9600.0,1477267200.0,UPTREND
DC2,2016,10,25,4,43,2,Tuesday,2016-10-25,4.0,4.2,4.0,4.2,5400.0,1477353600.0,UPTREND
DC2,2016,10,26,4,43,3,Wednesday,2016-10-26,4.0,4.06,3.86,4.06,14300.0,1477440000.0,UPTREND
DC2,2016,10,27,4,43,4,Thursday,2016-10-27,4.06,4.06,4.06,4.06,2000.0,1477526400.0,SIDEWAY
DC2,2016,10,28,4,43,5,Friday,2016-10-28,3.93,4.0,3.8,4.0,7000.0,1477612800.0,UPTREND
DC2,2016,10,31,4,44,1,Monday,2016-10-31,3.86,4.06,3.86,4.06,3900.0,1477872000.0,UPTREND
DC2,2016,11,1,4,44,2,Tuesday,2016-11-01,3.93,4.33,3.93,4.33,5100.0,1477958400.0,UPTREND
DC2,2016,11,2,4,44,3,Wednesday,2016-11-02,4.0,4.0,3.93,3.93,13300.0,1478044800.0,DOWNTREND
DC2,2016,11,3,4,44,4,Thursday,2016-11-03,3.93,3.93,3.8,3.93,3200.0,1478131200.0,SIDEWAY
DC2,2016,11,4,4,44,5,Friday,2016-11-04,3.86,4.0,3.66,4.0,17100.0,1478217600.0,UPTREND
DC2,2016,11,7,4,45,1,Monday,2016-11-07,3.93,3.93,3.93,3.93,100.0,1478476800.0,SIDEWAY
DC2,2016,11,8,4,45,2,Tuesday,2016-11-08,3.73,3.73,3.6,3.6,19600.0,1478563200.0,DOWNTREND
DC2,2016,11,9,4,45,3,Wednesday,2016-11-09,3.93,3.93,3.93,3.93,100.0,1478649600.0,SIDEWAY
DC2,2016,11,10,4,45,4,Thursday,2016-11-10,3.66,3.93,3.6,3.93,7900.0,1478736000.0,UPTREND
DC2,2016,11,11,4,45,5,Friday,2016-11-11,3.6,3.6,3.6,3.6,1000.0,1478822400.0,SIDEWAY
DC2,2016,11,14,4,46,1,Monday,2016-11-14,3.6,3.6,3.6,3.6,2500.0,1479081600.0,SIDEWAY
DC2,2016,11,15,4,46,2,Tuesday,2016-11-15,3.8,3.8,3.8,3.8,100.0,1479168000.0,SIDEWAY
DC2,2016,11,16,4,46,3,Wednesday,2016-11-16,3.8,4.13,3.8,4.13,12600.0,1479254400.0,UPTREND
DC2,2016,11,17,4,46,4,Thursday,2016-11-17,3.93,4.2,3.8,4.2,8200.0,1479340800.0,UPTREND
DC2,2016,11,18,4,46,5,Friday,2016-11-18,3.86,4.0,3.86,3.93,29500.0,1479427200.0,UPTREND
DC2,2016,11,21,4,47,1,Monday,2016-11-21,3.93,3.93,3.93,3.93,2500.0,1479686400.0,SIDEWAY
DC2,2016,11,22,4,47,2,Tuesday,2016-11-22,3.86,4.0,3.86,4.0,12500.0,1479772800.0,UPTREND
DC2,2016,11,23,4,47,3,Wednesday,2016-11-23,3.93,3.93,3.93,3.93,10000.0,1479859200.0,SIDEWAY
DC2,2016,11,24,4,47,4,Thursday,2016-11-24,3.93,3.93,3.8,3.8,5000.0,1479945600.0,DOWNTREND
DC2,2016,11,25,4,47,5,Friday,2016-11-25,3.86,4.13,3.8,3.8,5300.0,1480032000.0,DOWNTREND
DC2,2016,11,28,4,48,1,Monday,2016-11-28,3.53,3.86,3.53,3.86,3500.0,1480291200.0,UPTREND
DC2,2016,11,29,4,48,2,Tuesday,2016-11-29,3.73,3.8,3.73,3.8,3300.0,1480377600.0,UPTREND
DC2,2016,11,30,4,48,3,Wednesday,2016-11-30,3.73,3.73,3.6,3.6,27100.0,1480464000.0,DOWNTREND
DC2,2016,12,1,4,48,4,Thursday,2016-12-01,3.66,3.66,3.66,3.66,3500.0,1480550400.0,SIDEWAY
DC2,2016,12,2,4,48,5,Friday,2016-12-02,3.6,3.6,3.6,3.6,5200.0,1480636800.0,SIDEWAY
DC2,2016,12,5,4,49,1,Monday,2016-12-05,3.53,3.6,3.53,3.6,1100.0,1480896000.0,UPTREND
DC2,2016,12,6,4,49,2,Tuesday,2016-12-06,3.53,3.53,3.46,3.46,13800.0,1480982400.0,DOWNTREND
DC2,2016,12,7,4,49,3,Wednesday,2016-12-07,3.46,3.46,3.46,3.46,18500.0,1481068800.0,SIDEWAY
DC2,2016,12,8,4,49,4,Thursday,2016-12-08,3.46,3.46,3.33,3.33,16100.0,1481155200.0,DOWNTREND
DC2,2016,12,9,4,49,5,Friday,2016-12-09,3.4,3.46,3.33,3.33,10700.0,1481241600.0,DOWNTREND
DC2,2016,12,12,4,50,1,Monday,2016-12-12,3.46,3.46,3.26,3.26,11700.0,1481500800.0,DOWNTREND
DC2,2016,12,13,4,50,2,Tuesday,2016-12-13,3.4,3.4,3.4,3.4,100.0,1481587200.0,SIDEWAY
DC2,2016,12,14,4,50,3,Wednesday,2016-12-14,3.4,3.46,3.4,3.4,4600.0,1481673600.0,SIDEWAY
DC2,2016,12,15,4,50,4,Thursday,2016-12-15,3.53,3.53,3.46,3.46,1100.0,1481760000.0,DOWNTREND
DC2,2016,12,16,4,50,5,Friday,2016-12-16,3.53,3.6,3.53,3.53,4200.0,1481846400.0,SIDEWAY
DC2,2016,12,19,4,51,1,Monday,2016-12-19,3.46,3.46,3.46,3.46,1900.0,1482105600.0,SIDEWAY
DC2,2016,12,20,4,51,2,Tuesday,2016-12-20,3.46,3.53,3.46,3.53,19300.0,1482192000.0,UPTREND
DC2,2016,12,21,4,51,3,Wednesday,2016-12-21,3.6,3.66,3.6,3.66,2600.0,1482278400.0,UPTREND
DC2,2016,12,22,4,51,4,Thursday,2016-12-22,3.53,3.66,3.33,3.66,3500.0,1482364800.0,UPTREND
DC2,2016,12,23,4,51,5,Friday,2016-12-23,3.73,3.73,3.33,3.33,400.0,1482451200.0,DOWNTREND
DC2,2016,12,26,4,52,1,Monday,2016-12-26,3.06,3.66,3.06,3.66,2300.0,1482710400.0,UPTREND
DC2,2016,12,28,4,52,3,Wednesday,2016-12-28,3.6,3.6,3.6,3.6,600.0,1482883200.0,SIDEWAY
DC2,2016,12,29,4,52,4,Thursday,2016-12-29,3.53,3.53,3.4,3.4,1900.0,1482969600.0,DOWNTREND
DC2,2016,12,30,4,52,5,Friday,2016-12-30,3.6,3.6,3.33,3.33,200.0,1483056000.0,DOWNTREND
DC2,2017,1,3,1,1,2,Tuesday,2017-01-03,3.6,3.6,3.6,3.6,100.0,1483401600.0,SIDEWAY
DC2,2017,1,4,1,1,3,Wednesday,2017-01-04,3.6,3.66,3.33,3.33,3400.0,1483488000.0,DOWNTREND
DC2,2017,1,5,1,1,4,Thursday,2017-01-05,3.53,3.53,3.53,3.53,100.0,1483574400.0,SIDEWAY
DC2,2017,1,9,1,2,1,Monday,2017-01-09,3.26,3.53,3.26,3.53,600.0,1483920000.0,UPTREND
DC2,2017,1,10,1,2,2,Tuesday,2017-01-10,3.53,3.53,3.53,3.53,100.0,1484006400.0,SIDEWAY
DC2,2017,1,20,1,3,5,Friday,2017-01-20,3.2,3.46,3.2,3.46,1800.0,1484870400.0,UPTREND
DC2,2017,1,24,1,4,2,Tuesday,2017-01-24,3.33,3.33,3.33,3.33,100.0,1485216000.0,SIDEWAY
DC2,2017,1,25,1,4,3,Wednesday,2017-01-25,3.4,3.46,3.33,3.46,10800.0,1485302400.0,UPTREND
DC2,2017,2,2,1,5,4,Thursday,2017-02-02,3.53,3.6,3.53,3.6,1200.0,1485993600.0,UPTREND
DC2,2017,2,6,1,6,1,Monday,2017-02-06,3.53,3.53,3.53,3.53,2400.0,1486339200.0,SIDEWAY
DC2,2017,2,9,1,6,4,Thursday,2017-02-09,3.33,3.33,3.33,3.33,1000.0,1486598400.0,SIDEWAY
DC2,2017,2,10,1,6,5,Friday,2017-02-10,3.4,3.4,3.33,3.33,200.0,1486684800.0,DOWNTREND
DC2,2017,2,13,1,7,1,Monday,2017-02-13,3.33,3.4,3.33,3.4,2000.0,1486944000.0,UPTREND
DC2,2017,2,15,1,7,3,Wednesday,2017-02-15,3.33,3.4,3.33,3.4,2100.0,1487116800.0,UPTREND
DC2,2017,2,16,1,7,4,Thursday,2017-02-16,3.2,3.46,3.2,3.46,1400.0,1487203200.0,UPTREND
DC2,2017,2,17,1,7,5,Friday,2017-02-17,3.33,3.33,3.33,3.33,1000.0,1487289600.0,SIDEWAY
DC2,2017,2,20,1,8,1,Monday,2017-02-20,3.46,3.46,3.46,3.46,200.0,1487548800.0,SIDEWAY
DC2,2017,2,21,1,8,2,Tuesday,2017-02-21,3.46,3.6,3.46,3.6,4600.0,1487635200.0,UPTREND
DC2,2017,2,22,1,8,3,Wednesday,2017-02-22,3.4,3.6,3.4,3.6,7200.0,1487721600.0,UPTREND
DC2,2017,2,28,1,9,2,Tuesday,2017-02-28,3.6,3.93,3.6,3.93,14400.0,1488240000.0,UPTREND
DC2,2017,3,1,1,9,3,Wednesday,2017-03-01,3.73,3.73,3.73,3.73,900.0,1488326400.0,SIDEWAY
DC2,2017,3,2,1,9,4,Thursday,2017-03-02,3.66,3.66,3.66,3.66,900.0,1488412800.0,SIDEWAY
DC2,2017,3,3,1,9,5,Friday,2017-03-03,3.8,3.8,3.8,3.8,100.0,1488499200.0,SIDEWAY
DC2,2017,3,6,1,10,1,Monday,2017-03-06,3.66,3.66,3.6,3.6,3300.0,1488758400.0,DOWNTREND
DC2,2017,3,7,1,10,2,Tuesday,2017-03-07,3.6,3.86,3.6,3.8,19700.0,1488844800.0,UPTREND
DC2,2017,3,8,1,10,3,Wednesday,2017-03-08,3.8,3.8,3.8,3.8,4900.0,1488931200.0,SIDEWAY
DC2,2017,3,9,1,10,4,Thursday,2017-03-09,3.73,3.8,3.66,3.8,41200.0,1489017600.0,UPTREND
DC2,2017,3,10,1,10,5,Friday,2017-03-10,3.73,3.8,3.73,3.8,25800.0,1489104000.0,UPTREND
DC2,2017,3,13,1,11,1,Monday,2017-03-13,3.66,3.66,3.66,3.66,19000.0,1489363200.0,SIDEWAY
DC2,2017,3,14,1,11,2,Tuesday,2017-03-14,3.73,3.8,3.73,3.8,7000.0,1489449600.0,UPTREND
DC2,2017,3,15,1,11,3,Wednesday,2017-03-15,3.8,3.93,3.8,3.93,1000.0,1489536000.0,UPTREND
DC2,2017,3,16,1,11,4,Thursday,2017-03-16,3.8,3.8,3.8,3.8,1000.0,1489622400.0,SIDEWAY
DC2,2017,3,20,1,12,1,Monday,2017-03-20,3.8,3.8,3.8,3.8,6900.0,1489968000.0,SIDEWAY
DC2,2017,3,21,1,12,2,Tuesday,2017-03-21,3.8,3.93,3.8,3.93,2800.0,1490054400.0,UPTREND
DC2,2017,3,24,1,12,5,Friday,2017-03-24,4.06,4.06,4.06,4.06,2100.0,1490313600.0,SIDEWAY
DC2,2017,3,27,1,13,1,Monday,2017-03-27,4.39,4.39,4.39,4.39,100.0,1490572800.0,SIDEWAY
DC2,2017,3,28,1,13,2,Tuesday,2017-03-28,4.2,4.39,4.2,4.39,4402.0,1490659200.0,UPTREND
DC2,2017,3,29,1,13,3,Wednesday,2017-03-29,4.53,4.53,4.06,4.06,3900.0,1490745600.0,DOWNTREND
DC2,2017,3,30,1,13,4,Thursday,2017-03-30,4.26,4.26,4.26,4.26,100.0,1490832000.0,SIDEWAY
DC2,2017,3,31,1,13,5,Friday,2017-03-31,4.46,4.46,4.46,4.46,102.0,1490918400.0,SIDEWAY
DC2,2017,4,4,2,14,2,Tuesday,2017-04-04,4.13,4.13,4.13,4.13,31900.0,1491264000.0,SIDEWAY
DC2,2017,4,7,2,14,5,Friday,2017-04-07,4.2,4.2,4.2,4.2,100.0,1491523200.0,SIDEWAY
DC2,2017,4,10,2,15,1,Monday,2017-04-10,3.86,3.86,3.86,3.86,1300.0,1491782400.0,SIDEWAY
DC2,2017,4,11,2,15,2,Tuesday,2017-04-11,4.0,4.0,4.0,4.0,100.0,1491868800.0,SIDEWAY
DC2,2017,4,12,2,15,3,Wednesday,2017-04-12,4.13,4.13,4.13,4.13,500.0,1491955200.0,SIDEWAY
DC2,2017,4,13,2,15,4,Thursday,2017-04-13,4.13,4.26,4.13,4.26,4100.0,1492041600.0,UPTREND
DC2,2017,4,14,2,15,5,Friday,2017-04-14,4.13,4.2,4.13,4.2,900.0,1492128000.0,UPTREND
DC2,2017,4,17,2,16,1,Monday,2017-04-17,4.13,4.2,3.8,3.8,44900.0,1492387200.0,DOWNTREND
DC2,2017,4,18,2,16,2,Tuesday,2017-04-18,3.86,4.06,3.86,3.86,2880.0,1492473600.0,SIDEWAY
DC2,2017,4,19,2,16,3,Wednesday,2017-04-19,3.8,4.0,3.8,4.0,7000.0,1492560000.0,UPTREND
DC2,2017,4,20,2,16,4,Thursday,2017-04-20,3.93,4.39,3.93,4.39,3300.0,1492646400.0,UPTREND
DC2,2017,4,21,2,16,5,Friday,2017-04-21,4.13,4.33,4.13,4.33,600.0,1492732800.0,UPTREND
DC2,2017,4,24,2,17,1,Monday,2017-04-24,4.33,4.33,4.2,4.33,3080.0,1492992000.0,SIDEWAY
DC2,2017,4,25,2,17,2,Tuesday,2017-04-25,4.33,4.53,4.2,4.53,4400.0,1493078400.0,UPTREND
DC2,2017,4,26,2,17,3,Wednesday,2017-04-26,4.26,4.53,4.26,4.53,3100.0,1493164800.0,UPTREND
DC2,2017,4,28,2,17,5,Friday,2017-04-28,4.33,4.53,4.26,4.53,900.0,1493337600.0,UPTREND
DC2,2017,5,4,2,18,4,Thursday,2017-05-04,4.33,4.79,4.33,4.79,1100.0,1493856000.0,UPTREND
DC2,2017,5,5,2,18,5,Friday,2017-05-05,4.53,4.53,4.53,4.53,200.0,1493942400.0,SIDEWAY
DC2,2017,5,8,2,19,1,Monday,2017-05-08,4.53,4.53,4.53,4.53,3300.0,1494201600.0,SIDEWAY
DC2,2017,5,9,2,19,2,Tuesday,2017-05-09,4.53,4.53,4.53,4.53,3000.0,1494288000.0,SIDEWAY
DC2,2017,5,10,2,19,3,Wednesday,2017-05-10,4.26,4.26,4.26,4.26,1200.0,1494374400.0,SIDEWAY
DC2,2017,5,11,2,19,4,Thursday,2017-05-11,4.33,4.39,4.33,4.39,500.0,1494460800.0,UPTREND
DC2,2017,5,16,2,20,2,Tuesday,2017-05-16,4.26,4.26,4.2,4.2,8100.0,1494892800.0,DOWNTREND
DC2,2017,5,17,2,20,3,Wednesday,2017-05-17,4.26,4.26,4.26,4.26,7600.0,1494979200.0,SIDEWAY
DC2,2017,5,18,2,20,4,Thursday,2017-05-18,4.2,4.2,4.2,4.2,100.0,1495065600.0,SIDEWAY
DC2,2017,5,22,2,21,1,Monday,2017-05-22,4.2,4.2,4.2,4.2,2000.0,1495411200.0,SIDEWAY
DC2,2017,5,23,2,21,2,Tuesday,2017-05-23,4.59,4.59,4.59,4.59,300.0,1495497600.0,SIDEWAY
DC2,2017,5,24,2,21,3,Wednesday,2017-05-24,4.26,4.26,4.26,4.26,100.0,1495584000.0,SIDEWAY
DC2,2017,5,26,2,21,5,Friday,2017-05-26,4.33,4.33,4.33,4.33,200.0,1495756800.0,SIDEWAY
DC2,2017,5,30,2,22,2,Tuesday,2017-05-30,4.2,4.2,4.13,4.13,4200.0,1496102400.0,DOWNTREND
DC2,2017,6,2,2,22,5,Friday,2017-06-02,4.33,4.46,4.33,4.46,2500.0,1496361600.0,UPTREND
DC2,2017,6,5,2,23,1,Monday,2017-06-05,4.66,4.66,4.66,4.66,100.0,1496620800.0,SIDEWAY
DC2,2017,6,6,2,23,2,Tuesday,2017-06-06,4.2,5.13,4.2,5.13,3800.0,1496707200.0,UPTREND
DC2,2017,6,8,2,23,4,Thursday,2017-06-08,5.26,5.26,5.26,5.26,900.0,1496880000.0,SIDEWAY
DC2,2017,6,9,2,23,5,Friday,2017-06-09,5.26,5.73,5.26,5.73,2000.0,1496966400.0,UPTREND
DC2,2017,6,12,2,24,1,Monday,2017-06-12,6.19,6.19,5.66,5.73,10100.0,1497225600.0,DOWNTREND
DC2,2017,6,13,2,24,2,Tuesday,2017-06-13,5.59,5.59,5.59,5.59,5000.0,1497312000.0,SIDEWAY
DC2,2017,6,15,2,24,4,Thursday,2017-06-15,5.66,5.66,5.66,5.66,4000.0,1497484800.0,SIDEWAY
DC2,2017,6,21,2,25,3,Wednesday,2017-06-21,5.13,5.59,5.13,5.59,28300.0,1498003200.0,UPTREND
DC2,2017,6,22,2,25,4,Thursday,2017-06-22,5.06,5.06,5.06,5.06,29500.0,1498089600.0,SIDEWAY
DC2,2017,6,23,2,25,5,Friday,2017-06-23,4.99,4.99,4.99,4.99,18200.0,1498176000.0,SIDEWAY
DC2,2017,6,30,2,26,5,Friday,2017-06-30,4.53,4.53,4.53,4.53,100.0,1498780800.0,SIDEWAY
DC2,2017,7,3,3,27,1,Monday,2017-07-03,4.93,4.93,4.93,4.93,10100.0,1499040000.0,SIDEWAY
DC2,2017,7,4,3,27,2,Tuesday,2017-07-04,5.06,5.13,5.06,5.13,5100.0,1499126400.0,UPTREND
DC2,2017,7,5,3,27,3,Wednesday,2017-07-05,5.53,5.53,5.53,5.53,100.0,1499212800.0,SIDEWAY
DC2,2017,7,6,3,27,4,Thursday,2017-07-06,5.06,5.06,5.06,5.06,100.0,1499299200.0,SIDEWAY
DC2,2017,7,10,3,28,1,Monday,2017-07-10,4.79,4.79,4.79,4.79,400.0,1499644800.0,SIDEWAY
DC2,2017,7,11,3,28,2,Tuesday,2017-07-11,4.99,4.99,4.99,4.99,5100.0,1499731200.0,SIDEWAY
DC2,2017,7,13,3,28,4,Thursday,2017-07-13,5.46,5.46,5.13,5.13,200.0,1499904000.0,DOWNTREND
DC2,2017,7,17,3,29,1,Monday,2017-07-17,5.39,5.39,5.39,5.39,100.0,1500249600.0,SIDEWAY
DC2,2017,7,19,3,29,3,Wednesday,2017-07-19,5.06,5.93,4.99,5.93,4400.0,1500422400.0,UPTREND
DC2,2017,7,20,3,29,4,Thursday,2017-07-20,5.39,5.86,5.39,5.86,300.0,1500508800.0,UPTREND
DC2,2017,7,21,3,29,5,Friday,2017-07-21,5.33,5.33,5.33,5.33,300.0,1500595200.0,SIDEWAY
DC2,2017,7,24,3,30,1,Monday,2017-07-24,4.99,5.73,4.79,5.73,19800.0,1500854400.0,UPTREND
DC2,2017,7,25,3,30,2,Tuesday,2017-07-25,5.19,5.86,5.19,5.86,1500.0,1500940800.0,UPTREND
DC2,2017,7,26,3,30,3,Wednesday,2017-07-26,5.33,5.73,5.33,5.73,500.0,1501027200.0,UPTREND
DC2,2017,7,27,3,30,4,Thursday,2017-07-27,5.19,5.19,5.19,5.19,2120.0,1501113600.0,SIDEWAY
DC2,2017,7,28,3,30,5,Friday,2017-07-28,4.79,4.79,4.79,4.79,110.0,1501200000.0,SIDEWAY
DC2,2017,7,31,3,31,1,Monday,2017-07-31,5.19,5.19,5.19,5.19,1900.0,1501459200.0,SIDEWAY
DC2,2017,8,1,3,31,2,Tuesday,2017-08-01,5.53,5.53,5.53,5.53,700.0,1501545600.0,SIDEWAY
DC2,2017,8,3,3,31,4,Thursday,2017-08-03,5.06,5.06,5.06,5.06,5000.0,1501718400.0,SIDEWAY
DC2,2017,8,8,3,32,2,Tuesday,2017-08-08,4.79,5.33,4.73,5.33,11000.0,1502150400.0,UPTREND
DC2,2017,8,9,3,32,3,Wednesday,2017-08-09,4.86,5.33,4.79,5.33,49200.0,1502236800.0,UPTREND
DC2,2017,8,10,3,32,4,Thursday,2017-08-10,4.86,5.33,4.79,5.19,21900.0,1502323200.0,UPTREND
DC2,2017,8,11,3,32,5,Friday,2017-08-11,4.79,4.79,4.79,4.79,3700.0,1502409600.0,SIDEWAY
DC2,2017,8,14,3,33,1,Monday,2017-08-14,4.86,4.86,4.86,4.86,4000.0,1502668800.0,SIDEWAY
DC2,2017,8,16,3,33,3,Wednesday,2017-08-16,4.86,4.86,4.86,4.86,4500.0,1502841600.0,SIDEWAY
DC2,2017,8,18,3,33,5,Friday,2017-08-18,4.86,4.86,4.86,4.86,4000.0,1503014400.0,SIDEWAY
DC2,2017,8,21,3,34,1,Monday,2017-08-21,4.86,4.86,4.86,4.86,4000.0,1503273600.0,SIDEWAY
DC2,2017,8,23,3,34,3,Wednesday,2017-08-23,5.33,5.33,4.73,4.73,1100.0,1503446400.0,DOWNTREND
DC2,2017,8,29,3,35,2,Tuesday,2017-08-29,4.73,4.73,4.73,4.73,600.0,1503964800.0,SIDEWAY
DC2,2017,8,31,3,35,4,Thursday,2017-08-31,4.86,4.86,4.86,4.86,8300.0,1504137600.0,SIDEWAY
DC2,2017,9,1,3,35,5,Friday,2017-09-01,5.33,5.33,5.33,5.33,21930.0,1504224000.0,SIDEWAY
DC2,2017,9,5,3,36,2,Tuesday,2017-09-05,5.46,5.86,5.46,5.86,9100.0,1504569600.0,UPTREND
DC2,2017,9,7,3,36,4,Thursday,2017-09-07,5.86,6.39,5.86,6.39,18000.0,1504742400.0,UPTREND
DC2,2017,9,8,3,36,5,Friday,2017-09-08,5.99,6.66,5.99,6.66,1700.0,1504828800.0,UPTREND
DC2,2017,9,11,3,37,1,Monday,2017-09-11,6.59,6.66,6.59,6.66,1100.0,1505088000.0,UPTREND
DC2,2017,9,13,3,37,3,Wednesday,2017-09-13,7.17,7.17,7.17,7.17,200.0,1505260800.0,SIDEWAY
DC2,2017,9,15,3,37,5,Friday,2017-09-15,7.67,7.67,7.67,7.67,100.0,1505433600.0,SIDEWAY
DC2,2017,9,21,3,38,4,Thursday,2017-09-21,6.95,6.95,6.95,6.95,100.0,1505952000.0,SIDEWAY
DC2,2017,9,25,3,39,1,Monday,2017-09-25,7.24,7.24,7.24,7.24,100.0,1506297600.0,SIDEWAY
DC2,2017,9,26,3,39,2,Tuesday,2017-09-26,7.24,7.89,7.24,7.89,1800.0,1506384000.0,UPTREND
DC2,2017,10,4,4,40,3,Wednesday,2017-10-04,8.54,8.54,8.54,8.54,100.0,1507075200.0,SIDEWAY
DC2,2017,10,5,4,40,4,Thursday,2017-10-05,8.54,8.54,8.54,8.54,700.0,1507161600.0,SIDEWAY
DC2,2017,10,12,4,41,4,Thursday,2017-10-12,7.75,7.75,7.75,7.75,100.0,1507766400.0,SIDEWAY
DC2,2017,10,18,4,42,3,Wednesday,2017-10-18,8.11,8.47,8.11,8.47,200.0,1508284800.0,UPTREND
DC2,2017,10,20,4,42,5,Friday,2017-10-20,9.27,9.27,9.27,9.27,100.0,1508457600.0,SIDEWAY
DC2,2017,12,14,4,50,4,Thursday,2017-12-14,8.4,8.4,8.4,8.4,100.0,1513209600.0,SIDEWAY
DC2,2017,12,15,4,50,5,Friday,2017-12-15,7.6,7.6,7.6,7.6,100.0,1513296000.0,SIDEWAY
DC2,2017,12,20,4,51,3,Wednesday,2017-12-20,7.24,7.24,6.88,6.88,500.0,1513728000.0,DOWNTREND
DC2,2017,12,21,4,51,4,Thursday,2017-12-21,6.51,6.51,6.51,6.51,200.0,1513814400.0,SIDEWAY
DC2,2017,12,22,4,51,5,Friday,2017-12-22,5.86,5.86,5.86,5.86,200.0,1513900800.0,SIDEWAY
DC2,2017,12,25,4,52,1,Monday,2017-12-25,5.28,5.28,5.28,5.28,500.0,1514160000.0,SIDEWAY
DC2,2017,12,26,4,52,2,Tuesday,2017-12-26,5.36,5.36,5.28,5.28,6000.0,1514246400.0,DOWNTREND
DC2,2017,12,27,4,52,3,Wednesday,2017-12-27,4.78,4.78,4.78,4.78,100.0,1514332800.0,SIDEWAY
DC2,2017,12,28,4,52,4,Thursday,2017-12-28,4.34,4.34,4.34,4.34,100.0,1514419200.0,SIDEWAY
DC2,2017,12,29,4,52,5,Friday,2017-12-29,4.78,4.78,4.78,4.78,8400.0,1514505600.0,SIDEWAY
DC2,2018,1,3,1,1,3,Wednesday,2018-01-03,5.21,5.21,4.78,5.14,600.0,1514937600.0,DOWNTREND
DC2,2018,1,11,1,2,4,Thursday,2018-01-11,5.14,5.14,5.14,5.14,100.0,1515628800.0,SIDEWAY
DC2,2018,1,15,1,3,1,Monday,2018-01-15,4.92,4.92,4.92,4.92,2300.0,1515974400.0,SIDEWAY
DC2,2018,1,16,1,3,2,Tuesday,2018-01-16,4.92,4.92,4.92,4.92,19700.0,1516060800.0,SIDEWAY
DC2,2018,1,17,1,3,3,Wednesday,2018-01-17,4.92,4.99,4.92,4.92,31600.0,1516147200.0,SIDEWAY
DC2,2018,1,18,1,3,4,Thursday,2018-01-18,4.92,4.92,4.92,4.92,100.0,1516233600.0,SIDEWAY
DC2,2018,1,22,1,4,1,Monday,2018-01-22,4.92,4.92,4.78,4.78,3300.0,1516579200.0,DOWNTREND
DC2,2018,1,23,1,4,2,Tuesday,2018-01-23,4.71,4.71,4.71,4.71,100.0,1516665600.0,SIDEWAY
DC2,2018,1,26,1,4,5,Friday,2018-01-26,5.07,5.07,5.07,5.07,110.0,1516924800.0,SIDEWAY
DC2,2018,1,30,1,5,2,Tuesday,2018-01-30,5.07,5.07,5.07,5.07,900.0,1517270400.0,SIDEWAY
DC2,2018,1,31,1,5,3,Wednesday,2018-01-31,5.07,5.07,5.07,5.07,100.0,1517356800.0,SIDEWAY
DC2,2018,2,22,1,8,4,Thursday,2018-02-22,4.92,4.92,4.92,4.92,100.0,1519257600.0,SIDEWAY
DC2,2018,2,26,1,9,1,Monday,2018-02-26,4.56,4.56,4.56,4.56,5400.0,1519603200.0,SIDEWAY
DC2,2018,3,1,1,9,4,Thursday,2018-03-01,4.78,4.78,4.78,4.78,100.0,1519862400.0,SIDEWAY
DC2,2018,3,2,1,9,5,Friday,2018-03-02,4.85,4.85,4.85,4.85,100.0,1519948800.0,SIDEWAY
DC2,2018,3,5,1,10,1,Monday,2018-03-05,4.85,4.85,4.85,4.85,1000.0,1520208000.0,SIDEWAY
DC2,2018,3,9,1,10,5,Friday,2018-03-09,4.71,4.71,4.71,4.71,1700.0,1520553600.0,SIDEWAY
DC2,2018,3,21,1,12,3,Wednesday,2018-03-21,4.71,4.71,4.71,4.71,4400.0,1521590400.0,SIDEWAY
DC2,2018,4,2,2,14,1,Monday,2018-04-02,5.07,5.07,5.07,5.07,100.0,1522627200.0,SIDEWAY
DC2,2018,4,6,2,14,5,Friday,2018-04-06,5.07,5.07,5.07,5.07,1000.0,1522972800.0,SIDEWAY
DC2,2018,4,16,2,16,1,Monday,2018-04-16,4.78,4.78,4.78,4.78,6000.0,1523836800.0,SIDEWAY
DC2,2018,4,17,2,16,2,Tuesday,2018-04-17,4.71,4.71,4.71,4.71,10000.0,1523923200.0,SIDEWAY
DC2,2018,4,20,2,16,5,Friday,2018-04-20,4.49,4.49,4.34,4.34,9500.0,1524182400.0,DOWNTREND
DC2,2018,5,7,2,19,1,Monday,2018-05-07,4.78,4.78,4.78,4.78,600.0,1525651200.0,SIDEWAY
DC2,2018,5,22,2,21,2,Tuesday,2018-05-22,4.99,4.99,4.99,4.99,100.0,1526947200.0,SIDEWAY
DC2,2018,5,30,2,22,3,Wednesday,2018-05-30,5.43,5.43,5.43,5.43,100.0,1527638400.0,SIDEWAY
DC2,2018,6,26,2,26,2,Tuesday,2018-06-26,5.07,5.07,5.07,5.07,5000.0,1529971200.0,SIDEWAY
DC2,2018,6,28,2,26,4,Thursday,2018-06-28,5.07,5.57,5.07,5.57,1604.0,1530144000.0,UPTREND
DC2,2018,6,29,2,26,5,Friday,2018-06-29,6.08,6.08,6.08,6.08,300.0,1530230400.0,SIDEWAY
DC2,2018,7,2,3,27,1,Monday,2018-07-02,6.59,6.59,6.59,6.59,100.0,1530489600.0,SIDEWAY
DC2,2018,7,16,3,29,1,Monday,2018-07-16,6.51,6.51,6.51,6.51,400.0,1531699200.0,SIDEWAY
DC2,2018,11,7,4,45,3,Wednesday,2018-11-07,5.96,5.96,5.88,5.88,1900.0,1541548800.0,DOWNTREND
DC2,2018,11,12,4,46,1,Monday,2018-11-12,5.88,5.88,5.88,5.88,5000.0,1541980800.0,SIDEWAY
DC2,2019,3,15,1,11,5,Friday,2019-03-15,5.88,5.88,5.88,5.88,5.0,1552608000.0,SIDEWAY
DC2,2019,3,20,1,12,3,Wednesday,2019-03-20,5.88,5.88,5.88,5.88,5.0,1553040000.0,SIDEWAY
DC2,2019,5,3,2,18,5,Friday,2019-05-03,5.32,5.32,5.32,5.32,2000.0,1556841600.0,SIDEWAY
DC2,2019,5,21,2,21,2,Tuesday,2019-05-21,4.85,4.85,4.85,4.85,100.0,1558396800.0,SIDEWAY
DC2,2019,5,22,2,21,3,Wednesday,2019-05-22,4.37,4.37,4.37,4.37,100.0,1558483200.0,SIDEWAY
DC2,2019,5,23,2,21,4,Thursday,2019-05-23,4.05,4.05,4.05,4.05,2000.0,1558569600.0,SIDEWAY
DC2,2019,5,24,2,21,5,Friday,2019-05-24,4.45,4.45,4.05,4.05,300.0,1558656000.0,DOWNTREND
DC2,2019,5,27,2,22,1,Monday,2019-05-27,3.89,3.89,3.89,3.89,100.0,1558915200.0,SIDEWAY
DC2,2019,5,28,2,22,2,Tuesday,2019-05-28,3.89,3.89,3.89,3.89,100.0,1559001600.0,SIDEWAY
DC2,2019,5,30,2,22,4,Thursday,2019-05-30,3.58,3.58,3.58,3.58,100.0,1559174400.0,SIDEWAY
DC2,2019,6,3,2,23,1,Monday,2019-06-03,3.89,3.89,3.26,3.26,200.0,1559520000.0,DOWNTREND
DC2,2019,6,4,2,23,2,Tuesday,2019-06-04,3.58,3.58,3.58,3.58,100.0,1559606400.0,SIDEWAY
DC2,2019,6,5,2,23,3,Wednesday,2019-06-05,3.89,3.89,3.89,3.89,100.0,1559692800.0,SIDEWAY
DC2,2019,6,6,2,23,4,Thursday,2019-06-06,4.21,4.21,3.58,3.58,200.0,1559779200.0,DOWNTREND
DC2,2019,6,7,2,23,5,Friday,2019-06-07,3.89,3.89,3.89,3.89,100.0,1559865600.0,SIDEWAY
DC2,2019,6,10,2,24,1,Monday,2019-06-10,4.21,4.21,3.65,3.65,300.0,1560124800.0,DOWNTREND
DC2,2019,6,13,2,24,4,Thursday,2019-06-13,3.97,3.97,3.34,3.97,300.0,1560384000.0,SIDEWAY
DC2,2019,7,2,3,27,2,Tuesday,2019-07-02,4.05,4.05,4.05,4.05,1000.0,1562025600.0,SIDEWAY
DC2,2019,7,3,3,27,3,Wednesday,2019-07-03,4.05,4.05,3.97,3.97,5340.0,1562112000.0,DOWNTREND
DC2,2019,8,20,3,34,2,Tuesday,2019-08-20,3.97,3.97,3.97,3.97,500.0,1566259200.0,SIDEWAY
DC2,2019,10,7,4,41,1,Monday,2019-10-07,4.05,4.05,4.05,4.05,2000.0,1570406400.0,SIDEWAY
DC2,2019,10,10,4,41,4,Thursday,2019-10-10,4.21,4.45,4.21,4.45,57500.0,1570665600.0,UPTREND
DC2,2019,10,11,4,41,5,Friday,2019-10-11,4.53,4.53,4.53,4.53,2500.0,1570752000.0,SIDEWAY
DC2,2019,11,5,4,45,2,Tuesday,2019-11-05,4.45,4.45,4.45,4.45,100.0,1572912000.0,SIDEWAY
DC2,2019,11,7,4,45,4,Thursday,2019-11-07,4.05,4.05,4.05,4.05,200.0,1573084800.0,SIDEWAY
DC2,2019,11,13,4,46,3,Wednesday,2019-11-13,4.29,4.29,4.13,4.13,20000.0,1573603200.0,DOWNTREND
DC2,2019,11,20,4,47,3,Wednesday,2019-11-20,4.13,4.13,4.13,4.13,5000.0,1574208000.0,SIDEWAY
DC2,2019,11,22,4,47,5,Friday,2019-11-22,4.13,4.13,4.13,4.13,100.0,1574380800.0,SIDEWAY
DC2,2019,11,25,4,48,1,Monday,2019-11-25,4.29,4.29,4.21,4.21,3500.0,1574640000.0,DOWNTREND
DC2,2019,11,26,4,48,2,Tuesday,2019-11-26,4.21,4.37,4.21,4.37,15000.0,1574726400.0,UPTREND
DC2,2019,11,28,4,48,4,Thursday,2019-11-28,4.13,4.13,4.13,4.13,1900.0,1574899200.0,SIDEWAY
DC2,2019,12,19,4,51,4,Thursday,2019-12-19,4.13,4.13,4.13,4.13,10000.0,1576713600.0,SIDEWAY
DC2,2019,12,20,4,51,5,Friday,2019-12-20,4.13,4.13,4.13,4.13,4500.0,1576800000.0,SIDEWAY
DC2,2019,12,23,4,52,1,Monday,2019-12-23,4.13,4.13,4.13,4.13,5000.0,1577059200.0,SIDEWAY
DC2,2019,12,24,4,52,2,Tuesday,2019-12-24,4.13,4.13,4.13,4.13,2000.0,1577145600.0,SIDEWAY
DC2,2019,12,27,4,52,5,Friday,2019-12-27,3.97,4.13,3.97,4.13,2000.0,1577404800.0,UPTREND
DC2,2020,1,22,1,4,3,Wednesday,2020-01-22,4.13,4.13,4.13,4.13,1000.0,1579651200.0,SIDEWAY
DC2,2020,2,4,1,6,2,Tuesday,2020-02-04,3.97,4.13,3.97,3.97,19500.0,1580774400.0,SIDEWAY
DC2,2020,2,5,1,6,3,Wednesday,2020-02-05,3.97,3.97,3.97,3.97,10000.0,1580860800.0,SIDEWAY
DC2,2020,2,6,1,6,4,Thursday,2020-02-06,3.97,4.13,3.97,3.97,10600.0,1580947200.0,SIDEWAY
DC2,2020,2,7,1,6,5,Friday,2020-02-07,3.97,3.97,3.97,3.97,15000.0,1581033600.0,SIDEWAY
DC2,2020,2,10,1,7,1,Monday,2020-02-10,3.97,3.97,3.97,3.97,15600.0,1581292800.0,SIDEWAY
DC2,2020,2,11,1,7,2,Tuesday,2020-02-11,3.97,3.97,3.97,3.97,10000.0,1581379200.0,SIDEWAY
DC2,2020,2,13,1,7,4,Thursday,2020-02-13,3.97,3.97,3.97,3.97,15200.0,1581552000.0,SIDEWAY
DC2,2020,2,14,1,7,5,Friday,2020-02-14,3.97,3.97,3.97,3.97,15000.0,1581638400.0,SIDEWAY
DC2,2020,2,17,1,8,1,Monday,2020-02-17,3.97,3.97,3.97,3.97,100.0,1581897600.0,SIDEWAY
DC2,2020,2,20,1,8,4,Thursday,2020-02-20,3.97,3.97,3.97,3.97,200.0,1582156800.0,SIDEWAY
DC2,2020,2,25,1,9,2,Tuesday,2020-02-25,3.97,3.97,3.97,3.97,14300.0,1582588800.0,SIDEWAY
DC2,2020,2,26,1,9,3,Wednesday,2020-02-26,3.97,3.97,3.97,3.97,10000.0,1582675200.0,SIDEWAY
DC2,2020,2,27,1,9,4,Thursday,2020-02-27,3.97,3.97,3.97,3.97,7000.0,1582761600.0,SIDEWAY
DC2,2020,2,28,1,9,5,Friday,2020-02-28,3.97,4.13,3.97,4.05,32400.0,1582848000.0,UPTREND
DC2,2020,3,3,1,10,2,Tuesday,2020-03-03,4.05,4.21,4.05,4.21,35100.0,1583193600.0,UPTREND
DC2,2020,3,4,1,10,3,Wednesday,2020-03-04,4.21,4.53,4.21,4.53,41000.0,1583280000.0,UPTREND
DC2,2020,3,5,1,10,4,Thursday,2020-03-05,4.53,4.93,4.53,4.93,15900.0,1583366400.0,UPTREND
DC2,2020,3,6,1,10,5,Friday,2020-03-06,4.69,5.4,4.69,5.4,67200.0,1583452800.0,UPTREND
DC2,2020,3,9,1,11,1,Monday,2020-03-09,5.4,5.64,5.4,5.64,60000.0,1583712000.0,UPTREND
DC2,2020,3,10,1,11,2,Tuesday,2020-03-10,5.88,6.2,5.72,6.2,20800.0,1583798400.0,UPTREND
DC2,2020,3,11,1,11,3,Wednesday,2020-03-11,6.04,6.04,5.72,5.72,10200.0,1583884800.0,DOWNTREND
DC2,2020,3,12,1,11,4,Thursday,2020-03-12,5.48,5.48,5.16,5.16,15900.0,1583971200.0,DOWNTREND
DC2,2020,3,13,1,11,5,Friday,2020-03-13,4.85,4.85,4.69,4.69,9200.0,1584057600.0,DOWNTREND
DC2,2020,3,16,1,12,1,Monday,2020-03-16,4.69,4.69,4.69,4.69,500.0,1584316800.0,SIDEWAY
DC2,2020,3,18,1,12,3,Wednesday,2020-03-18,5.08,5.08,5.08,5.08,100.0,1584489600.0,SIDEWAY
DC2,2020,3,19,1,12,4,Thursday,2020-03-19,5.0,5.32,5.0,5.08,20900.0,1584576000.0,UPTREND
DC2,2020,3,20,1,12,5,Friday,2020-03-20,5.0,5.0,5.0,5.0,100.0,1584662400.0,SIDEWAY
DC2,2020,3,23,1,13,1,Monday,2020-03-23,4.77,4.77,4.77,4.77,20000.0,1584921600.0,SIDEWAY
DC2,2020,3,24,1,13,2,Tuesday,2020-03-24,4.93,5.0,4.85,5.0,29000.0,1585008000.0,UPTREND
DC2,2020,3,25,1,13,3,Wednesday,2020-03-25,5.16,5.16,5.16,5.16,100.0,1585094400.0,SIDEWAY
DC2,2020,3,26,1,13,4,Thursday,2020-03-26,5.16,5.16,4.69,5.0,14100.0,1585180800.0,DOWNTREND
DC2,2020,3,27,1,13,5,Friday,2020-03-27,4.61,4.77,4.61,4.77,6700.0,1585267200.0,UPTREND
DC2,2020,3,30,1,14,1,Monday,2020-03-30,4.77,4.77,4.77,4.77,7900.0,1585526400.0,SIDEWAY
DC2,2020,4,6,2,15,1,Monday,2020-04-06,4.45,4.45,4.45,4.45,1000.0,1586131200.0,SIDEWAY
DC2,2020,4,9,2,15,4,Thursday,2020-04-09,4.61,4.61,4.61,4.61,100.0,1586390400.0,SIDEWAY
DC2,2020,4,14,2,16,2,Tuesday,2020-04-14,4.85,4.93,4.61,4.93,21100.0,1586822400.0,UPTREND
DC2,2020,4,16,2,16,4,Thursday,2020-04-16,4.93,5.08,4.93,5.08,40000.0,1586995200.0,UPTREND
DC2,2020,4,17,2,16,5,Friday,2020-04-17,5.08,5.08,5.08,5.08,100.0,1587081600.0,SIDEWAY
DC2,2020,4,20,2,17,1,Monday,2020-04-20,4.61,4.69,4.61,4.69,2800.0,1587340800.0,UPTREND
DC2,2020,4,22,2,17,3,Wednesday,2020-04-22,4.77,4.77,4.77,4.77,19000.0,1587513600.0,SIDEWAY
DC2,2020,4,23,2,17,4,Thursday,2020-04-23,4.93,4.93,4.93,4.93,100.0,1587600000.0,SIDEWAY
DC2,2020,5,4,2,19,1,Monday,2020-05-04,4.69,4.69,4.69,4.69,14400.0,1588550400.0,SIDEWAY
DC2,2020,5,14,2,20,4,Thursday,2020-05-14,4.77,4.77,4.77,4.77,4000.0,1589414400.0,SIDEWAY
DC2,2020,5,20,2,21,3,Wednesday,2020-05-20,4.85,4.93,4.85,4.93,4300.0,1589932800.0,UPTREND
DC2,2020,5,21,2,21,4,Thursday,2020-05-21,4.93,4.93,4.93,4.93,3100.0,1590019200.0,SIDEWAY
DC2,2020,5,22,2,21,5,Friday,2020-05-22,5.16,5.16,5.16,5.16,100.0,1590105600.0,SIDEWAY
DC2,2020,5,28,2,22,4,Thursday,2020-05-28,5.24,5.24,5.24,5.24,3000.0,1590624000.0,SIDEWAY
DC2,2020,6,2,2,23,2,Tuesday,2020-06-02,5.16,5.16,5.16,5.16,6900.0,1591056000.0,SIDEWAY
DC2,2020,6,4,2,23,4,Thursday,2020-06-04,4.93,5.0,4.93,5.0,2100.0,1591228800.0,UPTREND
DC2,2020,6,5,2,23,5,Friday,2020-06-05,5.0,5.0,4.93,4.93,6600.0,1591315200.0,DOWNTREND
DC2,2020,6,15,2,25,1,Monday,2020-06-15,4.93,4.93,4.93,4.93,10000.0,1592179200.0,SIDEWAY
DC2,2020,6,24,2,26,3,Wednesday,2020-06-24,5.08,5.08,5.0,5.0,5000.0,1592956800.0,DOWNTREND
DC2,2020,6,25,2,26,4,Thursday,2020-06-25,5.0,5.0,5.0,5.0,500.0,1593043200.0,SIDEWAY
DC2,2020,6,29,2,27,1,Monday,2020-06-29,5.16,5.16,5.16,5.16,2000.0,1593388800.0,SIDEWAY
DC2,2020,7,7,3,28,2,Tuesday,2020-07-07,5.16,5.16,5.16,5.16,1000.0,1594080000.0,SIDEWAY
DC2,2020,7,16,3,29,4,Thursday,2020-07-16,5.32,5.32,5.32,5.32,5000.0,1594857600.0,SIDEWAY
DC2,2020,7,22,3,30,3,Wednesday,2020-07-22,5.64,5.64,5.64,5.64,200.0,1595376000.0,SIDEWAY
DC2,2020,7,23,3,30,4,Thursday,2020-07-23,5.4,5.4,5.4,5.4,200.0,1595462400.0,SIDEWAY
DC2,2020,7,31,3,31,5,Friday,2020-07-31,5.16,5.16,5.16,5.16,200.0,1596153600.0,SIDEWAY
DC2,2020,8,5,3,32,3,Wednesday,2020-08-05,5.4,5.4,5.4,5.4,4600.0,1596585600.0,SIDEWAY
DC2,2020,8,6,3,32,4,Thursday,2020-08-06,5.4,5.4,5.32,5.32,600.0,1596672000.0,DOWNTREND
DC2,2020,8,12,3,33,3,Wednesday,2020-08-12,5.64,5.64,5.64,5.64,100.0,1597190400.0,SIDEWAY
DC2,2020,8,14,3,33,5,Friday,2020-08-14,5.64,6.2,5.64,6.2,10200.0,1597363200.0,UPTREND
DC2,2020,8,17,3,34,1,Monday,2020-08-17,6.2,6.2,6.2,6.2,15100.0,1597622400.0,SIDEWAY
DC2,2020,8,18,3,34,2,Tuesday,2020-08-18,5.8,6.2,5.8,6.2,5100.0,1597708800.0,UPTREND
DC2,2020,8,19,3,34,3,Wednesday,2020-08-19,6.75,6.75,5.64,6.2,700.0,1597795200.0,DOWNTREND
DC2,2020,8,20,3,34,4,Thursday,2020-08-20,5.72,6.75,5.72,6.2,6500.0,1597881600.0,UPTREND
DC2,2020,8,21,3,34,5,Friday,2020-08-21,5.72,5.72,5.72,5.72,2900.0,1597968000.0,SIDEWAY
DC2,2020,8,24,3,35,1,Monday,2020-08-24,5.72,5.72,5.4,5.4,6000.0,1598227200.0,DOWNTREND
DC2,2020,8,25,3,35,2,Tuesday,2020-08-25,5.4,5.4,5.4,5.4,100.0,1598313600.0,SIDEWAY
DC2,2020,8,26,3,35,3,Wednesday,2020-08-26,5.56,5.56,5.56,5.56,400.0,1598400000.0,SIDEWAY
DC2,2020,8,28,3,35,5,Friday,2020-08-28,5.64,5.64,5.64,5.64,100.0,1598572800.0,SIDEWAY
DC2,2020,8,31,3,36,1,Monday,2020-08-31,6.04,6.04,6.04,6.04,100.0,1598832000.0,SIDEWAY
DC2,2020,9,1,3,36,2,Tuesday,2020-09-01,6.04,6.04,6.04,6.04,3100.0,1598918400.0,SIDEWAY
DC2,2020,9,3,3,36,4,Thursday,2020-09-03,6.04,6.04,6.04,6.04,1600.0,1599091200.0,SIDEWAY
DC2,2020,9,9,3,37,3,Wednesday,2020-09-09,5.88,5.88,5.88,5.88,100.0,1599609600.0,SIDEWAY
DC2,2020,9,15,3,38,2,Tuesday,2020-09-15,6.43,6.43,6.43,6.43,100.0,1600128000.0,SIDEWAY
DC2,2020,9,16,3,38,3,Wednesday,2020-09-16,6.2,6.2,6.2,6.2,1900.0,1600214400.0,SIDEWAY
DC2,2020,9,25,3,39,5,Friday,2020-09-25,5.8,5.8,5.8,5.8,2000.0,1600992000.0,SIDEWAY
DC2,2020,9,28,3,40,1,Monday,2020-09-28,6.36,6.36,6.36,6.36,2300.0,1601251200.0,SIDEWAY
DC2,2020,9,29,3,40,2,Tuesday,2020-09-29,6.28,6.51,6.28,6.51,6000.0,1601337600.0,UPTREND
DC2,2020,9,30,3,40,3,Wednesday,2020-09-30,7.07,7.07,7.07,7.07,100.0,1601424000.0,SIDEWAY
DC2,2020,10,2,4,40,5,Friday,2020-10-02,7.15,7.15,7.15,7.15,2000.0,1601596800.0,SIDEWAY
DC2,2020,10,7,4,41,3,Wednesday,2020-10-07,7.87,7.87,7.87,7.87,100.0,1602028800.0,SIDEWAY
DC2,2020,10,8,4,41,4,Thursday,2020-10-08,8.58,8.58,8.5,8.5,1100.0,1602115200.0,DOWNTREND
DC2,2020,10,13,4,42,2,Tuesday,2020-10-13,8.34,8.34,7.71,7.71,1000.0,1602547200.0,DOWNTREND
DC2,2020,10,14,4,42,3,Wednesday,2020-10-14,6.99,6.99,6.99,6.99,2000.0,1602633600.0,SIDEWAY
DC2,2020,10,15,4,42,4,Thursday,2020-10-15,7.63,7.63,7.63,7.63,100.0,1602720000.0,SIDEWAY
DC2,2020,10,16,4,42,5,Friday,2020-10-16,8.34,8.34,6.91,6.91,200.0,1602806400.0,DOWNTREND
DC2,2020,10,21,4,43,3,Wednesday,2020-10-21,6.91,6.91,6.75,6.75,7600.0,1603238400.0,DOWNTREND
DC2,2020,10,23,4,43,5,Friday,2020-10-23,7.39,7.39,7.39,7.39,3700.0,1603411200.0,SIDEWAY
DC2,2020,10,29,4,44,4,Thursday,2020-10-29,7.95,7.95,7.95,7.95,100.0,1603929600.0,SIDEWAY
DC2,2020,11,3,4,45,2,Tuesday,2020-11-03,7.95,7.95,7.95,7.95,500.0,1604361600.0,SIDEWAY
DC2,2020,11,4,4,45,3,Wednesday,2020-11-04,7.15,7.95,7.15,7.95,2100.0,1604448000.0,UPTREND
DC2,2020,11,5,4,45,4,Thursday,2020-11-05,7.55,7.55,7.55,7.55,5500.0,1604534400.0,SIDEWAY
DC2,2020,11,6,4,45,5,Friday,2020-11-06,7.55,7.55,7.55,7.55,2000.0,1604620800.0,SIDEWAY
DC2,2020,11,9,4,46,1,Monday,2020-11-09,6.99,6.99,6.99,6.99,100.0,1604880000.0,SIDEWAY
DC2,2020,11,10,4,46,2,Tuesday,2020-11-10,6.43,6.43,6.43,6.43,100.0,1604966400.0,SIDEWAY
DC2,2020,11,11,4,46,3,Wednesday,2020-11-11,7.07,7.07,7.07,7.07,1000.0,1605052800.0,SIDEWAY
DC2,2020,11,12,4,46,4,Thursday,2020-11-12,6.51,6.51,6.51,6.51,100.0,1605139200.0,SIDEWAY
DC2,2020,11,16,4,47,1,Monday,2020-11-16,7.15,7.15,7.15,7.15,3200.0,1605484800.0,SIDEWAY
DC2,2020,11,23,4,48,1,Monday,2020-11-23,7.87,7.87,7.87,7.87,100.0,1606089600.0,SIDEWAY
DC2,2020,11,25,4,48,3,Wednesday,2020-11-25,7.55,7.55,7.55,7.55,1000.0,1606262400.0,SIDEWAY
DC2,2020,11,26,4,48,4,Thursday,2020-11-26,7.87,7.87,7.71,7.71,2100.0,1606348800.0,DOWNTREND
DC2,2020,11,27,4,48,5,Friday,2020-11-27,7.87,7.95,7.79,7.95,3200.0,1606435200.0,UPTREND
DC2,2020,11,30,4,49,1,Monday,2020-11-30,8.02,8.02,7.15,7.15,4200.0,1606694400.0,DOWNTREND
DC2,2020,12,1,4,49,2,Tuesday,2020-12-01,7.63,7.87,7.55,7.55,9600.0,1606780800.0,DOWNTREND
DC2,2020,12,2,4,49,3,Wednesday,2020-12-02,8.1,8.1,7.95,7.95,1600.0,1606867200.0,DOWNTREND
DC2,2020,12,3,4,49,4,Thursday,2020-12-03,8.74,8.74,8.26,8.26,3100.0,1606953600.0,DOWNTREND
DC2,2020,12,4,4,49,5,Friday,2020-12-04,7.71,7.71,7.55,7.55,10000.0,1607040000.0,DOWNTREND
DC2,2020,12,8,4,50,2,Tuesday,2020-12-08,7.55,7.55,7.55,7.55,500.0,1607385600.0,SIDEWAY
DC2,2020,12,9,4,50,3,Wednesday,2020-12-09,7.55,7.55,7.55,7.55,200.0,1607472000.0,SIDEWAY
DC2,2020,12,10,4,50,4,Thursday,2020-12-10,7.63,7.63,7.55,7.55,4100.0,1607558400.0,DOWNTREND
DC2,2020,12,14,4,51,1,Monday,2020-12-14,7.63,7.63,7.55,7.55,200.0,1607904000.0,DOWNTREND
DC2,2020,12,16,4,51,3,Wednesday,2020-12-16,7.55,7.55,7.55,7.55,1100.0,1608076800.0,SIDEWAY
DC2,2020,12,17,4,51,4,Thursday,2020-12-17,7.63,7.71,7.63,7.71,5300.0,1608163200.0,UPTREND
DC2,2020,12,18,4,51,5,Friday,2020-12-18,7.63,7.63,7.55,7.55,4500.0,1608249600.0,DOWNTREND
DC2,2020,12,21,4,52,1,Monday,2020-12-21,7.79,7.79,7.79,7.79,12200.0,1608508800.0,SIDEWAY
DC2,2020,12,22,4,52,2,Tuesday,2020-12-22,8.34,8.34,8.34,8.34,400.0,1608595200.0,SIDEWAY
DC2,2020,12,23,4,52,3,Wednesday,2020-12-23,7.71,7.71,7.63,7.63,3900.0,1608681600.0,DOWNTREND
DC2,2020,12,24,4,52,4,Thursday,2020-12-24,8.1,8.1,8.1,8.1,100.0,1608768000.0,SIDEWAY
DC2,2020,12,28,4,53,1,Monday,2020-12-28,7.71,7.79,7.71,7.71,4600.0,1609113600.0,SIDEWAY
DC2,2020,12,29,4,53,2,Tuesday,2020-12-29,8.42,8.42,7.23,7.23,200.0,1609200000.0,DOWNTREND
DC2,2020,12,30,4,53,3,Wednesday,2020-12-30,7.95,7.95,7.95,7.95,500.0,1609286400.0,SIDEWAY
DC2,2020,12,31,4,53,4,Thursday,2020-12-31,8.34,8.34,7.55,7.71,2200.0,1609372800.0,DOWNTREND
DC2,2021,1,4,1,1,1,Monday,2021-01-04,8.18,8.18,7.55,7.55,5000.0,1609718400.0,DOWNTREND
DC2,2021,1,5,1,1,2,Tuesday,2021-01-05,8.26,8.26,7.55,7.55,2900.0,1609804800.0,DOWNTREND
DC2,2021,1,6,1,1,3,Wednesday,2021-01-06,8.1,8.1,7.63,7.63,3600.0,1609891200.0,DOWNTREND
DC2,2021,1,7,1,1,4,Thursday,2021-01-07,7.63,7.63,7.63,7.63,4100.0,1609977600.0,SIDEWAY
DC2,2021,1,8,1,1,5,Friday,2021-01-08,7.63,8.34,7.63,8.34,30100.0,1610064000.0,UPTREND
DC2,2021,1,11,1,2,1,Monday,2021-01-11,8.9,9.14,8.9,9.14,1200.0,1610323200.0,UPTREND
DC2,2021,1,12,1,2,2,Tuesday,2021-01-12,10.01,10.01,10.01,10.01,113000.0,1610409600.0,SIDEWAY
DC2,2021,1,13,1,2,3,Wednesday,2021-01-13,10.01,10.96,9.53,10.25,120500.0,1610496000.0,UPTREND
DC2,2021,1,14,1,2,4,Thursday,2021-01-14,10.17,10.96,10.17,10.65,146900.0,1610582400.0,UPTREND
DC2,2021,1,15,1,2,5,Friday,2021-01-15,10.49,10.88,9.93,10.72,10500.0,1610668800.0,UPTREND
DC2,2021,1,18,1,3,1,Monday,2021-01-18,10.8,11.04,10.72,10.88,19000.0,1610928000.0,UPTREND
DC2,2021,1,19,1,3,2,Tuesday,2021-01-19,10.88,10.88,9.85,10.25,56600.0,1611014400.0,DOWNTREND
DC2,2021,1,20,1,3,3,Wednesday,2021-01-20,10.25,10.33,9.85,10.33,12200.0,1611100800.0,UPTREND
DC2,2021,1,21,1,3,4,Thursday,2021-01-21,10.49,10.49,10.25,10.33,11700.0,1611187200.0,DOWNTREND
DC2,2021,1,22,1,3,5,Friday,2021-01-22,10.33,10.33,9.61,9.85,15400.0,1611273600.0,DOWNTREND
DC2,2021,1,25,1,4,1,Monday,2021-01-25,10.25,10.25,9.69,9.93,42400.0,1611532800.0,DOWNTREND
DC2,2021,1,26,1,4,2,Tuesday,2021-01-26,9.69,9.93,9.14,9.14,23100.0,1611619200.0,DOWNTREND
DC2,2021,1,27,1,4,3,Wednesday,2021-01-27,9.45,9.45,8.9,9.29,45700.0,1611705600.0,DOWNTREND
DC2,2021,1,28,1,4,4,Thursday,2021-01-28,9.29,9.29,8.42,8.66,31000.0,1611792000.0,DOWNTREND
DC2,2021,1,29,1,4,5,Friday,2021-01-29,8.58,9.14,7.87,8.34,11900.0,1611878400.0,DOWNTREND
DC2,2021,2,1,1,5,1,Monday,2021-02-01,8.74,8.74,7.95,8.58,3000.0,1612137600.0,DOWNTREND
DC2,2021,2,2,1,5,2,Tuesday,2021-02-02,8.74,8.74,8.74,8.74,100.0,1612224000.0,SIDEWAY
DC2,2021,2,3,1,5,3,Wednesday,2021-02-03,8.74,9.38,8.74,9.38,7500.0,1612310400.0,UPTREND
DC2,2021,2,4,1,5,4,Thursday,2021-02-04,8.74,9.22,8.74,9.14,3800.0,1612396800.0,UPTREND
DC2,2021,2,5,1,5,5,Friday,2021-02-05,8.66,9.14,8.66,9.14,700.0,1612483200.0,UPTREND
DC2,2021,2,8,1,6,1,Monday,2021-02-08,9.14,9.29,8.42,9.06,11200.0,1612742400.0,DOWNTREND
DC2,2021,2,9,1,6,2,Tuesday,2021-02-09,9.38,9.38,8.58,8.58,24300.0,1612828800.0,DOWNTREND
DC2,2021,2,17,1,7,3,Wednesday,2021-02-17,8.66,8.74,8.58,8.74,8100.0,1613520000.0,UPTREND
DC2,2021,2,18,1,7,4,Thursday,2021-02-18,9.06,9.61,9.06,9.61,22100.0,1613606400.0,UPTREND
DC2,2021,2,19,1,7,5,Friday,2021-02-19,9.61,10.25,9.29,9.61,2100.0,1613692800.0,SIDEWAY
DC2,2021,2,22,1,8,1,Monday,2021-02-22,9.69,9.77,9.22,9.69,17700.0,1613952000.0,SIDEWAY
DC2,2021,2,23,1,8,2,Tuesday,2021-02-23,9.61,9.69,9.38,9.38,6500.0,1614038400.0,DOWNTREND
DC2,2021,2,24,1,8,3,Wednesday,2021-02-24,9.38,10.01,9.38,9.93,34700.0,1614124800.0,UPTREND
DC2,2021,2,25,1,8,4,Thursday,2021-02-25,10.01,10.25,9.93,10.25,17700.0,1614211200.0,UPTREND
DC2,2021,2,26,1,8,5,Friday,2021-02-26,10.09,10.09,9.53,10.09,19900.0,1614297600.0,SIDEWAY
DC2,2021,3,1,1,9,1,Monday,2021-03-01,9.69,10.01,9.69,10.01,200.0,1614556800.0,UPTREND
DC2,2021,3,2,1,9,2,Tuesday,2021-03-02,10.17,10.17,9.77,10.01,5000.0,1614643200.0,DOWNTREND
DC2,2021,3,3,1,9,3,Wednesday,2021-03-03,10.01,10.09,9.93,10.09,103800.0,1614729600.0,UPTREND
DC2,2021,3,4,1,9,4,Thursday,2021-03-04,10.17,10.72,9.93,10.41,98900.0,1614816000.0,UPTREND
DC2,2021,3,5,1,9,5,Friday,2021-03-05,10.41,11.04,10.41,10.8,22000.0,1614902400.0,UPTREND
DC2,2021,3,8,1,10,1,Monday,2021-03-08,10.8,10.88,10.65,10.88,13800.0,1615161600.0,UPTREND
DC2,2021,3,9,1,10,2,Tuesday,2021-03-09,10.88,10.88,10.33,10.88,34500.0,1615248000.0,SIDEWAY
DC2,2021,3,10,1,10,3,Wednesday,2021-03-10,10.8,10.8,10.41,10.41,16100.0,1615334400.0,DOWNTREND
DC2,2021,3,11,1,10,4,Thursday,2021-03-11,10.49,10.49,10.17,10.25,15500.0,1615420800.0,DOWNTREND
DC2,2021,3,12,1,10,5,Friday,2021-03-12,10.41,10.41,10.41,10.41,200.0,1615507200.0,SIDEWAY
DC2,2021,3,15,1,11,1,Monday,2021-03-15,10.25,10.33,10.17,10.25,12200.0,1615766400.0,SIDEWAY
DC2,2021,3,16,1,11,2,Tuesday,2021-03-16,10.25,10.49,10.25,10.49,8700.0,1615852800.0,UPTREND
DC2,2021,3,17,1,11,3,Wednesday,2021-03-17,10.57,10.57,10.49,10.49,400.0,1615939200.0,DOWNTREND
DC2,2021,3,18,1,11,4,Thursday,2021-03-18,10.57,10.65,10.25,10.25,4100.0,1616025600.0,DOWNTREND
DC2,2021,3,19,1,11,5,Friday,2021-03-19,9.93,10.49,9.93,10.25,7200.0,1616112000.0,UPTREND
DC2,2021,3,22,1,12,1,Monday,2021-03-22,10.25,11.12,9.93,10.72,48400.0,1616371200.0,UPTREND
DC2,2021,3,23,1,12,2,Tuesday,2021-03-23,10.88,11.76,10.88,11.76,208000.0,1616457600.0,UPTREND
DC2,2021,3,24,1,12,3,Wednesday,2021-03-24,12.87,12.87,12.79,12.87,79600.0,1616544000.0,SIDEWAY
DC2,2021,3,25,1,12,4,Thursday,2021-03-25,13.9,14.14,12.95,14.14,54300.0,1616630400.0,UPTREND
DC2,2021,3,26,1,12,5,Friday,2021-03-26,15.1,15.41,12.79,13.35,89500.0,1616716800.0,DOWNTREND
DC2,2021,3,29,1,13,1,Monday,2021-03-29,13.51,13.66,12.63,13.11,62000.0,1616976000.0,DOWNTREND
DC2,2021,3,30,1,13,2,Tuesday,2021-03-30,13.03,13.19,12.63,12.87,35300.0,1617062400.0,DOWNTREND
DC2,2021,3,31,1,13,3,Wednesday,2021-03-31,12.95,13.11,12.87,13.11,21200.0,1617148800.0,UPTREND
DC2,2021,4,1,2,13,4,Thursday,2021-04-01,13.11,13.19,12.71,12.95,18000.0,1617235200.0,DOWNTREND
DC2,2021,4,2,2,13,5,Friday,2021-04-02,13.11,13.11,12.87,12.87,62900.0,1617321600.0,DOWNTREND
DC2,2021,4,5,2,14,1,Monday,2021-04-05,12.87,12.95,12.63,12.63,42300.0,1617580800.0,DOWNTREND
DC2,2021,4,6,2,14,2,Tuesday,2021-04-06,12.95,12.95,11.84,12.71,12800.0,1617667200.0,DOWNTREND
DC2,2021,4,7,2,14,3,Wednesday,2021-04-07,12.63,13.19,12.63,13.03,30800.0,1617753600.0,UPTREND
DC2,2021,4,8,2,14,4,Thursday,2021-04-08,13.03,13.03,12.71,13.03,17200.0,1617840000.0,SIDEWAY
DC2,2021,4,9,2,14,5,Friday,2021-04-09,12.95,13.11,12.87,13.11,10800.0,1617926400.0,UPTREND
DC2,2021,4,12,2,15,1,Monday,2021-04-12,13.03,13.11,12.87,13.11,26400.0,1618185600.0,UPTREND
DC2,2021,4,13,2,15,2,Tuesday,2021-04-13,12.95,12.95,12.47,12.71,25700.0,1618272000.0,DOWNTREND
DC2,2021,4,14,2,15,3,Wednesday,2021-04-14,12.71,12.71,12.63,12.63,14500.0,1618358400.0,DOWNTREND
DC2,2021,4,15,2,15,4,Thursday,2021-04-15,12.55,12.71,12.39,12.71,15800.0,1618444800.0,UPTREND
DC2,2021,4,16,2,15,5,Friday,2021-04-16,12.55,12.63,12.47,12.63,22300.0,1618531200.0,UPTREND
DC2,2021,4,19,2,16,1,Monday,2021-04-19,12.55,12.63,12.55,12.55,22200.0,1618790400.0,SIDEWAY
DC2,2021,4,20,2,16,2,Tuesday,2021-04-20,12.71,13.11,12.55,13.11,13800.0,1618876800.0,UPTREND
DC2,2021,4,22,2,16,4,Thursday,2021-04-22,13.11,13.11,12.63,12.63,14400.0,1619049600.0,DOWNTREND
DC2,2021,4,23,2,16,5,Friday,2021-04-23,12.63,13.19,12.63,12.87,36600.0,1619136000.0,UPTREND
DC2,2021,4,26,2,17,1,Monday,2021-04-26,12.87,14.14,12.79,13.98,73500.0,1619395200.0,UPTREND
DC2,2021,4,27,2,17,2,Tuesday,2021-04-27,13.98,13.98,12.71,13.11,18800.0,1619481600.0,DOWNTREND
DC2,2021,4,28,2,17,3,Wednesday,2021-04-28,13.11,13.11,12.79,13.11,9800.0,1619568000.0,SIDEWAY
DC2,2021,4,29,2,17,4,Thursday,2021-04-29,13.11,13.11,12.71,12.79,23900.0,1619654400.0,DOWNTREND
DC2,2021,5,4,2,18,2,Tuesday,2021-05-04,12.55,12.63,12.31,12.55,19300.0,1620086400.0,SIDEWAY
DC2,2021,5,5,2,18,3,Wednesday,2021-05-05,12.55,12.63,12.47,12.47,12700.0,1620172800.0,DOWNTREND
DC2,2021,5,6,2,18,4,Thursday,2021-05-06,12.47,12.87,12.39,12.63,11500.0,1620259200.0,UPTREND
DC2,2021,5,7,2,18,5,Friday,2021-05-07,12.55,12.63,12.31,12.63,11200.0,1620345600.0,UPTREND
DC2,2021,5,10,2,19,1,Monday,2021-05-10,12.63,12.63,12.31,12.55,14500.0,1620604800.0,DOWNTREND
DC2,2021,5,11,2,19,2,Tuesday,2021-05-11,12.31,12.63,12.23,12.63,12800.0,1620691200.0,UPTREND
DC2,2021,5,12,2,19,3,Wednesday,2021-05-12,12.63,12.63,12.39,12.55,2600.0,1620777600.0,DOWNTREND
DC2,2021,5,13,2,19,4,Thursday,2021-05-13,12.55,12.55,12.23,12.23,16700.0,1620864000.0,DOWNTREND
DC2,2021,5,14,2,19,5,Friday,2021-05-14,12.23,12.31,12.08,12.23,6200.0,1620950400.0,SIDEWAY
DC2,2021,5,17,2,20,1,Monday,2021-05-17,12.23,12.23,12.0,12.0,500.0,1621209600.0,DOWNTREND
DC2,2021,5,18,2,20,2,Tuesday,2021-05-18,12.08,12.55,12.08,12.55,1800.0,1621296000.0,UPTREND
DC2,2021,5,19,2,20,3,Wednesday,2021-05-19,12.55,12.55,12.08,12.08,1600.0,1621382400.0,DOWNTREND
DC2,2021,5,20,2,20,4,Thursday,2021-05-20,12.15,12.23,10.96,12.0,12600.0,1621468800.0,DOWNTREND
DC2,2021,5,21,2,20,5,Friday,2021-05-21,11.52,12.23,11.52,11.52,12000.0,1621555200.0,SIDEWAY
DC2,2021,5,24,2,21,1,Monday,2021-05-24,11.68,11.68,11.6,11.6,1200.0,1621814400.0,DOWNTREND
DC2,2021,5,25,2,21,2,Tuesday,2021-05-25,11.52,11.6,11.2,11.52,12100.0,1621900800.0,SIDEWAY
DC2,2021,5,26,2,21,3,Wednesday,2021-05-26,11.44,12.08,10.96,11.12,18700.0,1621987200.0,DOWNTREND
DC2,2021,5,27,2,21,4,Thursday,2021-05-27,11.12,11.12,11.12,11.12,300.0,1622073600.0,SIDEWAY
DC2,2021,5,28,2,21,5,Friday,2021-05-28,11.44,11.76,11.44,11.76,4900.0,1622160000.0,UPTREND
DC2,2021,5,31,2,22,1,Monday,2021-05-31,11.2,11.6,10.65,11.12,11800.0,1622419200.0,DOWNTREND
DC2,2021,6,1,2,22,2,Tuesday,2021-06-01,11.12,11.92,10.8,11.92,21200.0,1622505600.0,UPTREND
DC2,2021,6,2,2,22,3,Wednesday,2021-06-02,12.08,12.31,11.92,11.92,12500.0,1622592000.0,DOWNTREND
DC2,2021,6,3,2,22,4,Thursday,2021-06-03,11.28,11.92,11.12,11.84,8300.0,1622678400.0,UPTREND
DC2,2021,6,4,2,22,5,Friday,2021-06-04,11.52,11.76,11.28,11.36,8000.0,1622764800.0,DOWNTREND
DC2,2021,6,7,2,23,1,Monday,2021-06-07,11.76,11.84,11.28,11.36,17900.0,1623024000.0,DOWNTREND
DC2,2021,6,8,2,23,2,Tuesday,2021-06-08,11.76,11.76,11.36,11.68,6500.0,1623110400.0,DOWNTREND
DC2,2021,6,9,2,23,3,Wednesday,2021-06-09,11.84,11.84,11.44,11.76,7300.0,1623196800.0,DOWNTREND
DC2,2021,6,10,2,23,4,Thursday,2021-06-10,11.76,11.76,11.76,11.76,1100.0,1623283200.0,SIDEWAY
DC2,2021,6,11,2,23,5,Friday,2021-06-11,11.76,11.92,11.36,11.36,13300.0,1623369600.0,DOWNTREND
DC2,2021,6,14,2,24,1,Monday,2021-06-14,11.36,11.76,11.36,11.76,400.0,1623628800.0,UPTREND
DC2,2021,6,15,2,24,2,Tuesday,2021-06-15,11.76,11.76,11.68,11.76,28400.0,1623715200.0,SIDEWAY
DC2,2021,6,16,2,24,3,Wednesday,2021-06-16,11.52,11.84,11.52,11.84,3200.0,1623801600.0,UPTREND
DC2,2021,6,17,2,24,4,Thursday,2021-06-17,11.84,11.92,11.68,11.92,13400.0,1623888000.0,UPTREND
DC2,2021,6,18,2,24,5,Friday,2021-06-18,11.92,11.92,10.72,11.84,13700.0,1623974400.0,DOWNTREND
DC2,2021,6,21,2,25,1,Monday,2021-06-21,11.84,11.84,11.52,11.76,3000.0,1624233600.0,DOWNTREND
DC2,2021,6,22,2,25,2,Tuesday,2021-06-22,11.6,11.6,11.44,11.44,6900.0,1624320000.0,DOWNTREND
DC2,2021,6,23,2,25,3,Wednesday,2021-06-23,11.44,11.76,11.44,11.6,6600.0,1624406400.0,UPTREND
DC2,2021,6,24,2,25,4,Thursday,2021-06-24,11.44,11.76,11.44,11.6,1200.0,1624492800.0,UPTREND
DC2,2021,6,25,2,25,5,Friday,2021-06-25,11.68,11.68,11.6,11.68,8100.0,1624579200.0,SIDEWAY
DC2,2021,6,28,2,26,1,Monday,2021-06-28,11.68,11.68,11.52,11.52,6100.0,1624838400.0,DOWNTREND
DC2,2021,6,29,2,26,2,Tuesday,2021-06-29,11.52,11.6,11.2,11.2,13700.0,1624924800.0,DOWNTREND
DC2,2021,6,30,2,26,3,Wednesday,2021-06-30,11.28,11.28,11.28,11.28,8600.0,1625011200.0,SIDEWAY
DC2,2021,7,1,3,26,4,Thursday,2021-07-01,11.12,11.44,11.12,11.44,10600.0,1625097600.0,UPTREND
DC2,2021,7,2,3,26,5,Friday,2021-07-02,11.28,11.52,11.2,11.2,3000.0,1625184000.0,DOWNTREND
DC2,2021,7,5,3,27,1,Monday,2021-07-05,11.2,11.36,11.12,11.36,3600.0,1625443200.0,UPTREND
DC2,2021,7,6,3,27,2,Tuesday,2021-07-06,11.2,11.2,10.96,10.96,2600.0,1625529600.0,DOWNTREND
DC2,2021,7,7,3,27,3,Wednesday,2021-07-07,10.96,11.12,10.96,10.96,4200.0,1625616000.0,SIDEWAY
DC2,2021,7,8,3,27,4,Thursday,2021-07-08,11.2,11.28,10.96,11.28,3500.0,1625702400.0,UPTREND
DC2,2021,7,9,3,27,5,Friday,2021-07-09,11.12,11.28,10.49,11.28,15700.0,1625788800.0,UPTREND
DC2,2021,7,12,3,28,1,Monday,2021-07-12,11.12,11.12,10.17,10.33,11000.0,1626048000.0,DOWNTREND
DC2,2021,7,13,3,28,2,Tuesday,2021-07-13,10.25,10.41,9.53,10.41,4500.0,1626134400.0,UPTREND
DC2,2021,7,14,3,28,3,Wednesday,2021-07-14,10.25,10.72,10.09,10.65,1600.0,1626220800.0,UPTREND
DC2,2021,7,15,3,28,4,Thursday,2021-07-15,10.57,10.65,10.57,10.57,2400.0,1626307200.0,SIDEWAY
DC2,2021,7,16,3,28,5,Friday,2021-07-16,10.57,10.65,10.25,10.25,1600.0,1626393600.0,DOWNTREND
DC2,2021,7,19,3,29,1,Monday,2021-07-19,11.27,11.27,10.0,11.18,16100.0,1626652800.0,DOWNTREND
DC2,2021,7,21,3,29,3,Wednesday,2021-07-21,10.46,11.18,10.09,11.18,7900.0,1626825600.0,UPTREND
DC2,2021,7,22,3,29,4,Thursday,2021-07-22,11.09,11.09,11.09,11.09,1000.0,1626912000.0,SIDEWAY
DC2,2021,7,26,3,30,1,Monday,2021-07-26,11.0,11.0,11.0,11.0,800.0,1627257600.0,SIDEWAY
DC2,2021,7,27,3,30,2,Tuesday,2021-07-27,10.82,10.82,10.82,10.82,100.0,1627344000.0,SIDEWAY
DC2,2021,7,28,3,30,3,Wednesday,2021-07-28,10.55,10.64,10.09,10.18,1900.0,1627430400.0,DOWNTREND
DC2,2021,7,29,3,30,4,Thursday,2021-07-29,10.18,10.82,10.18,10.18,2000.0,1627516800.0,SIDEWAY
DC2,2021,7,30,3,30,5,Friday,2021-07-30,10.73,11.18,10.73,11.09,1800.0,1627603200.0,UPTREND
DC2,2021,8,2,3,31,1,Monday,2021-08-02,10.46,10.46,10.27,10.36,500.0,1627862400.0,DOWNTREND
DC2,2021,8,3,3,31,2,Tuesday,2021-08-03,10.46,10.91,10.46,10.55,2500.0,1627948800.0,UPTREND
DC2,2021,8,4,3,31,3,Wednesday,2021-08-04,10.46,10.46,10.36,10.46,1000.0,1628035200.0,SIDEWAY
DC2,2021,8,5,3,31,4,Thursday,2021-08-05,10.46,10.64,10.46,10.64,1400.0,1628121600.0,UPTREND
DC2,2021,8,6,3,31,5,Friday,2021-08-06,10.73,11.09,10.36,10.36,10800.0,1628208000.0,DOWNTREND
DC2,2021,8,9,3,32,1,Monday,2021-08-09,10.82,11.36,10.82,11.36,22800.0,1628467200.0,UPTREND
DC2,2021,8,10,3,32,2,Tuesday,2021-08-10,11.64,11.64,11.36,11.36,1300.0,1628553600.0,DOWNTREND
DC2,2021,8,11,3,32,3,Wednesday,2021-08-11,11.09,11.36,11.09,11.27,2600.0,1628640000.0,UPTREND
DC2,2021,8,12,3,32,4,Thursday,2021-08-12,11.27,11.46,11.27,11.36,3100.0,1628726400.0,UPTREND
DC2,2021,8,13,3,32,5,Friday,2021-08-13,11.27,11.27,10.91,10.91,600.0,1628812800.0,DOWNTREND
DC2,2021,8,16,3,33,1,Monday,2021-08-16,10.91,11.36,10.91,10.91,4500.0,1629072000.0,SIDEWAY
DC2,2021,8,17,3,33,2,Tuesday,2021-08-17,10.91,11.36,10.82,10.82,5100.0,1629158400.0,DOWNTREND
DC2,2021,8,18,3,33,3,Wednesday,2021-08-18,10.91,11.18,10.91,11.18,800.0,1629244800.0,UPTREND
DC2,2021,8,20,3,33,5,Friday,2021-08-20,11.0,11.0,10.64,10.64,5200.0,1629417600.0,DOWNTREND
DC2,2021,8,24,3,34,2,Tuesday,2021-08-24,10.55,10.64,10.55,10.64,300.0,1629763200.0,UPTREND
DC2,2021,8,26,3,34,4,Thursday,2021-08-26,10.64,10.64,10.46,10.64,6200.0,1629936000.0,SIDEWAY
DC2,2021,8,27,3,34,5,Friday,2021-08-27,10.64,10.91,10.64,10.91,13400.0,1630022400.0,UPTREND
DC2,2021,8,30,3,35,1,Monday,2021-08-30,10.91,10.91,10.64,10.91,4400.0,1630281600.0,SIDEWAY
DC2,2021,8,31,3,35,2,Tuesday,2021-08-31,11.0,11.18,11.0,11.18,6300.0,1630368000.0,UPTREND
DC2,2021,9,1,3,35,3,Wednesday,2021-09-01,10.82,10.82,10.73,10.82,1900.0,1630454400.0,SIDEWAY
DC2,2021,9,6,3,36,1,Monday,2021-09-06,10.91,11.46,10.91,11.18,3700.0,1630886400.0,UPTREND
DC2,2021,9,7,3,36,2,Tuesday,2021-09-07,11.55,12.0,11.46,11.82,6200.0,1630972800.0,UPTREND
DC2,2021,9,8,3,36,3,Wednesday,2021-09-08,11.09,11.46,11.09,11.46,700.0,1631059200.0,UPTREND
DC2,2021,9,9,3,36,4,Thursday,2021-09-09,11.46,11.82,11.46,11.82,1900.0,1631145600.0,UPTREND
DC2,2021,9,10,3,36,5,Friday,2021-09-10,11.82,11.82,11.27,11.46,2300.0,1631232000.0,DOWNTREND
DC2,2021,9,13,3,37,1,Monday,2021-09-13,11.46,11.64,11.46,11.64,6000.0,1631491200.0,UPTREND
DC2,2021,9,14,3,37,2,Tuesday,2021-09-14,11.27,11.46,11.27,11.27,2000.0,1631577600.0,SIDEWAY
DC2,2021,9,15,3,37,3,Wednesday,2021-09-15,11.27,12.36,11.27,12.36,12600.0,1631664000.0,UPTREND
DC2,2021,9,16,3,37,4,Thursday,2021-09-16,12.27,12.36,11.64,11.64,2000.0,1631750400.0,DOWNTREND
DC2,2021,9,17,3,37,5,Friday,2021-09-17,11.64,12.27,11.64,11.64,4600.0,1631836800.0,SIDEWAY
DC2,2021,9,20,3,38,1,Monday,2021-09-20,11.64,12.0,11.55,11.91,12700.0,1632096000.0,UPTREND
DC2,2021,9,21,3,38,2,Tuesday,2021-09-21,11.36,12.0,11.36,12.0,23200.0,1632182400.0,UPTREND
DC2,2021,9,22,3,38,3,Wednesday,2021-09-22,12.0,12.36,11.82,12.27,11000.0,1632268800.0,UPTREND
DC2,2021,9,23,3,38,4,Thursday,2021-09-23,12.18,12.82,12.09,12.82,13100.0,1632355200.0,UPTREND
DC2,2021,9,24,3,38,5,Friday,2021-09-24,12.82,12.82,12.09,12.18,17000.0,1632441600.0,DOWNTREND
DC2,2021,9,27,3,39,1,Monday,2021-09-27,12.18,12.18,11.36,11.36,13300.0,1632700800.0,DOWNTREND
DC2,2021,9,28,3,39,2,Tuesday,2021-09-28,11.73,11.82,11.73,11.82,3300.0,1632787200.0,UPTREND
DC2,2021,9,29,3,39,3,Wednesday,2021-09-29,11.36,11.82,11.36,11.64,2000.0,1632873600.0,UPTREND
DC2,2021,9,30,3,39,4,Thursday,2021-09-30,11.64,11.82,11.64,11.82,6100.0,1632960000.0,UPTREND
DC2,2021,10,1,4,39,5,Friday,2021-10-01,11.46,11.73,11.46,11.73,400.0,1633046400.0,UPTREND
DC2,2021,10,4,4,40,1,Monday,2021-10-04,11.73,11.73,11.36,11.64,1700.0,1633305600.0,DOWNTREND
DC2,2021,10,5,4,40,2,Tuesday,2021-10-05,11.64,11.64,11.46,11.46,8300.0,1633392000.0,DOWNTREND
DC2,2021,10,6,4,40,3,Wednesday,2021-10-06,11.46,11.73,11.46,11.73,10200.0,1633478400.0,UPTREND
DC2,2021,10,7,4,40,4,Thursday,2021-10-07,11.82,11.91,11.46,11.46,15400.0,1633564800.0,DOWNTREND
DC2,2021,10,8,4,40,5,Friday,2021-10-08,12.0,12.09,11.91,12.09,15900.0,1633651200.0,UPTREND
DC2,2021,10,11,4,41,1,Monday,2021-10-11,12.09,13.27,12.09,13.27,50300.0,1633910400.0,UPTREND
DC2,2021,10,12,4,41,2,Tuesday,2021-10-12,14.36,14.55,13.64,13.91,62700.0,1633996800.0,DOWNTREND
DC2,2021,10,13,4,41,3,Wednesday,2021-10-13,13.91,13.91,13.73,13.73,5000.0,1634083200.0,DOWNTREND
DC2,2021,10,14,4,41,4,Thursday,2021-10-14,13.64,13.73,13.18,13.55,16900.0,1634169600.0,DOWNTREND
DC2,2021,10,15,4,41,5,Friday,2021-10-15,12.91,13.64,12.91,13.64,14700.0,1634256000.0,UPTREND
DC2,2021,10,18,4,42,1,Monday,2021-10-18,13.73,14.64,13.64,14.27,58600.0,1634515200.0,UPTREND
DC2,2021,10,19,4,42,2,Tuesday,2021-10-19,14.46,14.46,13.64,14.09,20400.0,1634601600.0,DOWNTREND
DC2,2021,10,20,4,42,3,Wednesday,2021-10-20,13.27,13.64,13.27,13.55,10100.0,1634688000.0,UPTREND
DC2,2021,10,21,4,42,4,Thursday,2021-10-21,13.64,13.82,13.46,13.82,23300.0,1634774400.0,UPTREND
DC2,2021,10,22,4,42,5,Friday,2021-10-22,13.55,13.91,13.55,13.82,17600.0,1634860800.0,UPTREND
DC2,2021,10,25,4,43,1,Monday,2021-10-25,13.82,14.0,13.82,14.0,56700.0,1635120000.0,UPTREND
DC2,2021,10,26,4,43,2,Tuesday,2021-10-26,14.0,14.0,13.27,13.64,18800.0,1635206400.0,DOWNTREND
DC2,2021,10,27,4,43,3,Wednesday,2021-10-27,13.73,13.73,13.46,13.46,17700.0,1635292800.0,DOWNTREND
DC2,2021,10,28,4,43,4,Thursday,2021-10-28,13.27,13.64,13.18,13.55,37400.0,1635379200.0,UPTREND
DC2,2021,10,29,4,43,5,Friday,2021-10-29,13.27,13.55,13.27,13.46,15400.0,1635465600.0,UPTREND
DC2,2021,11,1,4,44,1,Monday,2021-11-01,13.46,14.09,13.46,14.09,87900.0,1635724800.0,UPTREND
DC2,2021,11,2,4,44,2,Tuesday,2021-11-02,14.09,15.46,14.09,15.46,96800.0,1635811200.0,UPTREND
DC2,2021,11,3,4,44,3,Wednesday,2021-11-03,15.46,17.0,15.46,17.0,103100.0,1635897600.0,UPTREND
DC2,2021,11,4,4,44,4,Thursday,2021-11-04,16.36,16.36,15.36,15.36,52100.0,1635984000.0,DOWNTREND
DC2,2021,11,5,4,44,5,Friday,2021-11-05,15.0,16.36,14.64,15.18,42700.0,1636070400.0,UPTREND
DC2,2021,11,8,4,45,1,Monday,2021-11-08,15.18,15.73,15.18,15.46,22300.0,1636329600.0,UPTREND
DC2,2021,11,9,4,45,2,Tuesday,2021-11-09,15.46,16.36,15.0,15.0,20500.0,1636416000.0,DOWNTREND
DC2,2021,11,10,4,45,3,Wednesday,2021-11-10,14.91,15.18,14.36,14.55,73200.0,1636502400.0,DOWNTREND
DC2,2021,11,11,4,45,4,Thursday,2021-11-11,15.18,15.18,14.55,14.91,29400.0,1636588800.0,DOWNTREND
DC2,2021,11,12,4,45,5,Friday,2021-11-12,15.0,15.18,14.55,14.73,47500.0,1636675200.0,DOWNTREND
DC2,2021,11,15,4,46,1,Monday,2021-11-15,14.55,15.27,14.55,15.09,25900.0,1636934400.0,UPTREND
DC2,2021,11,16,4,46,2,Tuesday,2021-11-16,15.27,15.91,14.73,14.73,29900.0,1637020800.0,DOWNTREND
DC2,2021,11,17,4,46,3,Wednesday,2021-11-17,15.0,15.0,14.64,14.82,24500.0,1637107200.0,DOWNTREND
DC2,2021,11,18,4,46,4,Thursday,2021-11-18,15.0,15.0,14.73,14.82,39000.0,1637193600.0,DOWNTREND
DC2,2021,11,19,4,46,5,Friday,2021-11-19,14.82,15.0,14.73,14.73,24800.0,1637280000.0,DOWNTREND
DC2,2021,11,22,4,47,1,Monday,2021-11-22,14.55,14.55,13.27,13.36,37500.0,1637539200.0,DOWNTREND
DC2,2021,11,23,4,47,2,Tuesday,2021-11-23,12.64,13.36,12.46,13.36,34300.0,1637625600.0,UPTREND
DC2,2021,11,24,4,47,3,Wednesday,2021-11-24,14.27,14.55,13.64,13.64,15800.0,1637712000.0,DOWNTREND
DC2,2021,11,25,4,47,4,Thursday,2021-11-25,13.64,14.09,13.64,13.91,5000.0,1637798400.0,UPTREND
DC2,2021,11,26,4,47,5,Friday,2021-11-26,13.91,13.91,12.73,13.64,6700.0,1637884800.0,DOWNTREND
DC2,2021,11,29,4,48,1,Monday,2021-11-29,12.91,13.64,12.91,13.36,11000.0,1638144000.0,UPTREND
DC2,2021,11,30,4,48,2,Tuesday,2021-11-30,13.36,13.46,13.18,13.46,10800.0,1638230400.0,UPTREND
DC2,2021,12,1,4,48,3,Wednesday,2021-12-01,12.82,13.55,12.82,13.46,19200.0,1638316800.0,UPTREND
DC2,2021,12,2,4,48,4,Thursday,2021-12-02,13.46,13.46,13.18,13.36,12600.0,1638403200.0,DOWNTREND
DC2,2021,12,3,4,48,5,Friday,2021-12-03,13.18,13.46,12.73,13.18,14000.0,1638489600.0,SIDEWAY
DC2,2021,12,6,4,49,1,Monday,2021-12-06,14.09,14.09,11.91,12.36,30300.0,1638748800.0,DOWNTREND
DC2,2021,12,7,4,49,2,Tuesday,2021-12-07,12.46,13.18,12.36,13.18,17500.0,1638835200.0,UPTREND
DC2,2021,12,8,4,49,3,Wednesday,2021-12-08,13.64,13.64,12.55,13.18,7000.0,1638921600.0,DOWNTREND
DC2,2021,12,9,4,49,4,Thursday,2021-12-09,13.18,13.27,12.73,12.91,3800.0,1639008000.0,DOWNTREND
DC2,2021,12,10,4,49,5,Friday,2021-12-10,12.73,12.91,12.64,12.91,5800.0,1639094400.0,UPTREND
DC2,2021,12,13,4,50,1,Monday,2021-12-13,12.91,13.36,12.91,13.18,15700.0,1639353600.0,UPTREND
DC2,2021,12,14,4,50,2,Tuesday,2021-12-14,13.18,13.36,12.91,13.18,6900.0,1639440000.0,SIDEWAY
DC2,2021,12,15,4,50,3,Wednesday,2021-12-15,13.18,13.36,13.09,13.27,10200.0,1639526400.0,UPTREND
DC2,2021,12,16,4,50,4,Thursday,2021-12-16,13.18,13.73,13.18,13.73,19800.0,1639612800.0,UPTREND
DC2,2021,12,17,4,50,5,Friday,2021-12-17,13.73,15.09,13.73,15.09,103300.0,1639699200.0,UPTREND
DC2,2021,12,20,4,51,1,Monday,2021-12-20,15.09,15.82,14.73,14.91,25700.0,1639958400.0,DOWNTREND
DC2,2021,12,21,4,51,2,Tuesday,2021-12-21,14.91,15.27,14.18,15.27,30500.0,1640044800.0,UPTREND
DC2,2021,12,22,4,51,3,Wednesday,2021-12-22,15.27,15.55,14.55,15.0,29500.0,1640131200.0,DOWNTREND
DC2,2021,12,23,4,51,4,Thursday,2021-12-23,14.73,15.0,14.36,15.0,8800.0,1640217600.0,UPTREND
DC2,2021,12,24,4,51,5,Friday,2021-12-24,14.0,14.55,13.91,14.55,8400.0,1640304000.0,UPTREND
DC2,2021,12,27,4,52,1,Monday,2021-12-27,13.55,14.91,13.55,14.55,3300.0,1640563200.0,UPTREND
DC2,2021,12,28,4,52,2,Tuesday,2021-12-28,13.73,14.27,13.55,14.27,46000.0,1640649600.0,UPTREND
DC2,2021,12,29,4,52,3,Wednesday,2021-12-29,14.27,14.27,13.27,14.0,9600.0,1640736000.0,DOWNTREND
DC2,2021,12,30,4,52,4,Thursday,2021-12-30,13.64,13.73,13.46,13.73,20300.0,1640822400.0,UPTREND
DC2,2021,12,31,4,52,5,Friday,2021-12-31,13.55,13.64,13.46,13.46,6600.0,1640908800.0,DOWNTREND
DC2,2022,1,4,1,1,2,Tuesday,2022-01-04,13.46,13.46,13.09,13.36,60720.0,1641254400.0,DOWNTREND
DC2,2022,1,5,1,1,3,Wednesday,2022-01-05,13.73,13.82,13.0,13.0,41120.0,1641340800.0,DOWNTREND
DC2,2022,1,6,1,1,4,Thursday,2022-01-06,13.27,13.64,13.0,13.46,40165.0,1641427200.0,UPTREND
DC2,2022,1,7,1,1,5,Friday,2022-01-07,13.82,14.36,13.46,13.55,130120.0,1641513600.0,DOWNTREND
DC2,2022,1,10,1,2,1,Monday,2022-01-10,13.64,14.82,13.64,14.73,91740.0,1641772800.0,UPTREND
DC2,2022,1,11,1,2,2,Tuesday,2022-01-11,15.46,16.18,14.82,16.18,133735.0,1641859200.0,UPTREND
DC2,2022,1,12,1,2,3,Wednesday,2022-01-12,16.36,17.73,14.73,15.91,34023.0,1641945600.0,DOWNTREND
DC2,2022,1,13,1,2,4,Thursday,2022-01-13,15.91,17.09,14.55,14.55,32323.0,1642032000.0,DOWNTREND
DC2,2022,1,14,1,2,5,Friday,2022-01-14,14.0,14.73,13.18,14.64,29920.0,1642118400.0,UPTREND
DC2,2022,1,17,1,3,1,Monday,2022-01-17,13.73,15.46,13.46,13.46,13323.0,1642377600.0,DOWNTREND
DC2,2022,1,18,1,3,2,Tuesday,2022-01-18,13.46,14.0,12.82,14.0,1800.0,1642464000.0,UPTREND
DC2,2022,1,19,1,3,3,Wednesday,2022-01-19,14.0,14.0,12.64,14.0,19000.0,1642550400.0,SIDEWAY
DC2,2022,1,20,1,3,4,Thursday,2022-01-20,14.0,14.55,13.64,13.64,20900.0,1642636800.0,DOWNTREND
DC2,2022,1,21,1,3,5,Friday,2022-01-21,14.36,14.36,12.91,13.91,1400.0,1642723200.0,DOWNTREND
DC2,2022,1,24,1,4,1,Monday,2022-01-24,13.82,14.09,13.64,13.82,2400.0,1642982400.0,SIDEWAY
DC2,2022,1,25,1,4,2,Tuesday,2022-01-25,13.18,13.64,13.18,13.64,13966.0,1643068800.0,UPTREND
DC2,2022,1,26,1,4,3,Wednesday,2022-01-26,13.64,13.64,13.55,13.64,2100.0,1643155200.0,SIDEWAY
DC2,2022,1,27,1,4,4,Thursday,2022-01-27,13.55,13.55,12.91,13.0,7300.0,1643241600.0,DOWNTREND
DC2,2022,1,28,1,4,5,Friday,2022-01-28,12.09,14.18,12.09,14.18,14700.0,1643328000.0,UPTREND
DC2,2022,2,7,1,6,1,Monday,2022-02-07,13.91,13.91,13.82,13.82,2700.0,1644192000.0,DOWNTREND
DC2,2022,2,8,1,6,2,Tuesday,2022-02-08,13.82,14.18,13.36,14.18,7006.0,1644278400.0,UPTREND
DC2,2022,2,9,1,6,3,Wednesday,2022-02-09,13.36,13.73,13.27,13.73,14380.0,1644364800.0,UPTREND
DC2,2022,2,10,1,6,4,Thursday,2022-02-10,13.64,13.91,12.73,13.73,18400.0,1644451200.0,UPTREND
DC2,2022,2,11,1,6,5,Friday,2022-02-11,13.09,13.55,13.09,13.55,1100.0,1644537600.0,UPTREND
DC2,2022,2,14,1,7,1,Monday,2022-02-14,13.64,13.82,13.18,13.18,13311.0,1644796800.0,DOWNTREND
DC2,2022,2,15,1,7,2,Tuesday,2022-02-15,12.91,13.46,12.73,13.0,27906.0,1644883200.0,UPTREND
DC2,2022,2,16,1,7,3,Wednesday,2022-02-16,13.0,13.55,13.0,13.55,6160.0,1644969600.0,UPTREND
DC2,2022,2,17,1,7,4,Thursday,2022-02-17,13.18,13.36,12.73,13.36,32901.0,1645056000.0,UPTREND
DC2,2022,2,18,1,7,5,Friday,2022-02-18,13.36,13.36,13.18,13.18,12400.0,1645142400.0,DOWNTREND
DC2,2022,2,21,1,8,1,Monday,2022-02-21,13.18,14.46,12.91,13.91,35112.0,1645401600.0,UPTREND
DC2,2022,2,22,1,8,2,Tuesday,2022-02-22,13.82,13.82,13.27,13.27,6100.0,1645488000.0,DOWNTREND
DC2,2022,2,23,1,8,3,Wednesday,2022-02-23,13.0,13.55,13.0,13.27,1100.0,1645574400.0,UPTREND
DC2,2022,2,24,1,8,4,Thursday,2022-02-24,13.09,13.09,12.73,12.73,16600.0,1645660800.0,DOWNTREND
DC2,2022,2,25,1,8,5,Friday,2022-02-25,13.18,14.0,12.82,14.0,67160.0,1645747200.0,UPTREND
DC2,2022,2,28,1,9,1,Monday,2022-02-28,15.36,15.36,15.27,15.36,168900.0,1646006400.0,SIDEWAY
DC2,2022,3,1,1,9,2,Tuesday,2022-03-01,16.36,16.82,15.36,16.36,45933.0,1646092800.0,SIDEWAY
DC2,2022,3,2,1,9,3,Wednesday,2022-03-02,16.36,17.27,14.73,16.36,153800.0,1646179200.0,SIDEWAY
DC2,2022,3,3,1,9,4,Thursday,2022-03-03,16.64,17.55,16.64,17.45,221330.0,1646265600.0,UPTREND
DC2,2022,3,4,1,9,5,Friday,2022-03-04,17.45,17.45,16.18,16.18,87500.0,1646352000.0,DOWNTREND
DC2,2022,3,7,1,10,1,Monday,2022-03-07,16.18,16.73,15.09,16.64,151813.0,1646611200.0,UPTREND
DC2,2022,3,8,1,10,2,Tuesday,2022-03-08,16.64,16.64,15.27,16.09,80000.0,1646697600.0,DOWNTREND
DC2,2022,3,9,1,10,3,Wednesday,2022-03-09,15.91,16.0,14.64,15.55,68200.0,1646784000.0,DOWNTREND
DC2,2022,3,10,1,10,4,Thursday,2022-03-10,15.09,15.82,15.0,15.0,41300.0,1646870400.0,DOWNTREND
DC2,2022,3,11,1,10,5,Friday,2022-03-11,14.55,15.0,14.55,14.64,35709.0,1646956800.0,UPTREND
DC2,2022,3,14,1,11,1,Monday,2022-03-14,13.91,14.09,13.82,14.09,30700.0,1647216000.0,UPTREND
DC2,2022,3,15,1,11,2,Tuesday,2022-03-15,14.09,14.55,13.82,14.36,34614.0,1647302400.0,UPTREND
DC2,2022,3,16,1,11,3,Wednesday,2022-03-16,14.18,14.55,14.18,14.18,18844.0,1647388800.0,SIDEWAY
DC2,2022,3,17,1,11,4,Thursday,2022-03-17,14.18,15.55,13.82,14.36,24160.0,1647475200.0,UPTREND
DC2,2022,3,18,1,11,5,Friday,2022-03-18,14.09,14.36,14.0,14.18,25843.0,1647561600.0,UPTREND
DC2,2022,3,21,1,12,1,Monday,2022-03-21,14.0,14.27,13.91,14.27,23319.0,1647820800.0,UPTREND
DC2,2022,3,22,1,12,2,Tuesday,2022-03-22,14.27,14.27,13.91,14.18,39500.0,1647907200.0,DOWNTREND
DC2,2022,3,23,1,12,3,Wednesday,2022-03-23,14.18,14.46,13.82,14.09,14741.0,1647993600.0,DOWNTREND
DC2,2022,3,24,1,12,4,Thursday,2022-03-24,13.91,15.0,13.64,14.82,84550.0,1648080000.0,UPTREND
DC2,2022,3,25,1,12,5,Friday,2022-03-25,14.55,14.55,14.18,14.18,25300.0,1648166400.0,DOWNTREND
DC2,2022,3,28,1,13,1,Monday,2022-03-28,13.91,14.27,13.91,14.18,20600.0,1648425600.0,UPTREND
DC2,2022,3,29,1,13,2,Tuesday,2022-03-29,14.27,14.27,13.91,14.0,20000.0,1648512000.0,DOWNTREND
DC2,2022,3,30,1,13,3,Wednesday,2022-03-30,13.91,14.09,13.64,13.73,32000.0,1648598400.0,DOWNTREND
DC2,2022,3,31,1,13,4,Thursday,2022-03-31,13.73,14.82,13.64,13.73,14800.0,1648684800.0,SIDEWAY
DC2,2022,4,1,2,13,5,Friday,2022-04-01,13.46,14.0,13.46,13.55,266700.0,1648771200.0,UPTREND
DC2,2022,4,4,2,14,1,Monday,2022-04-04,13.55,13.73,13.46,13.73,19300.0,1649030400.0,UPTREND
DC2,2022,4,5,2,14,2,Tuesday,2022-04-05,13.46,13.73,13.46,13.64,24600.0,1649116800.0,UPTREND
DC2,2022,4,6,2,14,3,Wednesday,2022-04-06,13.64,13.82,13.55,13.55,22200.0,1649203200.0,DOWNTREND
DC2,2022,4,7,2,14,4,Thursday,2022-04-07,13.55,13.82,13.27,13.27,32700.0,1649289600.0,DOWNTREND
DC2,2022,4,8,2,14,5,Friday,2022-04-08,14.0,14.0,13.18,13.27,21600.0,1649376000.0,DOWNTREND
DC2,2022,4,12,2,15,2,Tuesday,2022-04-12,13.36,13.36,13.0,13.18,11700.0,1649721600.0,DOWNTREND
DC2,2022,4,13,2,15,3,Wednesday,2022-04-13,13.0,13.55,11.91,13.55,57319.0,1649808000.0,UPTREND
DC2,2022,4,14,2,15,4,Thursday,2022-04-14,13.46,13.64,12.27,12.73,22100.0,1649894400.0,DOWNTREND
DC2,2022,4,15,2,15,5,Friday,2022-04-15,12.0,13.18,12.0,13.18,29600.0,1649980800.0,UPTREND
DC2,2022,4,18,2,16,1,Monday,2022-04-18,12.18,12.73,12.18,12.46,9600.0,1650240000.0,UPTREND
DC2,2022,4,19,2,16,2,Tuesday,2022-04-19,12.64,12.64,11.55,11.55,19800.0,1650326400.0,DOWNTREND
DC2,2022,4,20,2,16,3,Wednesday,2022-04-20,12.0,12.27,10.46,11.09,90800.0,1650412800.0,DOWNTREND
DC2,2022,4,21,2,16,4,Thursday,2022-04-21,11.18,11.18,10.09,11.0,14600.0,1650499200.0,DOWNTREND
DC2,2022,4,22,2,16,5,Friday,2022-04-22,11.27,11.55,10.91,11.46,9005.0,1650585600.0,UPTREND
DC2,2022,4,25,2,17,1,Monday,2022-04-25,11.27,11.27,10.36,10.82,17700.0,1650844800.0,DOWNTREND
DC2,2022,4,26,2,17,2,Tuesday,2022-04-26,10.0,10.64,9.82,10.46,28300.0,1650931200.0,UPTREND
DC2,2022,4,27,2,17,3,Wednesday,2022-04-27,9.82,10.46,9.73,10.0,27400.0,1651017600.0,UPTREND
DC2,2022,4,28,2,17,4,Thursday,2022-04-28,10.36,10.36,9.91,10.27,16900.0,1651104000.0,DOWNTREND
DC2,2022,4,29,2,17,5,Friday,2022-04-29,10.36,10.36,10.0,10.27,8700.0,1651190400.0,DOWNTREND
DC2,2022,5,4,2,18,3,Wednesday,2022-05-04,11.09,11.09,10.27,10.82,5200.0,1651622400.0,DOWNTREND
DC2,2022,5,5,2,18,4,Thursday,2022-05-05,10.91,11.18,10.18,10.64,6720.0,1651708800.0,DOWNTREND
DC2,2022,5,6,2,18,5,Friday,2022-05-06,10.64,10.64,10.36,10.64,12600.0,1651795200.0,SIDEWAY
DC2,2022,5,9,2,19,1,Monday,2022-05-09,10.0,10.0,9.73,9.73,20300.0,1652054400.0,DOWNTREND
DC2,2022,5,10,2,19,2,Tuesday,2022-05-10,10.0,10.0,9.09,9.73,27000.0,1652140800.0,DOWNTREND
DC2,2022,5,11,2,19,3,Wednesday,2022-05-11,9.91,10.0,9.73,9.91,13100.0,1652227200.0,SIDEWAY
DC2,2022,5,12,2,19,4,Thursday,2022-05-12,10.46,10.46,9.36,9.36,32400.0,1652313600.0,DOWNTREND
DC2,2022,5,13,2,19,5,Friday,2022-05-13,9.18,9.55,8.64,8.64,15700.0,1652400000.0,DOWNTREND
DC2,2022,5,16,2,20,1,Monday,2022-05-16,9.46,9.46,8.91,9.36,18300.0,1652659200.0,DOWNTREND
DC2,2022,5,17,2,20,2,Tuesday,2022-05-17,10.27,10.27,8.73,9.82,9600.0,1652745600.0,DOWNTREND
DC2,2022,5,18,2,20,3,Wednesday,2022-05-18,9.82,10.09,9.36,10.09,2800.0,1652832000.0,UPTREND
DC2,2022,5,19,2,20,4,Thursday,2022-05-19,10.27,10.27,9.55,10.18,3009.0,1652918400.0,DOWNTREND
DC2,2022,5,20,2,20,5,Friday,2022-05-20,9.36,10.09,9.36,10.0,3600.0,1653004800.0,UPTREND
DC2,2022,5,23,2,21,1,Monday,2022-05-23,10.36,10.36,9.73,10.0,9500.0,1653264000.0,DOWNTREND
DC2,2022,5,24,2,21,2,Tuesday,2022-05-24,10.0,10.0,9.64,10.0,12100.0,1653350400.0,SIDEWAY
DC2,2022,5,25,2,21,3,Wednesday,2022-05-25,10.0,10.46,9.55,10.46,12300.0,1653436800.0,UPTREND
DC2,2022,5,26,2,21,4,Thursday,2022-05-26,10.5,11.4,10.0,11.1,4604.0,1653523200.0,UPTREND
DC2,2022,5,27,2,21,5,Friday,2022-05-27,10.3,10.6,10.3,10.6,600.0,1653609600.0,UPTREND
DC2,2022,5,30,2,22,1,Monday,2022-05-30,10.6,10.6,10.4,10.4,2600.0,1653868800.0,DOWNTREND
DC2,2022,5,31,2,22,2,Tuesday,2022-05-31,10.0,10.1,10.0,10.0,7300.0,1653955200.0,SIDEWAY
DC2,2022,6,1,2,22,3,Wednesday,2022-06-01,10.6,10.6,10.0,10.1,300.0,1654041600.0,DOWNTREND
DC2,2022,6,2,2,22,4,Thursday,2022-06-02,10.0,10.0,9.4,10.0,6800.0,1654128000.0,SIDEWAY
DC2,2022,6,3,2,22,5,Friday,2022-06-03,10.4,10.4,10.4,10.4,100.0,1654214400.0,SIDEWAY
DC2,2022,6,6,2,23,1,Monday,2022-06-06,9.7,10.2,9.7,9.9,4200.0,1654473600.0,UPTREND
DC2,2022,6,7,2,23,2,Tuesday,2022-06-07,10.4,10.4,9.2,10.0,1815.0,1654560000.0,DOWNTREND
DC2,2022,6,8,2,23,3,Wednesday,2022-06-08,10.5,10.5,9.3,10.0,2218.0,1654646400.0,DOWNTREND
DC2,2022,6,9,2,23,4,Thursday,2022-06-09,10.4,10.4,9.4,10.0,9506.0,1654732800.0,DOWNTREND
DC2,2022,6,10,2,23,5,Friday,2022-06-10,10.5,10.5,9.4,9.6,700.0,1654819200.0,DOWNTREND
DC2,2022,6,13,2,24,1,Monday,2022-06-13,9.9,9.9,8.7,8.7,29215.0,1655078400.0,DOWNTREND
DC2,2022,6,14,2,24,2,Tuesday,2022-06-14,9.0,9.5,9.0,9.3,700.0,1655164800.0,UPTREND
DC2,2022,6,15,2,24,3,Wednesday,2022-06-15,8.8,9.3,8.6,8.8,4100.0,1655251200.0,SIDEWAY
DC2,2022,6,16,2,24,4,Thursday,2022-06-16,8.5,9.0,8.3,8.9,1300.0,1655337600.0,UPTREND
DC2,2022,6,17,2,24,5,Friday,2022-06-17,8.9,8.9,8.8,8.8,600.0,1655424000.0,DOWNTREND
DC2,2022,6,20,2,25,1,Monday,2022-06-20,8.8,9.0,8.8,9.0,300.0,1655683200.0,UPTREND
DC2,2022,6,22,2,25,3,Wednesday,2022-06-22,8.9,8.9,8.1,8.3,16000.0,1655856000.0,DOWNTREND
DC2,2022,6,23,2,25,4,Thursday,2022-06-23,8.3,8.4,7.9,8.4,2700.0,1655942400.0,UPTREND
DC2,2022,6,24,2,25,5,Friday,2022-06-24,8.5,8.9,8.4,8.4,4000.0,1656028800.0,DOWNTREND
DC2,2022,6,27,2,26,1,Monday,2022-06-27,8.6,8.6,8.6,8.6,100.0,1656288000.0,SIDEWAY
DC2,2022,6,28,2,26,2,Tuesday,2022-06-28,8.8,8.8,8.0,8.6,2800.0,1656374400.0,DOWNTREND
DC2,2022,6,29,2,26,3,Wednesday,2022-06-29,8.6,8.6,8.0,8.0,5100.0,1656460800.0,DOWNTREND
DC2,2022,7,1,3,26,5,Friday,2022-07-01,8.6,8.6,8.4,8.4,300.0,1656633600.0,DOWNTREND
DC2,2022,7,4,3,27,1,Monday,2022-07-04,8.9,8.9,8.6,8.6,200.0,1656892800.0,DOWNTREND
DC2,2022,7,5,3,27,2,Tuesday,2022-07-05,8.5,8.5,7.9,8.4,300.0,1656979200.0,DOWNTREND
DC2,2022,7,6,3,27,3,Wednesday,2022-07-06,7.8,8.3,7.8,8.3,300.0,1657065600.0,UPTREND
DC2,2022,7,7,3,27,4,Thursday,2022-07-07,7.6,8.3,7.6,8.2,1200.0,1657152000.0,UPTREND
DC2,2022,7,8,3,27,5,Friday,2022-07-08,8.3,8.3,8.3,8.3,5100.0,1657238400.0,SIDEWAY
DC2,2022,7,11,3,28,1,Monday,2022-07-11,8.3,8.3,7.6,7.6,3800.0,1657497600.0,DOWNTREND
DC2,2022,7,12,3,28,2,Tuesday,2022-07-12,8.1,8.3,8.1,8.3,4300.0,1657584000.0,UPTREND
DC2,2022,7,13,3,28,3,Wednesday,2022-07-13,8.1,8.3,8.1,8.3,9.0,1657670400.0,UPTREND
DC2,2022,7,14,3,28,4,Thursday,2022-07-14,8.0,8.2,8.0,8.0,7500.0,1657756800.0,SIDEWAY
DC2,2022,7,15,3,28,5,Friday,2022-07-15,8.2,8.2,8.2,8.2,100.0,1657843200.0,SIDEWAY
DC2,2022,7,18,3,29,1,Monday,2022-07-18,8.5,9.0,8.3,8.3,3300.0,1658102400.0,DOWNTREND
DC2,2022,7,19,3,29,2,Tuesday,2022-07-19,9.1,9.1,8.0,8.7,1000.0,1658188800.0,DOWNTREND
DC2,2022,7,20,3,29,3,Wednesday,2022-07-20,9.3,9.3,8.7,8.7,300.0,1658275200.0,DOWNTREND
DC2,2022,7,21,3,29,4,Thursday,2022-07-21,8.0,8.0,8.0,8.0,500.0,1658361600.0,SIDEWAY
DC2,2022,7,22,3,29,5,Friday,2022-07-22,8.3,8.5,8.1,8.1,300.0,1658448000.0,DOWNTREND
DC2,2022,7,25,3,30,1,Monday,2022-07-25,8.7,8.7,8.7,8.7,100.0,1658707200.0,SIDEWAY
DC2,2022,7,26,3,30,2,Tuesday,2022-07-26,8.1,8.5,7.9,7.9,8400.0,1658793600.0,DOWNTREND
DC2,2022,7,27,3,30,3,Wednesday,2022-07-27,8.5,8.5,7.9,8.0,2000.0,1658880000.0,DOWNTREND
DC2,2022,7,28,3,30,4,Thursday,2022-07-28,8.5,8.5,8.5,8.5,100.0,1658966400.0,SIDEWAY
DC2,2022,7,29,3,30,5,Friday,2022-07-29,8.4,8.4,8.3,8.3,1781.0,1659052800.0,DOWNTREND
DC2,2022,8,1,3,31,1,Monday,2022-08-01,7.7,8.2,7.7,8.2,2100.0,1659312000.0,UPTREND
DC2,2022,8,2,3,31,2,Tuesday,2022-08-02,8.0,8.5,7.8,8.5,17500.0,1659398400.0,UPTREND
DC2,2022,8,3,3,31,3,Wednesday,2022-08-03,8.0,8.5,7.8,8.5,10.0,1659484800.0,UPTREND
DC2,2022,8,4,3,31,4,Thursday,2022-08-04,8.1,8.8,8.1,8.5,4451.0,1659571200.0,UPTREND
DC2,2022,8,5,3,31,5,Friday,2022-08-05,8.3,8.5,8.3,8.5,1501.0,1659657600.0,UPTREND
DC2,2022,8,8,3,32,1,Monday,2022-08-08,8.6,8.6,8.3,8.4,2000.0,1659916800.0,DOWNTREND
DC2,2022,8,9,3,32,2,Tuesday,2022-08-09,8.4,8.4,8.3,8.4,1500.0,1660003200.0,SIDEWAY
DC2,2022,8,10,3,32,3,Wednesday,2022-08-10,8.4,8.4,8.2,8.2,5219.0,1660089600.0,DOWNTREND
DC2,2022,8,11,3,32,4,Thursday,2022-08-11,8.5,8.5,8.0,8.0,3140.0,1660176000.0,DOWNTREND
DC2,2022,8,12,3,32,5,Friday,2022-08-12,8.1,8.1,8.1,8.1,320.0,1660262400.0,SIDEWAY
DC2,2022,8,15,3,33,1,Monday,2022-08-15,8.1,8.3,8.1,8.3,4861.0,1660521600.0,UPTREND
DC2,2022,8,16,3,33,2,Tuesday,2022-08-16,8.3,8.4,8.3,8.4,309.0,1660608000.0,UPTREND
DC2,2022,8,17,3,33,3,Wednesday,2022-08-17,8.4,8.5,8.1,8.1,8200.0,1660694400.0,DOWNTREND
DC2,2022,8,18,3,33,4,Thursday,2022-08-18,8.1,8.1,8.1,8.1,100.0,1660780800.0,SIDEWAY
DC2,2022,8,19,3,33,5,Friday,2022-08-19,8.4,8.4,7.9,8.3,843.0,1660867200.0,DOWNTREND
DC2,2022,8,22,3,34,1,Monday,2022-08-22,8.3,8.3,7.7,7.7,2720.0,1661126400.0,DOWNTREND
DC2,2022,8,23,3,34,2,Tuesday,2022-08-23,8.0,8.0,8.0,8.0,100.0,1661212800.0,SIDEWAY
DC2,2022,8,24,3,34,3,Wednesday,2022-08-24,8.0,8.4,8.0,8.4,6300.0,1661299200.0,UPTREND
DC2,2022,8,25,3,34,4,Thursday,2022-08-25,8.4,8.4,8.0,8.4,10700.0,1661385600.0,SIDEWAY
DC2,2022,8,26,3,34,5,Friday,2022-08-26,8.4,9.0,8.4,8.9,19200.0,1661472000.0,UPTREND
DC2,2022,8,31,3,35,3,Wednesday,2022-08-31,8.7,8.8,8.7,8.8,300.0,1661904000.0,UPTREND
DC2,2022,9,5,3,36,1,Monday,2022-09-05,8.5,8.5,8.3,8.3,2700.0,1662336000.0,DOWNTREND
DC2,2022,9,6,3,36,2,Tuesday,2022-09-06,8.5,8.7,8.2,8.7,2700.0,1662422400.0,UPTREND
DC2,2022,9,7,3,36,3,Wednesday,2022-09-07,8.0,8.2,8.0,8.2,400.0,1662508800.0,UPTREND
DC2,2022,9,8,3,36,4,Thursday,2022-09-08,8.2,8.2,8.0,8.0,3600.0,1662595200.0,DOWNTREND
DC2,2022,9,9,3,36,5,Friday,2022-09-09,8.0,8.0,7.4,7.6,2300.0,1662681600.0,DOWNTREND
DC2,2022,9,12,3,37,1,Monday,2022-09-12,8.3,8.3,8.3,8.3,5500.0,1662940800.0,SIDEWAY
DC2,2022,9,13,3,37,2,Tuesday,2022-09-13,8.8,8.8,8.4,8.8,6000.0,1663027200.0,SIDEWAY
DC2,2022,9,14,3,37,3,Wednesday,2022-09-14,8.8,9.5,8.6,9.5,10800.0,1663113600.0,UPTREND
DC2,2022,9,15,3,37,4,Thursday,2022-09-15,9.5,9.5,8.9,9.4,2700.0,1663200000.0,DOWNTREND
DC2,2022,9,16,3,37,5,Friday,2022-09-16,8.6,9.1,8.5,8.9,4100.0,1663286400.0,UPTREND
DC2,2022,9,19,3,38,1,Monday,2022-09-19,8.4,8.9,8.1,8.9,6000.0,1663545600.0,UPTREND
DC2,2022,9,20,3,38,2,Tuesday,2022-09-20,8.1,8.9,8.1,8.9,1500.0,1663632000.0,UPTREND
DC2,2022,9,21,3,38,3,Wednesday,2022-09-21,8.2,8.2,8.2,8.2,600.0,1663718400.0,SIDEWAY
DC2,2022,9,22,3,38,4,Thursday,2022-09-22,8.4,8.4,8.4,8.4,300.0,1663804800.0,SIDEWAY
DC2,2022,9,26,3,39,1,Monday,2022-09-26,7.9,7.9,7.9,7.9,800.0,1664150400.0,SIDEWAY
DC2,2022,9,27,3,39,2,Tuesday,2022-09-27,8.3,8.4,8.3,8.4,200.0,1664236800.0,UPTREND
DC2,2022,9,28,3,39,3,Wednesday,2022-09-28,7.7,8.3,7.6,7.7,3000.0,1664323200.0,SIDEWAY
DC2,2022,9,29,3,39,4,Thursday,2022-09-29,7.9,7.9,7.9,7.9,100.0,1664409600.0,SIDEWAY
DC2,2022,9,30,3,39,5,Friday,2022-09-30,7.7,7.7,7.7,7.7,400.0,1664496000.0,SIDEWAY
DC2,2022,10,3,4,40,1,Monday,2022-10-03,7.6,7.6,7.0,7.0,5200.0,1664755200.0,DOWNTREND
DC2,2022,10,4,4,40,2,Tuesday,2022-10-04,7.0,7.0,6.6,6.6,900.0,1664841600.0,DOWNTREND
DC2,2022,10,5,4,40,3,Wednesday,2022-10-05,7.1,7.1,6.6,7.0,9400.0,1664928000.0,DOWNTREND
DC2,2022,10,6,4,40,4,Thursday,2022-10-06,7.5,7.5,6.5,6.5,1700.0,1665014400.0,DOWNTREND
DC2,2022,10,7,4,40,5,Friday,2022-10-07,6.8,6.8,6.1,6.4,4700.0,1665100800.0,DOWNTREND
DC2,2022,10,10,4,41,1,Monday,2022-10-10,6.7,6.7,6.6,6.6,400.0,1665360000.0,DOWNTREND
DC2,2022,10,11,4,41,2,Tuesday,2022-10-11,6.7,6.7,6.1,6.1,700.0,1665446400.0,DOWNTREND
DC2,2022,10,12,4,41,3,Wednesday,2022-10-12,6.5,6.6,6.4,6.6,1000.0,1665532800.0,UPTREND
DC2,2022,10,13,4,41,4,Thursday,2022-10-13,6.5,6.5,6.5,6.5,3200.0,1665619200.0,SIDEWAY
DC2,2022,10,14,4,41,5,Friday,2022-10-14,6.5,6.7,6.1,6.5,4100.0,1665705600.0,SIDEWAY
DC2,2022,10,17,4,42,1,Monday,2022-10-17,6.5,6.6,6.5,6.6,2300.0,1665964800.0,UPTREND
DC2,2022,10,18,4,42,2,Tuesday,2022-10-18,7.0,7.2,6.7,6.8,4300.0,1666051200.0,DOWNTREND
DC2,2022,10,19,4,42,3,Wednesday,2022-10-19,6.8,7.2,6.8,7.1,1300.0,1666137600.0,UPTREND
DC2,2022,10,20,4,42,4,Thursday,2022-10-20,7.2,7.2,7.0,7.0,500.0,1666224000.0,DOWNTREND
DC2,2022,10,21,4,42,5,Friday,2022-10-21,7.5,7.5,7.0,7.0,2400.0,1666310400.0,DOWNTREND
DC2,2022,10,24,4,43,1,Monday,2022-10-24,7.5,7.5,7.5,7.5,100.0,1666569600.0,SIDEWAY
DC2,2022,10,26,4,43,3,Wednesday,2022-10-26,6.8,6.8,6.8,6.8,9100.0,1666742400.0,SIDEWAY
DC2,2022,10,27,4,43,4,Thursday,2022-10-27,6.2,7.0,6.2,7.0,2700.0,1666828800.0,UPTREND
DC2,2022,10,28,4,43,5,Friday,2022-10-28,7.2,7.2,7.2,7.2,100.0,1666915200.0,SIDEWAY
DC2,2022,10,31,4,44,1,Monday,2022-10-31,7.9,7.9,7.2,7.2,5200.0,1667174400.0,DOWNTREND
DC2,2022,11,1,4,44,2,Tuesday,2022-11-01,7.2,7.7,6.5,7.3,12900.0,1667260800.0,UPTREND
DC2,2022,11,2,4,44,3,Wednesday,2022-11-02,8.0,8.0,6.6,7.2,2100.0,1667347200.0,DOWNTREND
DC2,2022,11,3,4,44,4,Thursday,2022-11-03,7.7,7.7,7.2,7.2,3600.0,1667433600.0,DOWNTREND
DC2,2022,11,4,4,44,5,Friday,2022-11-04,6.6,7.3,6.5,6.5,7500.0,1667520000.0,DOWNTREND
DC2,2022,11,8,4,45,2,Tuesday,2022-11-08,5.9,7.1,5.9,7.0,13900.0,1667865600.0,UPTREND
DC2,2022,11,9,4,45,3,Wednesday,2022-11-09,7.0,7.5,7.0,7.5,900.0,1667952000.0,UPTREND
DC2,2022,11,10,4,45,4,Thursday,2022-11-10,6.8,7.5,6.8,6.8,1600.0,1668038400.0,SIDEWAY
DC2,2022,11,11,4,45,5,Friday,2022-11-11,6.3,7.0,6.2,6.9,5900.0,1668124800.0,UPTREND
DC2,2022,11,14,4,46,1,Monday,2022-11-14,6.3,6.9,6.3,6.5,20000.0,1668384000.0,UPTREND
DC2,2022,11,15,4,46,2,Tuesday,2022-11-15,6.9,6.9,5.9,5.9,3400.0,1668470400.0,DOWNTREND
DC2,2022,11,16,4,46,3,Wednesday,2022-11-16,5.5,6.4,5.4,6.4,14700.0,1668556800.0,UPTREND
DC2,2022,11,17,4,46,4,Thursday,2022-11-17,6.9,6.9,5.8,6.5,5400.0,1668643200.0,DOWNTREND
DC2,2022,11,18,4,46,5,Friday,2022-11-18,6.5,6.5,5.9,6.5,6100.0,1668729600.0,SIDEWAY
DC2,2022,11,21,4,47,1,Monday,2022-11-21,6.9,7.0,5.9,5.9,34200.0,1668988800.0,DOWNTREND
DC2,2022,11,22,4,47,2,Tuesday,2022-11-22,6.2,6.2,5.8,6.2,6700.0,1669075200.0,SIDEWAY
DC2,2022,11,23,4,47,3,Wednesday,2022-11-23,6.6,6.6,5.6,5.6,1100.0,1669161600.0,DOWNTREND
DC2,2022,11,24,4,47,4,Thursday,2022-11-24,5.9,5.9,5.9,5.9,100.0,1669248000.0,SIDEWAY
DC2,2022,11,25,4,47,5,Friday,2022-11-25,5.9,5.9,5.9,5.9,400.0,1669334400.0,SIDEWAY
DC2,2022,11,28,4,48,1,Monday,2022-11-28,6.2,6.2,6.1,6.1,3400.0,1669593600.0,DOWNTREND
DC2,2022,11,29,4,48,2,Tuesday,2022-11-29,6.1,6.1,6.0,6.1,1700.0,1669680000.0,SIDEWAY
DC2,2022,11,30,4,48,3,Wednesday,2022-11-30,5.7,6.0,5.7,6.0,700.0,1669766400.0,UPTREND
DC2,2022,12,1,4,48,4,Thursday,2022-12-01,6.5,6.5,6.0,6.0,200.0,1669852800.0,DOWNTREND
DC2,2022,12,2,4,48,5,Friday,2022-12-02,5.6,6.0,5.6,6.0,600.0,1669939200.0,UPTREND
DC2,2022,12,5,4,49,1,Monday,2022-12-05,5.7,6.1,5.7,6.1,4200.0,1670198400.0,UPTREND
DC2,2022,12,7,4,49,3,Wednesday,2022-12-07,6.6,6.6,5.5,5.5,18100.0,1670371200.0,DOWNTREND
DC2,2022,12,8,4,49,4,Thursday,2022-12-08,5.8,5.8,5.4,5.4,1900.0,1670457600.0,DOWNTREND
DC2,2022,12,9,4,49,5,Friday,2022-12-09,5.7,5.7,4.9,5.4,8900.0,1670544000.0,DOWNTREND
DC2,2022,12,12,4,50,1,Monday,2022-12-12,5.4,5.7,5.4,5.5,2100.0,1670803200.0,UPTREND
DC2,2022,12,13,4,50,2,Tuesday,2022-12-13,5.5,5.7,5.3,5.3,4900.0,1670889600.0,DOWNTREND
DC2,2022,12,14,4,50,3,Wednesday,2022-12-14,5.6,5.6,5.5,5.5,200.0,1670976000.0,DOWNTREND
DC2,2022,12,15,4,50,4,Thursday,2022-12-15,5.4,5.4,5.3,5.3,1400.0,1671062400.0,DOWNTREND
DC2,2022,12,16,4,50,5,Friday,2022-12-16,5.5,5.6,5.4,5.5,7300.0,1671148800.0,SIDEWAY
DC2,2022,12,19,4,51,1,Monday,2022-12-19,5.7,5.7,5.4,5.6,1800.0,1671408000.0,DOWNTREND
DC2,2022,12,20,4,51,2,Tuesday,2022-12-20,5.9,5.9,5.6,5.6,3100.0,1671494400.0,DOWNTREND
DC2,2022,12,21,4,51,3,Wednesday,2022-12-21,5.3,5.3,5.3,5.3,600.0,1671580800.0,SIDEWAY
DC2,2022,12,22,4,51,4,Thursday,2022-12-22,5.6,5.6,5.6,5.6,100.0,1671667200.0,SIDEWAY
DC2,2022,12,23,4,51,5,Friday,2022-12-23,5.1,5.5,5.1,5.5,700.0,1671753600.0,UPTREND
DC2,2022,12,26,4,52,1,Monday,2022-12-26,5.5,5.8,5.0,5.0,11400.0,1672012800.0,DOWNTREND
DC2,2022,12,27,4,52,2,Tuesday,2022-12-27,5.4,5.5,5.4,5.5,400.0,1672099200.0,UPTREND
DC2,2022,12,28,4,52,3,Wednesday,2022-12-28,5.9,5.9,5.8,5.8,500.0,1672185600.0,DOWNTREND
DC2,2023,1,3,1,1,2,Tuesday,2023-01-03,5.4,5.7,5.3,5.7,2600.0,1672704000.0,UPTREND
DC2,2023,1,4,1,1,3,Wednesday,2023-01-04,5.7,5.9,5.7,5.9,200.0,1672790400.0,UPTREND
DC2,2023,1,5,1,1,4,Thursday,2023-01-05,5.6,5.6,5.6,5.6,2100.0,1672876800.0,SIDEWAY
DC2,2023,1,6,1,1,5,Friday,2023-01-06,5.6,5.6,5.6,5.6,7000.0,1672963200.0,SIDEWAY
DC2,2023,1,9,1,2,1,Monday,2023-01-09,6.1,6.1,5.9,6.0,2900.0,1673222400.0,DOWNTREND
DC2,2023,1,10,1,2,2,Tuesday,2023-01-10,6.2,6.4,6.2,6.4,1700.0,1673308800.0,UPTREND
DC2,2023,1,12,1,2,4,Thursday,2023-01-12,6.4,6.4,6.3,6.3,200.0,1673481600.0,DOWNTREND
DC2,2023,1,17,1,3,2,Tuesday,2023-01-17,5.7,6.3,5.7,5.7,4100.0,1673913600.0,SIDEWAY
DC2,2023,1,18,1,3,3,Wednesday,2023-01-18,6.0,6.0,6.0,6.0,400.0,1674000000.0,SIDEWAY
DC2,2023,1,19,1,3,4,Thursday,2023-01-19,6.2,6.2,5.6,5.6,1600.0,1674086400.0,DOWNTREND
DC2,2023,1,27,1,4,5,Friday,2023-01-27,5.2,5.6,5.2,5.6,1900.0,1674777600.0,UPTREND
DC2,2023,1,30,1,5,1,Monday,2023-01-30,5.9,5.9,5.2,5.2,7100.0,1675036800.0,DOWNTREND
DC2,2023,1,31,1,5,2,Tuesday,2023-01-31,5.7,5.7,5.2,5.5,1100.0,1675123200.0,DOWNTREND
DC2,2023,2,1,1,5,3,Wednesday,2023-02-01,5.3,5.5,5.0,5.2,13200.0,1675209600.0,DOWNTREND
DC2,2023,2,2,1,5,4,Thursday,2023-02-02,5.4,5.5,5.3,5.4,500.0,1675296000.0,SIDEWAY
DC2,2023,2,3,1,5,5,Friday,2023-02-03,5.0,5.0,5.0,5.0,100.0,1675382400.0,SIDEWAY
DC2,2023,2,7,1,6,2,Tuesday,2023-02-07,4.9,4.9,4.7,4.7,1600.0,1675728000.0,DOWNTREND
DC2,2023,2,8,1,6,3,Wednesday,2023-02-08,4.9,5.0,4.7,5.0,3000.0,1675814400.0,UPTREND
DC2,2023,2,9,1,6,4,Thursday,2023-02-09,4.8,5.1,4.7,5.1,600.0,1675900800.0,UPTREND
DC2,2023,2,10,1,6,5,Friday,2023-02-10,4.8,5.1,4.7,5.0,700.0,1675987200.0,UPTREND
DC2,2023,2,13,1,7,1,Monday,2023-02-13,4.7,4.9,4.5,4.9,1600.0,1676246400.0,UPTREND
DC2,2023,2,16,1,7,4,Thursday,2023-02-16,4.9,4.9,4.9,4.9,600.0,1676505600.0,SIDEWAY
DC2,2023,2,17,1,7,5,Friday,2023-02-17,4.7,4.9,4.7,4.9,200.0,1676592000.0,UPTREND
DC2,2023,2,20,1,8,1,Monday,2023-02-20,5.1,5.1,5.1,5.1,100.0,1676851200.0,SIDEWAY
DC2,2023,2,21,1,8,2,Tuesday,2023-02-21,5.1,5.1,5.0,5.0,1800.0,1676937600.0,DOWNTREND
DC2,2023,2,22,1,8,3,Wednesday,2023-02-22,4.9,4.9,4.9,4.9,1100.0,1677024000.0,SIDEWAY
DC2,2023,2,23,1,8,4,Thursday,2023-02-23,4.8,4.8,4.8,4.8,500.0,1677110400.0,SIDEWAY
DC2,2023,2,24,1,8,5,Friday,2023-02-24,5.0,5.1,4.9,5.0,500.0,1677196800.0,SIDEWAY
DC2,2023,2,28,1,9,2,Tuesday,2023-02-28,5.0,5.0,5.0,5.0,100.0,1677542400.0,SIDEWAY
DC2,2023,3,2,1,9,4,Thursday,2023-03-02,5.0,5.0,5.0,5.0,100.0,1677715200.0,SIDEWAY
DC2,2023,3,3,1,9,5,Friday,2023-03-03,4.7,4.7,4.6,4.6,2500.0,1677801600.0,DOWNTREND
DC2,2023,3,6,1,10,1,Monday,2023-03-06,4.8,4.9,4.8,4.8,700.0,1678060800.0,SIDEWAY
DC2,2023,3,7,1,10,2,Tuesday,2023-03-07,5.0,5.0,4.7,4.9,1500.0,1678147200.0,DOWNTREND
DC2,2023,3,8,1,10,3,Wednesday,2023-03-08,4.7,4.9,4.5,4.9,1200.0,1678233600.0,UPTREND
DC2,2023,3,9,1,10,4,Thursday,2023-03-09,4.7,4.7,4.7,4.7,200.0,1678320000.0,SIDEWAY
DC2,2023,3,10,1,10,5,Friday,2023-03-10,4.7,4.7,4.7,4.7,1300.0,1678406400.0,SIDEWAY
DC2,2023,3,13,1,11,1,Monday,2023-03-13,4.7,4.7,4.7,4.7,200.0,1678665600.0,SIDEWAY
DC2,2023,3,14,1,11,2,Tuesday,2023-03-14,4.8,4.8,4.5,4.8,3000.0,1678752000.0,SIDEWAY
DC2,2023,3,15,1,11,3,Wednesday,2023-03-15,4.8,4.9,4.8,4.9,2700.0,1678838400.0,UPTREND
DC2,2023,3,16,1,11,4,Thursday,2023-03-16,4.9,4.9,4.5,4.5,4600.0,1678924800.0,DOWNTREND
DC2,2023,3,17,1,11,5,Friday,2023-03-17,4.7,4.7,4.5,4.5,6100.0,1679011200.0,DOWNTREND
DC2,2023,3,20,1,12,1,Monday,2023-03-20,4.5,4.7,4.5,4.7,1700.0,1679270400.0,UPTREND
DC2,2023,3,21,1,12,2,Tuesday,2023-03-21,4.5,4.5,4.4,4.4,4900.0,1679356800.0,DOWNTREND
DC2,2023,3,23,1,12,4,Thursday,2023-03-23,4.5,4.5,4.5,4.5,500.0,1679529600.0,SIDEWAY
DC2,2023,3,24,1,12,5,Friday,2023-03-24,4.3,4.5,4.3,4.5,3000.0,1679616000.0,UPTREND
DC2,2023,3,27,1,13,1,Monday,2023-03-27,4.6,4.6,4.4,4.5,5500.0,1679875200.0,DOWNTREND
DC2,2023,3,28,1,13,2,Tuesday,2023-03-28,4.5,4.7,4.4,4.7,3900.0,1679961600.0,UPTREND
DC2,2023,3,29,1,13,3,Wednesday,2023-03-29,4.9,4.9,4.9,4.9,100.0,1680048000.0,SIDEWAY
DC2,2023,3,30,1,13,4,Thursday,2023-03-30,4.8,5.1,4.7,4.8,700.0,1680134400.0,SIDEWAY
DC2,2023,3,31,1,13,5,Friday,2023-03-31,4.7,4.8,4.7,4.8,2100.0,1680220800.0,UPTREND
DC2,2023,4,3,2,14,1,Monday,2023-04-03,5.1,5.1,4.5,4.8,11100.0,1680480000.0,DOWNTREND
DC2,2023,4,4,2,14,2,Tuesday,2023-04-04,5.0,5.0,4.8,4.9,2200.0,1680566400.0,DOWNTREND
DC2,2023,4,5,2,14,3,Wednesday,2023-04-05,5.0,5.0,4.6,4.8,43100.0,1680652800.0,DOWNTREND
