date,timestamp,open,high,low,close,volume
2017-03-22,1490140800,10.098,10.098,10.098,10.098,63600
2017-03-23,1490227200,11.612,11.612,9.377,10.098,58800
2017-03-24,1490313600,9.377,10.098,8.655,10.026,17000
2017-03-27,1490572800,8.655,9.016,7.79,7.934,28500
2017-03-28,1490659200,7.212,7.285,6.997,7.285,16400
2017-03-29,1490745600,7.14,8.077,7.14,8.077,13200
2017-03-30,1490832000,7.358,7.358,7.358,7.358,10000
2017-03-31,1490918400,8.151,8.437,7.429,8.437,24300
2017-04-03,1491177600,8.295,8.295,7.644,7.934,4300
2017-04-04,1491264000,8.295,8.655,7.069,8.367,21600
2017-04-05,1491350400,6.851,8.655,6.851,8.151,27300
2017-04-07,1491523200,7.644,8.295,7.069,8.295,27700
2017-04-10,1491782400,8.151,8.437,8.151,8.437,10600
2017-04-11,1491868800,8.295,9.377,7.358,9.16,58900
2017-04-12,1491955200,9.304,9.304,8.295,8.295,13400
2017-04-13,1492041600,8.511,9.088,8.511,9.088,300
2017-04-14,1492128000,8.872,8.872,8.584,8.584,8800
2017-04-17,1492387200,8.295,8.944,8.295,8.295,900
2017-04-18,1492473600,7.718,9.304,7.644,9.231,1000
2017-04-19,1492560000,8.077,8.077,7.718,7.934,8300
2017-04-20,1492646400,7.644,7.934,7.573,7.934,4400
2017-04-21,1492732800,8.511,8.727,8.511,8.727,500
2017-04-24,1492992000,8.295,8.295,8.295,8.295,4100
2017-04-25,1493078400,8.437,8.437,8.077,8.295,5700
2017-04-26,1493164800,8.367,8.367,8.367,8.367,300
2017-04-27,1493251200,8.727,8.727,8.727,8.727,100
2017-04-28,1493337600,9.016,9.016,7.934,8.8,4300
2017-05-03,1493769600,8.584,8.727,7.718,8.727,7000
2017-05-04,1493856000,8.8,8.8,8.727,8.8,7400
2017-05-05,1493942400,8.8,8.8,8.8,8.8,0
2017-05-08,1494201600,8.8,8.8,8.8,8.8,0
2017-05-09,1494288000,8.8,8.8,8.8,8.8,0
2017-05-10,1494374400,8.584,8.727,7.934,8.151,6900
2017-05-11,1494460800,8.367,8.367,8.367,8.367,2800
2017-05-12,1494547200,8.727,8.727,8.295,8.367,20200
2017-05-15,1494806400,7.862,7.862,7.862,7.862,900
2017-05-16,1494892800,8.655,8.655,7.934,7.934,7000
2017-05-17,1494979200,8.222,8.222,8.222,8.222,0
2017-05-18,1495065600,8.222,8.222,8.222,8.222,0
2017-05-19,1495152000,8.222,8.222,8.222,8.222,0
2017-05-22,1495411200,8.222,8.222,8.222,8.222,0
2017-05-23,1495497600,8.367,8.367,8.367,8.367,100
2017-05-24,1495584000,8.295,8.295,7.934,7.934,500
2017-05-25,1495670400,8.511,8.511,8.511,8.511,400
2017-05-26,1495756800,8.295,8.295,7.718,7.718,400
2017-05-29,1496016000,7.358,7.718,7.358,7.573,5900
2017-05-30,1496102400,7.934,7.934,7.934,7.934,3000
2017-05-31,1496188800,7.934,7.934,7.934,7.934,3500
2017-06-01,1496275200,7.934,7.934,7.718,7.718,7000
2017-06-02,1496361600,7.862,7.862,7.862,7.862,0
2017-06-05,1496620800,7.862,7.934,7.862,7.934,1400
2017-06-06,1496707200,7.862,7.862,7.862,7.862,0
2017-06-07,1496793600,8.005,8.005,7.934,7.934,200
2017-06-08,1496880000,7.934,7.934,7.934,7.934,100
2017-06-09,1496966400,8.222,8.222,8.222,8.222,100
2017-06-12,1497225600,8.222,8.222,7.934,7.934,1860
2017-06-13,1497312000,8.151,8.151,8.151,8.151,0
2017-06-14,1497398400,8.295,8.295,8.295,8.295,140
2017-06-15,1497484800,8.151,8.151,7.934,7.934,4700
2017-06-16,1497571200,7.934,8.005,7.79,7.934,3300
2017-06-19,1497830400,7.934,7.934,7.79,7.79,2340
2017-06-20,1497916800,7.934,7.934,7.934,7.934,700
2017-06-21,1498003200,7.934,7.934,7.934,7.934,0
2017-06-22,1498089600,7.934,7.934,7.934,7.934,0
2017-06-23,1498176000,7.934,7.934,7.934,7.934,0
2017-06-26,1498435200,7.934,7.934,7.934,7.934,1000
2017-06-27,1498521600,7.934,7.934,7.934,7.934,100
2017-06-28,1498608000,7.934,7.934,7.934,7.934,2400
2017-06-29,1498694400,8.077,8.077,8.077,8.077,1000
2017-06-30,1498780800,8.077,8.077,8.077,8.077,0
2017-07-03,1499040000,8.077,8.222,8.077,8.077,1200
2017-07-04,1499126400,8.077,8.077,8.077,8.077,0
2017-07-05,1499212800,8.077,8.077,8.077,8.077,400
2017-07-06,1499299200,7.934,8.077,7.934,8.077,2000
2017-07-07,1499385600,8.077,8.077,8.077,8.077,0
2017-07-10,1499644800,8.077,8.077,8.077,8.077,0
2017-07-11,1499731200,8.077,8.222,7.934,7.934,5500
2017-07-12,1499817600,8.222,8.222,7.934,7.934,6100
2017-07-13,1499904000,7.934,7.934,7.79,7.79,17800
2017-07-14,1499990400,8.077,8.077,8.077,8.077,100
2017-07-17,1500249600,8.077,8.077,8.077,8.077,0
2017-07-18,1500336000,8.077,8.077,8.077,8.077,9800
2017-07-19,1500422400,8.077,8.077,8.077,8.077,600
2017-07-20,1500508800,7.934,8.077,7.934,8.077,14000
2017-07-21,1500595200,8.077,8.077,8.077,8.077,5900
2017-07-24,1500854400,8.077,8.077,7.934,8.077,43100
2017-07-25,1500940800,8.655,8.655,8.655,8.655,100
2017-07-26,1501027200,7.934,8.295,7.934,8.295,14900
2017-07-27,1501113600,8.005,8.005,8.005,8.005,0
2017-07-28,1501200000,8.077,8.295,8.005,8.295,12300
2017-07-31,1501459200,8.655,8.655,8.655,8.655,100
2017-08-01,1501545600,8.354,8.354,8.354,8.354,7700
2017-08-02,1501632000,8.956,8.956,8.956,8.956,100
2017-08-03,1501718400,8.655,8.655,8.655,8.655,100
2017-08-04,1501804800,8.956,8.956,8.354,8.354,3100
2017-08-07,1502064000,8.354,8.354,8.354,8.354,11600
2017-08-08,1502150400,8.655,8.655,8.655,8.655,100
2017-08-09,1502236800,8.429,8.429,8.354,8.354,5000
2017-08-10,1502323200,8.279,8.279,8.279,8.279,3900
2017-08-11,1502409600,8.279,8.279,8.279,8.279,0
2017-08-14,1502668800,8.279,8.279,8.279,8.279,0
2017-08-15,1502755200,8.279,8.279,8.128,8.128,700
2017-08-16,1502841600,8.054,8.128,8.054,8.054,1800
2017-08-17,1502928000,8.054,8.054,8.054,8.054,1000
2017-08-18,1503014400,8.128,8.128,8.128,8.128,1000
2017-08-21,1503273600,8.128,8.128,8.128,8.128,800
2017-08-22,1503360000,8.128,8.128,8.128,8.128,1000
2017-08-23,1503446400,8.128,8.128,8.128,8.128,0
2017-08-24,1503532800,8.128,8.128,8.128,8.128,0
2017-08-25,1503619200,8.956,8.956,8.956,8.956,100
2017-08-28,1503878400,8.956,8.956,8.956,8.956,0
2017-08-29,1503964800,8.956,8.956,8.956,8.956,0
2017-08-30,1504051200,8.956,8.956,8.956,8.956,0
2017-08-31,1504137600,8.956,8.956,8.956,8.956,0
2017-09-01,1504224000,8.429,8.429,8.429,8.429,100
2017-09-05,1504569600,8.429,8.429,8.429,8.429,0
2017-09-06,1504656000,8.279,8.279,8.279,8.279,2000
2017-09-07,1504742400,8.279,8.279,8.279,8.279,100
2017-09-08,1504828800,8.354,8.354,7.903,7.903,30100
2017-09-11,1505088000,8.279,8.279,7.903,7.903,31800
2017-09-12,1505174400,7.903,7.903,7.752,7.752,9800
2017-09-13,1505260800,8.882,8.882,8.882,8.882,200
2017-09-14,1505347200,8.279,8.279,8.054,8.054,400
2017-09-15,1505433600,9.332,9.332,9.332,9.332,300
2017-09-18,1505692800,10.537,10.537,8.128,8.128,3000
2017-09-19,1505779200,9.784,9.784,8.128,8.128,8600
2017-09-20,1505865600,7.978,7.978,7.978,7.978,6600
2017-09-21,1505952000,7.903,7.903,7.903,7.903,100
2017-09-22,1506038400,7.903,8.054,7.903,7.903,18500
2017-09-25,1506297600,7.903,7.903,7.903,7.903,0
2017-09-26,1506384000,8.054,8.054,8.054,8.054,100
2017-09-27,1506470400,8.279,8.279,7.903,7.903,11000
2017-09-28,1506556800,7.903,8.128,7.903,8.128,1500
2017-09-29,1506643200,7.903,8.054,7.903,8.054,1000
2017-10-02,1506902400,8.054,8.054,8.054,8.054,0
2017-10-03,1506988800,8.054,8.054,7.903,7.903,900
2017-10-04,1507075200,7.903,7.903,7.903,7.903,6500
2017-10-05,1507161600,7.903,7.903,7.903,7.903,0
2017-10-06,1507248000,7.903,7.903,7.602,7.602,9700
2017-10-09,1507507200,7.827,7.827,7.827,7.827,1000
2017-10-10,1507593600,7.903,7.903,7.903,7.903,6000
2017-10-11,1507680000,8.128,8.128,8.128,8.128,500
2017-10-12,1507766400,7.903,7.903,7.903,7.903,6100
2017-10-13,1507852800,7.903,7.903,7.903,7.903,0
2017-10-16,1508112000,8.128,8.128,8.128,8.128,1000
2017-10-17,1508198400,8.054,8.128,8.054,8.128,10200
2017-10-18,1508284800,8.128,8.128,7.15,7.15,5900
2017-10-19,1508371200,7.827,7.827,7.827,7.827,200
2017-10-20,1508457600,7.978,7.978,7.827,7.827,1400
2017-10-23,1508716800,7.827,7.827,7.827,7.827,0
2017-10-24,1508803200,7.827,7.827,7.827,7.827,0
2017-10-25,1508889600,7.827,7.827,7.827,7.827,0
2017-10-26,1508976000,7.827,7.827,7.827,7.827,0
2017-10-27,1509062400,7.827,7.827,7.827,7.827,0
2017-10-30,1509321600,7.752,7.752,7.752,7.752,5000
2017-10-31,1509408000,7.676,7.676,7.676,7.676,300
2017-11-01,1509494400,7.676,7.676,7.676,7.676,0
2017-11-02,1509580800,7.676,7.676,7.676,7.676,5500
2017-11-03,1509667200,8.655,8.655,8.655,8.655,100
2017-11-06,1509926400,8.655,8.655,8.655,8.655,0
2017-11-07,1510012800,8.655,8.655,8.655,8.655,100
2017-11-08,1510099200,7.827,7.827,7.827,7.827,6100
2017-11-09,1510185600,7.527,7.527,7.527,7.527,100
2017-11-10,1510272000,7.903,7.903,7.903,7.903,500
2017-11-13,1510531200,7.903,7.903,7.903,7.903,10500
2017-11-14,1510617600,7.903,7.903,7.903,7.903,0
2017-11-15,1510704000,7.903,7.903,7.903,7.903,0
2017-11-16,1510790400,7.752,7.752,7.676,7.676,400
2017-11-17,1510876800,7.978,7.978,7.978,7.978,1000
2017-11-20,1511136000,7.978,7.978,7.978,7.978,100
2017-11-21,1511222400,7.15,7.15,7.15,7.15,100
2017-11-22,1511308800,7.15,7.15,7.15,7.15,0
2017-11-23,1511395200,8.054,8.054,8.054,8.054,500
2017-11-24,1511481600,7.903,7.903,7.903,7.903,200
2017-11-27,1511740800,8.054,8.054,8.054,8.054,100
2017-11-28,1511827200,8.054,8.054,8.054,8.054,0
2017-11-29,1511913600,8.054,8.054,8.054,8.054,0
2017-11-30,1512000000,7.827,7.827,7.827,7.827,300
2017-12-01,1512086400,7.827,7.827,7.827,7.827,5100
2017-12-04,1512345600,7.827,7.827,7.827,7.827,0
2017-12-05,1512432000,7.827,7.827,7.827,7.827,0
2017-12-06,1512518400,7.827,7.827,7.827,7.827,200
2017-12-07,1512604800,7.827,7.827,7.827,7.827,0
2017-12-08,1512691200,7.827,7.827,7.827,7.827,0
2017-12-11,1512950400,7.827,7.827,7.827,7.827,0
2017-12-12,1513036800,7.827,7.827,7.827,7.827,0
2017-12-13,1513123200,7.827,7.827,7.827,7.827,0
2017-12-14,1513209600,7.827,7.827,7.827,7.827,1100
2017-12-15,1513296000,7.827,7.827,7.827,7.827,0
2017-12-18,1513555200,7.676,7.676,7.527,7.527,7000
2017-12-19,1513641600,8.655,8.655,7.752,7.752,8100
2017-12-20,1513728000,7.752,7.752,7.752,7.752,0
2017-12-21,1513814400,8.882,8.882,7.903,7.903,2800
2017-12-22,1513900800,8.204,8.204,8.204,8.204,0
2017-12-25,1514160000,8.204,8.204,8.204,8.204,0
2017-12-26,1514246400,7.527,7.527,7.527,7.527,5100
2017-12-27,1514332800,7.903,7.903,6.774,6.774,1900
2017-12-28,1514419200,7.527,8.279,7.527,8.279,24041000
2017-12-29,1514505600,8.655,8.655,7.527,7.527,13900
2018-01-02,1514851200,8.279,8.279,8.279,8.279,0
2018-01-03,1514937600,7.978,7.978,7.752,7.752,900
2018-01-04,1515024000,7.602,7.602,7.602,7.602,5000
2018-01-05,1515110400,7.752,7.827,7.752,7.827,1400
2018-01-08,1515369600,7.752,8.204,7.752,8.128,3300
2018-01-09,1515456000,7.827,7.827,7.827,7.827,2000
2018-01-10,1515542400,6.699,7.15,6.699,7.15,200
2018-01-11,1515628800,7.903,7.903,7.752,7.903,11000
2018-01-12,1515715200,7.827,7.827,7.827,7.827,0
2018-01-15,1515974400,8.504,8.504,8.504,8.504,400
2018-01-16,1516060800,7.903,7.903,7.903,7.903,11600
2018-01-17,1516147200,7.903,7.903,7.903,7.903,0
2018-01-18,1516233600,7.903,7.903,7.903,7.903,0
2018-01-19,1516320000,7.903,7.903,7.903,7.903,0
2018-01-22,1516579200,7.903,7.903,7.903,7.903,600
2018-01-23,1516665600,7.903,7.903,7.602,7.903,12000
2018-01-24,1516752000,7.978,7.978,7.978,7.978,200
2018-01-25,1516838400,7.903,7.978,7.903,7.978,2000
2018-01-26,1516924800,7.903,7.903,7.903,7.903,0
2018-01-29,1517184000,7.827,7.903,7.827,7.903,4500
2018-01-30,1517270400,7.827,7.827,7.827,7.827,200
2018-01-31,1517356800,7.903,7.903,7.903,7.903,5100
2018-02-01,1517443200,7.903,7.903,7.903,7.903,0
2018-02-02,1517529600,7.903,7.903,7.903,7.903,0
2018-02-05,1517788800,7.903,7.903,7.903,7.903,0
2018-02-06,1517875200,7.903,7.903,7.827,7.903,11100
2018-02-07,1517961600,7.903,7.903,7.903,7.903,5000
2018-02-08,1518048000,7.752,7.752,7.752,7.752,1900
2018-02-09,1518134400,7.752,7.752,7.752,7.752,0
2018-02-12,1518393600,7.903,7.903,7.903,7.903,9000
2018-02-13,1518480000,7.903,7.903,7.903,7.903,3100
2018-02-21,1519171200,7.903,7.903,7.903,7.903,0
2018-02-22,1519257600,7.903,7.903,7.903,7.903,0
2018-02-23,1519344000,7.903,7.903,7.903,7.903,12500
2018-02-26,1519603200,7.903,7.903,7.903,7.903,5000
2018-02-27,1519689600,8.279,8.279,8.279,8.279,400
2018-02-28,1519776000,8.279,8.279,8.054,8.054,5200
2018-03-01,1519862400,9.032,9.032,9.032,9.032,100
2018-03-02,1519948800,10.161,10.161,10.161,10.161,100
2018-03-05,1520208000,10.161,10.161,10.161,10.161,0
2018-03-06,1520294400,8.655,8.655,8.655,8.655,600
2018-03-07,1520380800,8.655,8.655,8.655,8.655,0
2018-03-08,1520467200,8.655,8.655,8.655,8.655,0
2018-03-09,1520553600,8.655,8.655,8.655,8.655,0
2018-03-12,1520812800,8.655,8.655,8.655,8.655,400
2018-03-13,1520899200,8.054,8.204,8.054,8.204,13500
2018-03-14,1520985600,8.054,8.054,8.054,8.054,0
2018-03-15,1521072000,8.054,8.279,8.054,8.054,32900
2018-03-16,1521158400,8.054,8.054,8.054,8.054,0
2018-03-19,1521417600,8.054,8.054,8.054,8.054,0
2018-03-20,1521504000,8.618,8.618,8.618,8.618,100
2018-03-21,1521590400,8.618,8.618,8.618,8.618,0
2018-03-22,1521676800,8.618,8.618,8.618,8.618,0
2018-03-23,1521763200,8.456,8.456,8.456,8.456,1000
2018-03-26,1522022400,8.456,8.456,8.456,8.456,0
2018-03-27,1522108800,9.583,9.583,9.583,9.583,100
2018-03-28,1522195200,9.583,9.583,9.583,9.583,0
2018-03-29,1522281600,9.583,9.583,9.583,9.583,0
2018-03-30,1522368000,9.583,9.583,9.583,9.583,0
2018-04-02,1522627200,9.664,9.664,9.664,9.664,4000
2018-04-03,1522713600,9.664,9.664,9.664,9.664,16
2018-04-04,1522800000,9.664,9.664,9.664,9.664,1000
2018-04-05,1522886400,9.664,9.664,9.664,9.664,0
2018-04-06,1522972800,8.778,8.778,8.778,8.778,100
2018-04-09,1523232000,8.778,8.778,8.778,8.778,600
2018-04-10,1523318400,8.456,8.456,8.456,8.456,200
2018-04-11,1523404800,8.456,8.456,8.456,8.456,800
2018-04-12,1523491200,8.215,8.375,8.215,8.375,11700
2018-04-13,1523577600,8.698,8.698,8.698,8.698,100
2018-04-16,1523836800,8.698,8.698,8.698,8.698,6000
2018-04-17,1523923200,9.262,9.262,9.262,9.262,2000
2018-04-18,1524009600,9.181,9.262,9.181,9.262,3200
2018-04-19,1524096000,9.262,9.262,9.181,9.181,4400
2018-04-20,1524182400,9.181,9.262,9.1,9.262,10700
2018-04-23,1524441600,8.778,8.859,8.456,8.456,22400
2018-04-24,1524528000,8.859,8.859,8.698,8.698,6500
2018-04-26,1524700800,8.698,8.698,8.698,8.698,2300
2018-04-27,1524787200,8.698,8.698,8.698,8.698,700
2018-05-02,1525219200,8.698,8.698,8.698,8.698,0
2018-05-03,1525305600,8.698,8.698,8.698,8.698,0
2018-05-04,1525392000,8.375,8.375,8.375,8.375,10000
2018-05-07,1525651200,8.375,8.375,8.375,8.375,0
2018-05-08,1525737600,8.375,8.375,8.375,8.375,0
2018-05-09,1525824000,8.375,8.375,8.375,8.375,0
2018-05-10,1525910400,8.375,8.375,8.375,8.375,2400
2018-05-11,1525996800,8.456,8.456,8.456,8.456,7600
2018-05-14,1526256000,8.456,8.456,8.456,8.456,0
2018-05-15,1526342400,8.456,8.456,8.456,8.456,0
2018-05-16,1526428800,8.778,8.778,8.778,8.778,100
2018-05-17,1526515200,8.778,8.778,8.778,8.778,0
2018-05-18,1526601600,8.778,8.778,8.778,8.778,0
2018-05-21,1526860800,8.778,8.778,8.778,8.778,0
2018-05-22,1526947200,8.778,8.778,8.778,8.778,0
2018-05-23,1527033600,8.778,8.778,8.778,8.778,0
2018-05-24,1527120000,8.778,8.778,8.778,8.778,0
2018-05-25,1527206400,8.375,8.375,8.295,8.295,4100
2018-05-28,1527465600,8.375,8.375,8.295,8.295,3700
2018-05-29,1527552000,8.456,8.456,8.456,8.456,5000
2018-05-30,1527638400,8.456,8.456,8.456,8.456,0
2018-05-31,1527724800,8.295,8.295,8.295,8.295,5000
2018-06-01,1527811200,8.375,8.375,8.375,8.375,100
2018-06-04,1528070400,8.375,8.375,8.375,8.375,0
2018-06-05,1528156800,8.295,8.295,8.295,8.295,2200
2018-06-06,1528243200,7.087,7.087,7.087,7.087,5000
2018-06-07,1528329600,7.087,7.087,7.087,7.087,0
2018-06-08,1528416000,7.087,7.087,7.087,7.087,0
2018-06-11,1528675200,8.134,8.134,8.134,8.134,100
2018-06-12,1528761600,8.134,8.134,8.134,8.134,0
2018-06-13,1528848000,8.134,8.134,8.134,8.134,0
2018-06-14,1528934400,8.134,8.134,8.134,8.134,0
2018-06-15,1529020800,8.134,8.134,8.134,8.134,0
2018-06-18,1529280000,8.134,8.134,8.134,8.134,0
2018-06-19,1529366400,8.134,8.134,8.134,8.134,0
2018-06-20,1529452800,8.134,8.134,8.134,8.134,0
2018-06-21,1529539200,8.134,8.134,8.134,8.134,0
2018-06-22,1529625600,8.134,8.134,8.134,8.134,0
2018-06-25,1529884800,8.134,8.134,8.134,8.134,0
2018-06-26,1529971200,8.134,8.134,8.134,8.134,0
2018-06-27,1530057600,8.134,8.134,8.134,8.134,0
2018-06-28,1530144000,8.134,8.134,8.134,8.134,300
2018-06-29,1530230400,8.134,8.134,8.134,8.134,0
2018-07-02,1530489600,8.054,8.054,8.054,8.054,1200
2018-07-03,1530576000,8.054,8.054,8.054,8.054,0
2018-07-04,1530662400,8.054,8.054,8.054,8.054,0
2018-07-05,1530748800,8.054,8.054,8.054,8.054,0
2018-07-06,1530835200,8.215,8.215,8.215,8.215,1000
2018-07-09,1531094400,8.215,8.215,8.215,8.215,0
2018-07-10,1531180800,8.215,8.215,8.215,8.215,0
2018-07-11,1531267200,8.215,8.215,8.215,8.215,0
2018-07-12,1531353600,8.215,8.215,8.215,8.215,0
2018-07-13,1531440000,8.054,8.054,8.054,8.054,7000
2018-07-16,1531699200,8.054,8.054,8.054,8.054,0
2018-07-17,1531785600,8.054,8.054,8.054,8.054,0
2018-07-18,1531872000,7.892,7.892,7.892,7.892,90000
2018-07-19,1531958400,6.765,7.409,6.765,7.409,27000
2018-07-20,1532044800,8.054,8.054,8.054,8.054,200
2018-07-23,1532304000,8.134,8.215,8.134,8.134,13000
2018-07-24,1532390400,8.134,8.134,8.134,8.134,0
2018-07-25,1532476800,8.134,8.134,8.134,8.134,0
2018-07-26,1532563200,7.731,7.731,7.651,7.651,8000
2018-07-27,1532649600,7.731,7.731,7.731,7.731,0
2018-07-30,1532908800,8.215,8.215,8.215,8.215,100
2018-07-31,1532995200,8.215,8.215,8.215,8.215,0
2018-08-01,1533081600,8.215,8.215,8.215,8.215,0
2018-08-02,1533168000,8.054,8.054,8.054,8.054,17100
2018-08-03,1533254400,8.054,8.054,8.054,8.054,7000
2018-08-06,1533513600,8.054,8.054,8.054,8.054,0
2018-08-07,1533600000,8.054,8.054,8.054,8.054,0
2018-08-08,1533686400,8.054,8.054,8.054,8.054,0
2018-08-09,1533772800,8.054,8.054,8.054,8.054,0
2018-08-10,1533859200,8.054,8.054,8.054,8.054,0
2018-08-13,1534118400,8.054,8.054,8.054,8.054,0
2018-08-14,1534204800,8.054,8.054,8.054,8.054,0
2018-08-15,1534291200,8.054,8.054,8.054,8.054,10000
2018-08-16,1534377600,8.054,8.054,8.054,8.054,0
2018-08-17,1534464000,7.401,7.401,7.401,7.401,3000
2018-08-20,1534723200,7.327,7.401,7.327,7.348,700
2018-08-21,1534809600,7.327,7.327,7.327,7.327,0
2018-08-22,1534896000,7.401,7.401,7.401,7.401,3500
2018-08-23,1534982400,7.401,7.401,7.401,7.401,0
2018-08-24,1535068800,7.401,7.401,7.401,7.401,100
2018-08-27,1535328000,7.401,7.401,7.401,7.401,0
2018-08-28,1535414400,7.401,7.401,7.401,7.401,0
2018-08-29,1535500800,7.401,7.401,7.401,7.401,0
2018-08-30,1535587200,7.401,7.401,7.401,7.401,0
2018-08-31,1535673600,7.475,7.475,7.475,7.475,6300
2018-09-04,1536019200,7.475,7.475,7.475,7.475,3800
2018-09-05,1536105600,7.475,7.475,7.475,7.475,2000
2018-09-06,1536192000,7.475,7.475,7.475,7.475,0
2018-09-07,1536278400,7.401,7.401,7.327,7.336,3400
2018-09-10,1536537600,7.771,7.771,7.401,7.54,800
2018-09-11,1536624000,7.253,7.253,7.179,7.216,20000
2018-09-12,1536710400,7.475,7.549,7.031,7.336,3200
2018-09-13,1536796800,7.031,7.031,7.031,7.031,500
2018-09-14,1536883200,7.031,7.031,7.031,7.031,0
2018-09-17,1537142400,7.475,7.475,7.475,7.475,100
2018-09-18,1537228800,7.179,7.179,7.179,7.179,100
2018-09-19,1537315200,7.179,7.179,7.179,7.179,0
2018-09-20,1537401600,7.475,7.475,7.475,7.475,1000
2018-09-21,1537488000,7.623,7.623,7.623,7.623,4000
2018-09-24,1537747200,7.778,7.778,7.778,7.778,300
2018-09-25,1537833600,7.778,7.778,7.778,7.778,100
2018-09-26,1537920000,7.7,7.7,7.7,7.7,300
2018-09-27,1538006400,7.7,7.7,7.7,7.7,0
2018-09-28,1538092800,7.7,7.7,7.7,7.7,0
2018-10-01,1538352000,7.7,7.7,7.7,7.7,0
2018-10-02,1538438400,7.778,7.778,7.389,7.566,4400
2018-10-03,1538524800,7.545,7.545,7.545,7.545,0
2018-10-04,1538611200,7.545,7.545,7.545,7.545,0
2018-10-05,1538697600,7.545,7.545,7.545,7.545,0
2018-10-08,1538956800,7.545,7.545,7.545,7.545,0
2018-10-09,1539043200,7.623,7.623,7.623,7.623,100
2018-10-10,1539129600,7.623,7.623,7.623,7.623,0
2018-10-11,1539216000,7.623,7.623,7.623,7.623,0
2018-10-12,1539302400,7.623,7.623,7.623,7.623,0
2018-10-15,1539561600,7.623,7.623,7.623,7.623,0
2018-10-16,1539648000,7.623,7.623,7.623,7.623,0
2018-10-17,1539734400,7.389,7.389,7.389,7.389,2000
2018-10-18,1539820800,7.389,7.389,7.389,7.389,0
2018-10-19,1539907200,7.623,7.623,7.623,7.623,5000
2018-10-22,1540166400,7.623,7.623,7.623,7.623,0
2018-10-23,1540252800,7.623,7.623,7.623,7.623,0
2018-10-24,1540339200,7.623,7.623,7.623,7.623,0
2018-10-25,1540425600,7.623,7.623,7.623,7.623,0
2018-10-26,1540512000,7.623,7.623,7.623,7.623,0
2018-10-29,1540771200,7.623,7.623,7.623,7.623,0
2018-10-30,1540857600,7.623,7.623,7.623,7.623,0
2018-10-31,1540944000,7.623,7.623,7.623,7.623,0
2018-11-01,1541030400,7.623,7.623,7.623,7.623,0
2018-11-02,1541116800,7.623,7.623,7.623,7.623,0
2018-11-05,1541376000,7.623,7.623,7.623,7.623,0
2018-11-06,1541462400,7.623,7.623,7.623,7.623,0
2018-11-07,1541548800,7.623,7.623,7.623,7.623,0
2018-11-08,1541635200,7.623,7.623,7.623,7.623,0
2018-11-09,1541721600,7.623,7.623,7.623,7.623,100
2018-11-12,1541980800,7.623,7.623,7.623,7.623,0
2018-11-13,1542067200,7.623,7.623,7.623,7.623,0
2018-11-14,1542153600,7.623,7.623,7.623,7.623,0
2018-11-15,1542240000,7.623,7.623,7.623,7.623,0
2018-11-16,1542326400,7.623,7.623,7.623,7.623,0
2018-11-19,1542585600,7.623,7.623,7.623,7.623,0
2018-11-20,1542672000,7.623,7.623,7.623,7.623,0
2018-11-21,1542758400,7.623,7.623,7.623,7.623,0
2018-11-22,1542844800,7.623,7.623,7.623,7.623,0
2018-11-23,1542931200,7.623,7.623,7.623,7.623,0
2018-11-26,1543190400,8.712,8.712,8.712,8.712,100
2018-11-27,1543276800,9.956,9.956,9.723,9.935,1100
2018-11-28,1543363200,9.956,9.956,9.956,9.956,0
2018-11-29,1543449600,8.478,8.478,8.478,8.478,100
2018-11-30,1543536000,8.478,8.478,8.478,8.478,0
2018-12-03,1543795200,8.478,8.478,8.478,8.478,0
2018-12-04,1543881600,8.478,8.478,8.478,8.478,0
2018-12-05,1543968000,7.311,7.311,7.234,7.298,2400
2018-12-06,1544054400,7.311,7.311,7.311,7.311,0
2018-12-07,1544140800,7.0,7.0,7.0,7.0,100
2018-12-10,1544400000,7.0,7.0,7.0,7.0,0
2018-12-11,1544486400,7.0,7.0,7.0,7.0,0
2018-12-12,1544572800,7.0,7.0,7.0,7.0,2000
2018-12-13,1544659200,7.0,7.0,7.0,7.0,0
2018-12-14,1544745600,7.0,7.0,7.0,7.0,0
2018-12-17,1545004800,7.0,7.0,7.0,7.0,0
2018-12-18,1545091200,7.0,7.0,7.0,7.0,0
2018-12-19,1545177600,7.0,7.0,7.0,7.0,0
2018-12-20,1545264000,7.389,7.389,7.389,7.389,300
2018-12-21,1545350400,7.778,7.778,7.778,7.778,100
2018-12-24,1545609600,7.778,7.778,7.778,7.778,0
2018-12-25,1545696000,7.778,7.778,7.778,7.778,0
2018-12-26,1545782400,7.778,7.778,7.778,7.778,0
2018-12-27,1545868800,7.778,7.778,7.778,7.778,0
2018-12-28,1545955200,7.778,7.778,7.778,7.778,0
2019-01-02,1546387200,7.778,7.778,7.778,7.778,0
2019-01-03,1546473600,7.778,7.778,7.778,7.778,0
2019-01-04,1546560000,7.778,7.778,7.778,7.778,0
2019-01-07,1546819200,7.778,7.778,7.778,7.778,0
2019-01-08,1546905600,7.778,7.778,7.778,7.778,0
2019-01-09,1546992000,7.778,7.778,7.778,7.778,0
2019-01-10,1547078400,7.778,7.778,7.778,7.778,0
2019-01-11,1547164800,7.778,7.778,7.778,7.778,0
2019-01-14,1547424000,7.778,7.778,7.778,7.778,0
2019-01-15,1547510400,7.778,7.778,7.778,7.778,0
2019-01-16,1547596800,7.778,7.778,7.778,7.778,0
2019-01-17,1547683200,7.778,7.778,7.778,7.778,0
2019-01-18,1547769600,7.778,7.778,7.778,7.778,0
2019-01-21,1548028800,7.778,7.778,7.778,7.778,0
2019-01-22,1548115200,7.778,7.778,7.778,7.778,0
2019-01-23,1548201600,7.778,7.778,7.778,7.778,0
2019-01-24,1548288000,6.611,6.611,6.611,6.611,3000
2019-01-25,1548374400,6.611,6.611,6.611,6.611,0
2019-01-28,1548633600,6.611,6.611,6.611,6.611,0
2019-01-29,1548720000,6.611,6.611,6.611,6.611,0
2019-01-30,1548806400,6.611,6.611,6.611,6.611,0
2019-01-31,1548892800,6.611,6.611,6.611,6.611,0
2019-02-01,1548979200,6.611,6.611,6.611,6.611,0
2019-02-11,1549843200,6.611,6.611,6.611,6.611,0
2019-02-12,1549929600,7.545,7.545,7.545,7.545,100
2019-02-13,1550016000,7.545,7.545,7.545,7.545,0
2019-02-14,1550102400,7.778,7.778,7.778,7.778,100
2019-02-15,1550188800,7.778,7.778,7.778,7.778,0
2019-02-18,1550448000,7.778,7.778,7.778,7.778,0
2019-02-19,1550534400,7.778,7.778,7.778,7.778,0
2019-02-20,1550620800,7.778,7.778,7.778,7.778,0
2019-02-21,1550707200,7.778,7.778,7.778,7.778,0
2019-02-22,1550793600,7.778,7.778,7.778,7.778,0
2019-02-25,1551052800,8.167,8.167,8.167,8.167,100
2019-02-26,1551139200,7.934,7.934,7.934,7.934,100
2019-02-27,1551225600,7.934,7.934,7.934,7.934,0
2019-02-28,1551312000,8.167,8.167,8.167,8.167,800
2019-03-01,1551398400,8.323,8.323,8.323,8.323,100
2019-03-04,1551657600,8.323,8.323,8.323,8.323,0
2019-03-05,1551744000,8.323,8.323,8.323,8.323,0
2019-03-06,1551830400,8.323,8.323,8.323,8.323,0
2019-03-07,1551916800,8.323,8.323,8.323,8.323,0
2019-03-08,1552003200,8.323,8.323,8.323,8.323,0
2019-03-11,1552262400,8.323,8.323,8.323,8.323,0
2019-03-12,1552348800,8.323,8.323,8.323,8.323,0
2019-03-13,1552435200,8.323,8.323,8.323,8.323,0
2019-03-14,1552521600,8.323,8.323,8.323,8.323,0
2019-03-15,1552608000,8.323,8.323,8.323,8.323,0
2019-03-18,1552867200,7.778,7.778,7.778,7.778,100
2019-03-19,1552953600,7.778,7.778,7.778,7.778,0
2019-03-20,1553040000,7.778,7.778,7.778,7.778,0
2019-03-21,1553126400,8.011,8.011,7.778,7.818,5900
2019-03-22,1553212800,7.623,7.623,7.623,7.623,6800
2019-03-25,1553472000,7.623,7.623,7.623,7.623,0
2019-03-26,1553558400,7.623,7.623,7.623,7.623,0
2019-03-27,1553644800,7.623,7.623,7.623,7.623,5000
2019-03-28,1553731200,7.623,7.623,7.623,7.623,0
2019-03-29,1553817600,7.778,7.778,7.778,7.778,506
2019-04-01,1554076800,7.778,7.778,7.778,7.778,12800
2019-04-02,1554163200,8.167,8.167,8.167,8.167,100
2019-04-03,1554249600,8.167,8.167,8.167,8.167,4
2019-04-04,1554336000,8.167,8.167,8.167,8.167,0
2019-04-05,1554422400,8.167,8.167,8.167,8.167,0
2019-04-08,1554681600,8.167,8.167,8.167,8.167,0
2019-04-09,1554768000,7.623,8.089,7.467,7.522,14600
2019-04-10,1554854400,7.545,7.545,7.545,7.545,0
2019-04-11,1554940800,7.778,7.778,7.778,7.778,300
2019-04-12,1555027200,7.778,7.778,7.778,7.778,0
2019-04-16,1555372800,7.778,7.778,7.778,7.778,0
2019-04-17,1555459200,7.778,7.778,7.778,7.778,0
2019-04-18,1555545600,7.778,7.778,7.778,7.778,0
2019-04-19,1555632000,7.778,7.778,7.778,7.778,0
2019-04-22,1555891200,7.778,7.778,7.778,7.778,0
2019-04-23,1555977600,7.778,7.778,7.778,7.778,0
2019-04-24,1556064000,7.778,7.778,7.778,7.778,200
2019-04-25,1556150400,7.778,7.778,7.778,7.778,0
2019-04-26,1556236800,7.778,7.778,7.778,7.778,0
2019-05-02,1556755200,7.778,7.778,7.778,7.778,5000
2019-05-03,1556841600,7.778,7.778,7.778,7.778,8900
2019-05-06,1557100800,7.778,7.778,7.778,7.778,0
2019-05-07,1557187200,7.778,7.778,7.778,7.778,0
2019-05-08,1557273600,7.778,7.778,7.778,7.778,1100
2019-05-09,1557360000,7.778,7.778,7.778,7.778,0
2019-05-10,1557446400,7.778,7.778,7.778,7.778,0
2019-05-13,1557705600,7.778,7.778,7.778,7.778,0
2019-05-14,1557792000,7.778,7.778,7.778,7.778,0
2019-05-15,1557878400,7.778,7.778,7.778,7.778,0
2019-05-16,1557964800,7.778,7.778,7.778,7.778,0
2019-05-17,1558051200,7.778,7.778,7.778,7.778,0
2019-05-20,1558310400,7.778,7.778,7.778,7.778,0
2019-05-21,1558396800,7.389,7.389,7.389,7.389,100
2019-05-22,1558483200,7.389,7.389,7.389,7.389,0
2019-05-23,1558569600,7.389,7.389,7.389,7.389,0
2019-05-24,1558656000,7.389,7.389,7.389,7.389,0
2019-05-27,1558915200,7.389,7.389,7.389,7.389,0
2019-05-28,1559001600,7.389,7.389,7.389,7.389,0
2019-05-29,1559088000,7.389,7.389,7.389,7.389,600
2019-05-30,1559174400,7.389,7.389,7.389,7.389,0
2019-05-31,1559260800,7.389,7.389,7.389,7.389,0
2019-06-03,1559520000,7.389,7.389,7.389,7.389,0
2019-06-04,1559606400,7.389,7.389,7.389,7.389,0
2019-06-05,1559692800,7.389,7.389,7.389,7.389,0
2019-06-06,1559779200,7.389,7.389,7.389,7.389,0
2019-06-07,1559865600,7.389,7.389,7.389,7.389,0
2019-06-10,1560124800,7.389,7.389,7.389,7.389,0
2019-06-11,1560211200,7.389,7.389,7.389,7.389,0
2019-06-12,1560297600,7.389,7.389,7.389,7.389,0
2019-06-13,1560384000,7.389,7.389,7.389,7.389,0
2019-06-14,1560470400,7.389,7.389,7.389,7.389,0
2019-06-17,1560729600,7.389,7.389,7.389,7.389,0
2019-06-18,1560816000,7.389,7.389,7.389,7.389,0
2019-06-19,1560902400,7.389,7.389,7.389,7.389,0
2019-06-20,1560988800,7.389,7.389,7.389,7.389,1400
2019-06-21,1561075200,7.389,7.389,7.389,7.389,0
2019-06-24,1561334400,7.389,7.389,7.389,7.389,0
2019-06-25,1561420800,7.389,7.389,7.389,7.389,5000
2019-06-26,1561507200,7.389,7.389,7.389,7.389,1100
2019-06-27,1561593600,7.389,7.389,7.389,7.389,1100
2019-06-28,1561680000,7.389,7.389,7.389,7.389,0
2019-07-01,1561939200,7.389,7.389,7.389,7.389,0
2019-07-02,1562025600,7.389,7.389,7.389,7.389,0
2019-07-03,1562112000,7.389,7.389,7.389,7.389,0
2019-07-04,1562198400,7.389,7.389,7.389,7.389,0
2019-07-05,1562284800,7.389,7.389,7.389,7.389,0
2019-07-08,1562544000,7.0,7.0,7.0,7.0,2800
2019-07-09,1562630400,7.0,7.0,7.0,7.0,0
2019-07-10,1562716800,7.0,7.0,7.0,7.0,0
2019-07-11,1562803200,7.0,7.0,7.0,7.0,0
2019-07-12,1562889600,7.0,7.0,7.0,7.0,0
2019-07-15,1563148800,7.0,7.0,7.0,7.0,0
2019-07-16,1563235200,7.0,7.0,7.0,7.0,0
2019-07-17,1563321600,7.0,7.0,7.0,7.0,0
2019-07-18,1563408000,6.845,6.845,6.845,6.845,13600
2019-07-19,1563494400,6.845,6.845,6.845,6.845,0
2019-07-22,1563753600,6.845,6.845,6.845,6.845,0
2019-07-23,1563840000,6.845,6.845,6.845,6.845,0
2019-07-24,1563926400,6.845,6.845,6.845,6.845,0
2019-07-25,1564012800,6.845,6.845,6.845,6.845,0
2019-07-26,1564099200,6.845,6.845,6.845,6.845,0
2019-07-29,1564358400,6.845,6.845,6.845,6.845,0
2019-07-30,1564444800,6.845,6.845,6.845,6.845,0
2019-07-31,1564531200,6.845,6.845,6.845,6.845,0
2019-08-01,1564617600,6.845,6.845,6.845,6.845,0
2019-08-02,1564704000,6.845,6.845,6.845,6.845,0
2019-08-05,1564963200,6.845,6.845,6.845,6.845,0
2019-08-06,1565049600,6.845,6.845,6.845,6.845,0
2019-08-07,1565136000,6.845,6.845,6.845,6.845,0
2019-08-08,1565222400,6.845,6.845,6.845,6.845,0
2019-08-09,1565308800,6.845,6.845,6.845,6.845,0
2019-08-12,1565568000,6.845,6.845,6.845,6.845,0
2019-08-13,1565654400,6.845,6.845,6.845,6.845,0
2019-08-14,1565740800,6.845,6.845,6.845,6.845,0
2019-08-15,1565827200,6.845,6.845,6.845,6.845,0
2019-08-16,1565913600,6.845,6.845,6.845,6.845,0
2019-08-19,1566172800,6.845,6.845,6.845,6.845,0
2019-08-20,1566259200,6.845,6.845,6.845,6.845,0
2019-08-21,1566345600,6.845,6.845,6.845,6.845,0
2019-08-22,1566432000,6.845,6.845,6.845,6.845,0
2019-08-23,1566518400,7.389,7.389,7.389,7.389,300
2019-08-26,1566777600,7.934,7.934,7.934,7.934,100
2019-08-27,1566864000,7.778,7.778,7.778,7.778,100
2019-08-28,1566950400,7.778,7.778,7.778,7.778,0
2019-08-29,1567036800,7.778,7.778,7.778,7.778,0
2019-08-30,1567123200,7.778,7.778,7.778,7.778,0
2019-09-03,1567468800,7.778,7.778,7.778,7.778,0
2019-09-04,1567555200,7.778,7.778,7.778,7.778,0
2019-09-05,1567641600,7.778,7.778,7.778,7.778,0
2019-09-06,1567728000,7.778,7.778,7.778,7.778,0
2019-09-09,1567987200,7.778,7.778,7.778,7.778,0
2019-09-10,1568073600,7.778,7.778,7.778,7.778,0
2019-09-11,1568160000,7.778,7.778,7.778,7.778,0
2019-09-12,1568246400,7.778,7.778,7.778,7.778,0
2019-09-13,1568332800,7.778,7.778,7.778,7.778,0
2019-09-16,1568592000,7.778,7.778,7.778,7.778,0
2019-09-17,1568678400,7.778,7.778,7.778,7.778,0
2019-09-18,1568764800,7.778,7.778,7.778,7.778,0
2019-09-19,1568851200,7.778,7.778,7.778,7.778,0
2019-09-20,1568937600,7.778,7.778,7.778,7.778,0
2019-09-23,1569196800,7.778,7.778,7.778,7.778,0
2019-09-24,1569283200,7.778,7.778,7.778,7.778,0
2019-09-25,1569369600,7.778,7.778,7.778,7.778,0
2019-09-26,1569456000,7.778,7.778,7.778,7.778,0
2019-09-27,1569542400,7.778,7.778,7.778,7.778,0
2019-09-30,1569801600,7.778,7.778,7.778,7.778,0
2019-10-01,1569888000,7.778,7.778,7.778,7.778,0
2019-10-02,1569974400,7.778,7.778,7.778,7.778,0
2019-10-03,1570060800,7.778,7.778,7.778,7.778,0
2019-10-04,1570147200,7.778,7.778,7.778,7.778,0
2019-10-07,1570406400,7.778,7.778,7.778,7.778,0
2019-10-08,1570492800,7.778,7.778,7.778,7.778,0
2019-10-09,1570579200,7.778,7.778,7.778,7.778,0
2019-10-10,1570665600,7.778,7.778,7.778,7.778,0
2019-10-11,1570752000,7.778,7.778,7.778,7.778,0
2019-10-14,1571011200,7.778,7.778,7.778,7.778,0
2019-10-15,1571097600,7.778,7.778,7.778,7.778,0
2019-10-16,1571184000,7.778,7.778,7.778,7.778,0
2019-10-17,1571270400,7.778,7.778,7.778,7.778,0
2019-10-18,1571356800,7.778,7.778,7.778,7.778,0
2019-10-21,1571616000,7.778,7.778,7.778,7.778,0
2019-10-22,1571702400,7.778,7.778,7.778,7.778,0
2019-10-23,1571788800,7.778,7.778,7.778,7.778,0
2019-10-24,1571875200,7.778,7.778,7.778,7.778,0
2019-10-25,1571961600,7.778,7.778,7.778,7.778,0
2019-10-28,1572220800,7.778,7.778,7.778,7.778,0
2019-10-29,1572307200,7.778,7.778,7.778,7.778,0
2019-10-30,1572393600,7.778,7.778,7.778,7.778,0
2019-10-31,1572480000,7.778,7.778,7.778,7.778,0
2019-11-01,1572566400,7.778,7.778,7.778,7.778,0
2019-11-04,1572825600,7.778,7.778,7.778,7.778,0
2019-11-05,1572912000,7.778,7.778,7.778,7.778,0
2019-11-06,1572998400,7.778,7.778,7.778,7.778,1000
2019-11-07,1573084800,7.778,7.778,7.778,7.778,0
2019-11-08,1573171200,7.778,7.778,7.778,7.778,0
2019-11-11,1573430400,7.778,7.778,7.778,7.778,0
2019-11-12,1573516800,7.778,7.778,7.778,7.778,10
2019-11-13,1573603200,7.778,7.778,7.778,7.778,0
2019-11-14,1573689600,7.778,7.778,7.778,7.778,0
2019-11-15,1573776000,7.778,7.778,7.778,7.778,0
2019-11-18,1574035200,7.778,7.778,7.778,7.778,0
2019-11-19,1574121600,7.778,7.778,7.778,7.778,0
2019-11-20,1574208000,7.778,7.778,7.778,7.778,0
2019-11-21,1574294400,7.778,7.778,7.778,7.778,0
2019-11-22,1574380800,7.778,7.778,7.778,7.778,0
2019-11-25,1574640000,7.778,7.778,7.778,7.778,0
2019-11-26,1574726400,7.778,7.778,7.778,7.778,0
2019-11-27,1574812800,7.778,7.778,7.778,7.778,0
2019-11-28,1574899200,7.778,7.778,7.778,7.778,0
2019-11-29,1574985600,7.778,7.778,7.778,7.778,0
2019-12-02,1575244800,7.778,7.778,7.778,7.778,0
2019-12-03,1575331200,7.778,7.778,7.778,7.778,0
2019-12-04,1575417600,7.778,7.778,7.778,7.778,0
2019-12-05,1575504000,7.778,7.778,7.778,7.778,0
2019-12-06,1575590400,7.778,7.778,7.778,7.778,0
2019-12-09,1575849600,7.778,7.778,7.778,7.778,0
2019-12-10,1575936000,7.186,7.186,7.186,7.186,1100
2019-12-11,1576022400,7.186,7.186,7.186,7.186,0
2019-12-12,1576108800,7.186,7.186,7.186,7.186,0
2019-12-13,1576195200,7.186,7.186,7.186,7.186,0
2019-12-16,1576454400,7.186,7.186,7.186,7.186,0
2019-12-17,1576540800,7.186,7.186,7.186,7.186,0
2019-12-18,1576627200,7.186,7.186,7.186,7.186,0
2019-12-19,1576713600,7.186,7.186,7.186,7.186,0
2019-12-20,1576800000,7.186,7.186,7.186,7.186,0
2019-12-23,1577059200,7.186,7.186,7.186,7.186,0
2019-12-24,1577145600,7.186,7.186,7.186,7.186,0
2019-12-25,1577232000,7.186,7.186,7.186,7.186,0
2019-12-26,1577318400,7.186,7.186,7.186,7.186,0
2019-12-27,1577404800,7.186,7.186,7.186,7.186,0
2019-12-30,1577664000,7.186,7.186,7.186,7.186,0
2019-12-31,1577750400,7.186,7.186,7.186,7.186,0
2020-01-02,1577923200,8.032,8.032,8.032,8.032,100
2020-01-03,1578009600,8.032,8.032,8.032,8.032,0
2020-01-06,1578268800,8.032,8.032,8.032,8.032,0
2020-01-07,1578355200,8.032,8.032,8.032,8.032,0
2020-01-08,1578441600,8.032,8.032,8.032,8.032,0
2020-01-09,1578528000,8.032,8.032,8.032,8.032,0
2020-01-10,1578614400,8.032,8.032,8.032,8.032,0
2020-01-13,1578873600,8.032,8.032,8.032,8.032,0
2020-01-14,1578960000,8.032,8.032,8.032,8.032,0
2020-01-15,1579046400,8.032,8.032,8.032,8.032,0
2020-01-16,1579132800,8.032,8.032,8.032,8.032,0
2020-01-17,1579219200,8.032,8.032,8.032,8.032,0
2020-01-20,1579478400,8.032,8.032,8.032,8.032,0
2020-01-21,1579564800,8.032,8.032,8.032,8.032,0
2020-01-22,1579651200,8.032,8.032,8.032,8.032,0
2020-01-30,1580342400,8.032,8.032,8.032,8.032,0
2020-01-31,1580428800,8.032,8.032,8.032,8.032,0
2020-02-03,1580688000,8.032,8.032,8.032,8.032,0
2020-02-04,1580774400,8.032,8.032,8.032,8.032,0
2020-02-05,1580860800,8.032,8.032,8.032,8.032,0
2020-02-06,1580947200,8.032,8.032,8.032,8.032,0
2020-02-07,1581033600,8.032,8.032,8.032,8.032,0
2020-02-10,1581292800,8.032,8.032,8.032,8.032,0
2020-02-11,1581379200,8.032,8.032,8.032,8.032,0
2020-02-12,1581465600,8.032,8.032,8.032,8.032,0
2020-02-13,1581552000,8.032,8.032,8.032,8.032,0
2020-02-14,1581638400,8.032,8.032,8.032,8.032,0
2020-02-17,1581897600,8.032,8.032,8.032,8.032,0
2020-02-18,1581984000,8.032,8.032,8.032,8.032,0
2020-02-19,1582070400,8.032,8.032,8.032,8.032,0
2020-02-20,1582156800,8.032,8.032,8.032,8.032,0
2020-02-21,1582243200,8.032,8.032,8.032,8.032,0
2020-02-24,1582502400,8.032,8.032,8.032,8.032,0
2020-02-25,1582588800,8.032,8.032,8.032,8.032,0
2020-02-26,1582675200,8.032,8.032,8.032,8.032,0
2020-02-27,1582761600,8.032,8.032,8.032,8.032,0
2020-02-28,1582848000,8.032,8.032,8.032,8.032,0
2020-03-02,1583107200,8.032,8.032,8.032,8.032,0
2020-03-03,1583193600,8.032,8.032,8.032,8.032,0
2020-03-04,1583280000,8.032,8.032,8.032,8.032,0
2020-03-05,1583366400,8.032,8.032,8.032,8.032,0
2020-03-06,1583452800,8.032,8.032,8.032,8.032,0
2020-03-09,1583712000,7.863,7.863,7.863,7.863,3000
2020-03-10,1583798400,7.863,7.863,7.863,7.863,0
2020-03-11,1583884800,7.863,7.863,7.863,7.863,0
2020-03-12,1583971200,7.863,7.863,7.863,7.863,0
2020-03-13,1584057600,7.863,7.863,7.863,7.863,0
2020-03-16,1584316800,7.863,7.863,7.863,7.863,0
2020-03-17,1584403200,7.863,7.863,7.863,7.863,0
2020-03-18,1584489600,7.863,7.863,7.863,7.863,0
2020-03-19,1584576000,7.863,7.863,7.863,7.863,0
2020-03-20,1584662400,7.863,7.863,7.863,7.863,0
2020-03-23,1584921600,7.863,7.863,7.863,7.863,0
2020-03-24,1585008000,7.863,7.863,7.863,7.863,0
2020-03-25,1585094400,7.863,7.863,7.863,7.863,0
2020-03-26,1585180800,7.863,7.863,7.863,7.863,4
2020-03-27,1585267200,7.863,7.863,7.863,7.863,0
2020-03-30,1585526400,7.863,7.863,7.863,7.863,0
2020-03-31,1585612800,7.863,7.863,7.863,7.863,0
2020-04-01,1585699200,7.863,7.863,7.863,7.863,0
2020-04-03,1585872000,7.863,7.863,7.863,7.863,0
2020-04-06,1586131200,7.863,7.863,7.863,7.863,0
2020-04-07,1586217600,7.863,7.863,7.863,7.863,0
2020-04-08,1586304000,7.863,7.863,7.863,7.863,0
2020-04-09,1586390400,7.863,7.863,7.863,7.863,0
2020-04-10,1586476800,7.863,7.863,7.863,7.863,0
2020-04-13,1586736000,7.863,7.863,7.863,7.863,0
2020-04-14,1586822400,7.863,7.863,7.863,7.863,0
2020-04-15,1586908800,7.863,7.863,7.863,7.863,0
2020-04-16,1586995200,7.863,7.863,7.863,7.863,0
2020-04-17,1587081600,7.863,7.863,7.863,7.863,0
2020-04-20,1587340800,8.962,8.962,8.962,8.962,100
2020-04-21,1587427200,8.962,8.962,8.962,8.962,0
2020-04-22,1587513600,8.962,8.962,8.962,8.962,0
2020-04-23,1587600000,8.962,8.962,8.962,8.962,0
2020-04-24,1587686400,8.962,8.962,8.962,8.962,0
2020-04-27,1587945600,8.962,8.962,8.962,8.962,0
2020-04-28,1588032000,8.962,8.962,8.962,8.962,0
2020-04-29,1588118400,8.962,8.962,8.962,8.962,0
2020-05-04,1588550400,8.962,8.962,8.962,8.962,0
2020-05-05,1588636800,8.962,8.962,8.962,8.962,0
2020-05-06,1588723200,8.962,8.962,8.962,8.962,0
2020-05-07,1588809600,8.962,8.962,8.962,8.962,0
2020-05-08,1588896000,8.962,8.962,8.962,8.962,0
2020-05-11,1589155200,8.962,8.962,8.962,8.962,0
2020-05-12,1589241600,8.962,8.962,8.962,8.962,0
2020-05-13,1589328000,8.962,8.962,8.962,8.962,0
2020-05-14,1589414400,8.962,8.962,8.962,8.962,0
2020-05-15,1589500800,8.962,8.962,8.962,8.962,0
2020-05-18,1589760000,8.962,8.962,8.962,8.962,0
2020-05-19,1589846400,8.962,8.962,8.962,8.962,0
2020-05-20,1589932800,8.962,8.962,8.962,8.962,0
2020-05-21,1590019200,8.962,8.962,8.962,8.962,0
2020-05-22,1590105600,8.962,8.962,8.962,8.962,0
2020-05-25,1590364800,8.962,8.962,8.962,8.962,0
2020-05-26,1590451200,8.962,8.962,8.962,8.962,0
2020-05-27,1590537600,8.962,8.962,8.962,8.962,0
2020-05-28,1590624000,8.962,8.962,8.962,8.962,0
2020-05-29,1590710400,8.962,8.962,8.962,8.962,0
2020-06-01,1590969600,8.962,8.962,8.962,8.962,0
2020-06-02,1591056000,8.962,8.962,8.962,8.962,0
2020-06-03,1591142400,8.962,8.962,8.962,8.962,0
2020-06-04,1591228800,8.962,8.962,8.962,8.962,0
2020-06-05,1591315200,8.962,8.962,8.962,8.962,0
2020-06-08,1591574400,8.962,8.962,8.962,8.962,0
2020-06-09,1591660800,8.962,8.962,8.962,8.962,0
2020-06-10,1591747200,8.962,8.962,8.962,8.962,0
2020-06-11,1591833600,8.962,8.962,8.962,8.962,0
2020-06-12,1591920000,8.962,8.962,8.962,8.962,0
2020-06-15,1592179200,8.962,8.962,8.962,8.962,0
2020-06-16,1592265600,7.694,7.694,7.694,7.694,100
2020-06-17,1592352000,7.694,7.694,7.694,7.694,0
2020-06-18,1592438400,7.694,7.694,7.694,7.694,0
2020-06-19,1592524800,7.694,7.694,7.694,7.694,0
2020-06-22,1592784000,7.694,7.694,7.694,7.694,0
2020-06-23,1592870400,7.694,7.694,7.694,7.694,0
2020-06-24,1592956800,7.694,7.694,7.694,7.694,0
2020-06-25,1593043200,7.694,7.694,7.694,7.694,0
2020-06-26,1593129600,7.609,7.609,7.609,7.609,12000
2020-06-29,1593388800,7.609,7.609,7.609,7.609,700
2020-06-30,1593475200,7.609,7.609,7.609,7.609,0
2020-07-01,1593561600,7.609,7.609,7.609,7.609,0
2020-07-02,1593648000,7.609,7.609,7.609,7.609,1600
2020-07-03,1593734400,7.609,7.609,7.609,7.609,0
2020-07-06,1593993600,7.609,7.609,7.609,7.609,0
2020-07-07,1594080000,7.609,7.609,7.609,7.609,0
2020-07-08,1594166400,7.609,7.609,7.609,7.609,0
2020-07-09,1594252800,7.609,7.609,7.609,7.609,0
2020-07-10,1594339200,7.609,7.609,7.609,7.609,0
2020-07-13,1594598400,7.609,7.609,7.609,7.609,0
2020-07-14,1594684800,7.609,7.609,7.609,7.609,0
2020-07-15,1594771200,7.609,7.609,7.609,7.609,0
2020-07-16,1594857600,7.609,7.609,7.609,7.609,0
2020-07-17,1594944000,7.609,7.609,7.609,7.609,0
2020-07-20,1595203200,7.609,7.609,7.609,7.609,0
2020-07-21,1595289600,7.609,7.609,7.609,7.609,0
2020-07-22,1595376000,7.609,7.609,7.609,7.609,0
2020-07-23,1595462400,7.609,7.609,7.609,7.609,0
2020-07-24,1595548800,7.609,7.609,7.609,7.609,0
2020-07-27,1595808000,7.609,7.609,7.609,7.609,0
2020-07-28,1595894400,7.609,7.609,7.609,7.609,0
2020-07-29,1595980800,7.609,7.609,7.609,7.609,0
2020-07-30,1596067200,7.609,7.609,7.609,7.609,0
2020-07-31,1596153600,7.609,7.609,7.609,7.609,0
2020-08-03,1596412800,7.609,7.609,7.609,7.609,0
2020-08-04,1596499200,7.609,7.609,7.609,7.609,0
2020-08-05,1596585600,7.609,7.609,7.609,7.609,0
2020-08-06,1596672000,7.609,7.609,7.609,7.609,0
2020-08-07,1596758400,7.609,7.609,7.609,7.609,0
2020-08-10,1597017600,7.609,7.609,7.609,7.609,0
2020-08-11,1597104000,7.609,7.609,7.609,7.609,0
2020-08-12,1597190400,7.609,7.609,7.609,7.609,0
2020-08-13,1597276800,7.609,7.609,7.609,7.609,0
2020-08-14,1597363200,7.609,7.609,7.609,7.609,0
2020-08-17,1597622400,7.609,7.609,7.609,7.609,0
2020-08-18,1597708800,7.609,7.609,7.609,7.609,0
2020-08-19,1597795200,8.454,8.454,8.454,8.454,100
2020-08-20,1597881600,8.454,8.454,8.454,8.454,0
2020-08-21,1597968000,8.454,8.454,8.454,8.454,0
2020-08-24,1598227200,8.454,8.454,8.454,8.454,0
2020-08-25,1598313600,8.454,8.454,8.454,8.454,0
2020-08-26,1598400000,8.454,8.454,8.454,8.454,0
2020-08-27,1598486400,8.454,8.454,8.454,8.454,0
2020-08-28,1598572800,8.454,8.454,8.454,8.454,0
2020-08-31,1598832000,8.454,8.454,8.454,8.454,0
2020-09-01,1598918400,8.454,8.454,8.454,8.454,0
2020-09-03,1599091200,8.454,8.454,8.454,8.454,0
2020-09-04,1599177600,8.454,8.454,8.454,8.454,0
2020-09-07,1599436800,8.454,8.454,8.454,8.454,0
2020-09-08,1599523200,8.454,8.454,8.454,8.454,0
2020-09-09,1599609600,8.454,8.454,8.454,8.454,0
2020-09-10,1599696000,8.454,8.454,8.454,8.454,0
2020-09-11,1599782400,8.454,8.454,8.454,8.454,0
2020-09-14,1600041600,8.454,8.454,8.454,8.454,0
2020-09-15,1600128000,8.454,8.454,8.454,8.454,0
2020-09-16,1600214400,8.454,8.454,8.454,8.454,0
2020-09-17,1600300800,8.877,8.877,8.877,8.877,100
2020-09-18,1600387200,8.877,8.877,8.877,8.877,0
2020-09-21,1600646400,8.877,8.877,8.877,8.877,0
2020-09-22,1600732800,8.877,8.877,8.877,8.877,0
2020-09-23,1600819200,8.877,8.877,8.877,8.877,0
2020-09-24,1600905600,8.877,8.877,8.877,8.877,0
2020-09-25,1600992000,8.877,8.877,8.877,8.877,0
2020-09-28,1601251200,8.877,8.877,8.877,8.877,0
2020-09-29,1601337600,8.877,8.877,8.877,8.877,0
2020-09-30,1601424000,8.877,8.877,8.877,8.877,0
2020-10-01,1601510400,8.877,8.877,8.877,8.877,0
2020-10-02,1601596800,8.877,8.877,8.877,8.877,0
2020-10-05,1601856000,8.877,8.877,8.877,8.877,0
2020-10-06,1601942400,8.877,8.877,8.877,8.877,0
2020-10-07,1602028800,8.708,8.708,8.708,8.708,100
2020-10-08,1602115200,8.708,8.708,8.708,8.708,0
2020-10-09,1602201600,8.708,8.708,8.708,8.708,0
2020-10-12,1602460800,8.708,8.708,8.708,8.708,0
2020-10-13,1602547200,8.708,8.708,8.708,8.708,0
2020-10-14,1602633600,8.708,8.708,8.708,8.708,0
2020-10-15,1602720000,8.708,8.708,8.708,8.708,0
2020-10-16,1602806400,9.976,9.976,9.976,9.976,100
2020-10-19,1603065600,9.976,9.976,9.976,9.976,0
2020-10-20,1603152000,11.414,11.414,11.414,11.414,100
2020-10-21,1603238400,11.414,11.414,11.414,11.414,0
2020-10-22,1603324800,11.414,11.414,11.414,11.414,0
2020-10-23,1603411200,11.414,11.414,11.414,11.414,0
2020-10-26,1603670400,11.414,11.414,11.414,11.414,0
2020-10-27,1603756800,11.414,11.414,11.414,11.414,0
2020-10-28,1603843200,11.414,11.414,11.414,11.414,0
2020-10-29,1603929600,11.414,11.414,11.414,11.414,0
2020-10-30,1604016000,11.414,11.414,11.414,11.414,0
2020-11-02,1604275200,11.414,11.414,11.414,11.414,0
2020-11-03,1604361600,11.414,11.414,11.414,11.414,0
2020-11-04,1604448000,11.414,11.414,11.414,11.414,0
2020-11-05,1604534400,11.414,11.414,11.414,11.414,0
2020-11-06,1604620800,11.414,11.414,11.414,11.414,0
2020-11-09,1604880000,11.414,11.414,11.414,11.414,0
2020-11-10,1604966400,11.414,11.414,11.414,11.414,0
2020-11-11,1605052800,11.414,11.414,11.414,11.414,0
2020-11-12,1605139200,11.414,11.414,11.414,11.414,0
2020-11-13,1605225600,11.414,11.414,11.414,11.414,0
2020-11-16,1605484800,11.414,11.414,11.414,11.414,0
2020-11-17,1605571200,11.414,11.414,11.414,11.414,0
2020-11-18,1605657600,11.414,11.414,11.414,11.414,0
2020-11-19,1605744000,11.414,11.414,11.414,11.414,0
2020-11-20,1605830400,11.414,11.414,11.414,11.414,0
2020-11-23,1606089600,9.807,9.807,9.807,9.807,2000
2020-11-24,1606176000,9.807,9.807,9.807,9.807,0
2020-11-25,1606262400,8.708,8.708,8.708,8.708,300
2020-11-26,1606348800,8.708,8.708,8.708,8.708,0
2020-11-27,1606435200,8.37,8.37,8.37,8.37,4000
2020-11-30,1606694400,7.44,7.44,7.186,7.201,49000
2020-12-01,1606780800,7.186,7.186,7.186,7.186,0
2020-12-02,1606867200,7.186,7.186,7.186,7.186,0
2020-12-03,1606953600,7.186,7.186,7.186,7.186,0
2020-12-04,1607040000,7.186,7.186,7.186,7.186,0
2020-12-07,1607299200,7.186,7.186,7.186,7.186,1000
2020-12-08,1607385600,7.609,7.609,7.609,7.609,500
2020-12-09,1607472000,8.454,8.454,8.454,8.454,1000
2020-12-10,1607558400,8.363,9.373,8.363,8.868,200
2020-12-11,1607644800,9.282,9.282,9.282,9.282,100
2020-12-14,1607904000,9.282,9.282,9.282,9.282,0
2020-12-15,1607990400,7.995,8.914,7.903,7.971,2700
2020-12-16,1608076800,7.995,7.995,7.995,7.995,0
2020-12-17,1608163200,8.087,8.087,8.087,8.087,200
2020-12-18,1608249600,8.087,8.087,8.087,8.087,100
2020-12-21,1608508800,8.087,8.271,8.087,8.179,1000
2020-12-22,1608595200,8.179,8.179,8.179,8.179,0
2020-12-23,1608681600,8.179,8.179,8.179,8.179,0
2020-12-24,1608768000,8.179,8.179,8.179,8.179,0
2020-12-25,1608854400,8.179,8.179,8.179,8.179,500
2020-12-28,1609113600,8.179,8.179,8.179,8.179,0
2020-12-29,1609200000,8.179,8.179,8.179,8.179,400
2020-12-30,1609286400,8.087,8.087,8.087,8.087,1000
2020-12-31,1609372800,7.811,7.811,7.811,7.811,100
2021-01-04,1609718400,7.535,7.535,6.8,7.308,9200
2021-01-05,1609804800,7.352,7.352,7.26,7.327,4400
2021-01-06,1609891200,7.26,7.26,7.168,7.196,6500
2021-01-07,1609977600,7.168,7.168,7.168,7.168,0
2021-01-08,1610064000,6.8,7.076,6.8,7.041,13000
2021-01-11,1610323200,6.892,7.444,6.892,7.011,3400
2021-01-12,1610409600,7.811,7.903,7.627,7.784,7900
2021-01-13,1610496000,7.995,7.995,7.811,7.873,6000
2021-01-14,1610582400,7.903,7.903,7.903,7.903,3500
2021-01-15,1610668800,7.995,8.087,7.995,8.023,5200
2021-01-18,1610928000,7.995,7.995,7.995,7.995,100
2021-01-19,1611014400,7.444,7.535,7.352,7.406,8500
2021-01-20,1611100800,7.444,7.444,7.444,7.444,300
2021-01-21,1611187200,7.811,7.811,7.811,7.811,100
2021-01-22,1611273600,7.627,7.719,7.627,7.673,2000
2021-01-25,1611532800,7.719,7.903,7.719,7.828,4500
2021-01-26,1611619200,7.811,7.811,7.811,7.811,500
2021-01-27,1611705600,8.087,8.179,7.352,8.122,1600
2021-01-28,1611792000,7.076,7.076,7.076,7.076,10400
2021-01-29,1611878400,7.076,7.076,7.076,7.076,0
2021-02-01,1612137600,7.168,7.168,7.168,7.168,100
2021-02-02,1612224000,6.8,6.8,6.8,6.8,2000
2021-02-03,1612310400,6.8,6.8,6.8,6.8,0
2021-02-04,1612396800,7.444,7.444,7.444,7.444,100
2021-02-05,1612483200,7.444,7.444,7.444,7.444,0
2021-02-08,1612742400,7.903,7.903,7.903,7.903,500
2021-02-09,1612828800,7.903,7.903,7.903,7.903,0
2021-02-17,1613520000,7.903,7.903,7.903,7.903,0
2021-02-18,1613606400,7.811,7.995,7.811,7.978,1100
2021-02-19,1613692800,7.995,7.995,7.995,7.995,0
2021-02-22,1613952000,7.995,7.995,7.995,7.995,100
2021-02-23,1614038400,7.995,7.995,7.995,7.995,2900
2021-02-24,1614124800,7.995,7.995,7.995,7.995,0
2021-02-25,1614211200,7.719,7.903,7.719,7.736,1100
2021-02-26,1614297600,7.719,7.719,7.627,7.657,3100
2021-03-01,1614556800,7.719,7.995,7.719,7.797,2000
2021-03-02,1614643200,7.903,7.995,7.903,7.987,2200
2021-03-03,1614729600,7.811,8.271,7.811,8.091,5200
2021-03-04,1614816000,8.271,8.271,8.271,8.271,100
2021-03-05,1614902400,8.271,8.271,8.271,8.271,0
2021-03-08,1615161600,8.271,8.271,7.811,7.887,1100
2021-03-09,1615248000,7.903,8.271,7.811,8.142,1500
2021-03-10,1615334400,8.179,8.179,8.179,8.179,0
2021-03-11,1615420800,8.179,8.179,8.179,8.179,0
2021-03-12,1615507200,7.903,7.903,7.903,7.903,100
2021-03-15,1615766400,7.903,7.903,7.903,7.903,1000
2021-03-16,1615852800,7.903,7.903,7.903,7.903,0
2021-03-17,1615939200,7.719,7.719,7.719,7.719,2000
2021-03-18,1616025600,7.719,7.719,7.719,7.719,1300
2021-03-19,1616112000,7.719,7.719,7.719,7.719,0
2021-03-22,1616371200,8.73,8.73,8.73,8.73,400
2021-03-23,1616457600,8.271,8.271,8.179,8.201,2100
2021-03-24,1616544000,8.087,8.087,7.903,8.057,2400
2021-03-25,1616630400,7.903,8.087,7.903,7.949,400
2021-03-26,1616716800,8.638,8.638,8.638,8.638,100
2021-03-29,1616976000,8.271,8.271,8.179,8.211,3100
2021-03-30,1617062400,8.179,8.179,8.179,8.179,0
2021-03-31,1617148800,8.638,8.638,8.454,8.491,1000
2021-04-01,1617235200,8.822,8.822,8.822,8.822,200
2021-04-02,1617321600,8.822,8.822,8.822,8.822,0
2021-04-05,1617580800,8.822,8.822,8.822,8.822,0
2021-04-06,1617667200,8.822,8.822,8.822,8.822,0
2021-04-07,1617753600,7.903,7.903,7.903,7.903,100
2021-04-08,1617840000,7.903,7.903,7.903,7.903,0
2021-04-09,1617926400,8.822,8.914,8.822,8.865,3800
2021-04-12,1618185600,8.822,8.822,8.822,8.822,0
2021-04-13,1618272000,7.903,7.903,7.811,7.841,3000
2021-04-14,1618358400,7.903,7.903,7.903,7.903,31200
2021-04-15,1618444800,7.995,7.995,7.903,7.905,10000
2021-04-16,1618531200,7.903,7.903,7.903,7.903,12400
2021-04-19,1618790400,7.903,8.179,7.903,7.921,12300
2021-04-20,1618876800,8.179,8.179,8.179,8.179,200
2021-04-22,1619049600,8.179,8.454,8.179,8.294,400
2021-04-23,1619136000,8.454,8.454,8.454,8.454,200
2021-04-26,1619395200,7.995,8.271,7.903,7.953,5900
2021-04-27,1619481600,7.995,7.995,7.995,7.995,0
2021-04-28,1619568000,7.995,7.995,7.995,7.995,0
2021-04-29,1619654400,7.903,8.271,7.903,7.949,1800
2021-05-04,1620086400,8.087,8.087,8.087,8.087,1300
2021-05-05,1620172800,8.179,8.363,8.179,8.284,2000
2021-05-06,1620259200,8.271,8.271,8.271,8.271,0
2021-05-07,1620345600,8.271,8.271,8.271,8.271,0
2021-05-10,1620604800,8.271,8.271,8.271,8.271,0
2021-05-11,1620691200,8.271,8.271,8.271,8.271,0
2021-05-12,1620777600,7.903,7.903,7.811,7.902,10000
2021-05-13,1620864000,7.903,7.903,7.903,7.903,2000
2021-05-14,1620950400,7.903,7.995,7.903,7.911,1100
2021-05-17,1621209600,7.995,7.995,7.995,7.995,200
2021-05-18,1621296000,7.995,7.995,7.995,7.995,0
2021-05-19,1621382400,7.995,7.995,7.995,7.995,100
2021-05-20,1621468800,7.995,7.995,7.995,7.995,0
2021-05-21,1621555200,7.995,7.995,7.995,7.995,100
2021-05-24,1621814400,7.903,7.903,7.903,7.903,900
2021-05-25,1621900800,7.903,7.903,7.811,7.896,6000
2021-05-26,1621987200,7.903,7.903,7.903,7.903,0
2021-05-27,1622073600,7.903,8.087,7.903,7.926,1200
2021-05-28,1622160000,7.903,7.903,7.903,7.903,0
2021-05-31,1622419200,7.903,7.903,7.903,7.903,7400
2021-06-01,1622505600,7.811,7.903,7.811,7.824,700
2021-06-02,1622592000,7.903,7.903,7.903,7.903,500
2021-06-03,1622678400,7.903,7.903,7.903,7.903,500
2021-06-04,1622764800,7.903,7.903,7.903,7.903,700
2021-06-07,1623024000,7.811,8.087,7.811,7.875,6100
2021-06-08,1623110400,7.903,7.903,7.903,7.903,6302
2021-06-09,1623196800,7.811,7.811,7.811,7.811,7700
2021-06-10,1623283200,7.811,7.811,7.811,7.811,100
2021-06-11,1623369600,7.811,7.811,7.811,7.811,11900
2021-06-14,1623628800,7.811,7.811,7.811,7.811,1100
2021-06-15,1623715200,7.811,7.811,7.811,7.811,2700
2021-06-16,1623801600,7.811,7.811,7.811,7.811,1000
2021-06-17,1623888000,7.903,8.179,7.903,8.018,1200
2021-06-18,1623974400,7.811,7.811,7.811,7.811,100
2021-06-21,1624233600,7.903,7.903,7.903,7.903,100
2021-06-22,1624320000,7.903,7.903,7.903,7.903,0
2021-06-23,1624406400,7.903,7.903,7.903,7.903,0
2021-06-24,1624492800,7.903,8.087,7.811,7.875,1300
2021-06-25,1624579200,7.903,8.271,7.903,8.101,18500
2021-06-28,1624838400,8.271,8.914,8.271,8.727,21400
2021-06-29,1624924800,8.73,10.017,8.087,9.127,199300
2021-06-30,1625011200,10.109,10.109,9.465,9.749,22700
2021-07-01,1625097600,9.649,9.649,8.822,8.897,10100
2021-07-02,1625184000,8.271,8.546,7.903,8.284,74500
2021-07-05,1625443200,8.179,8.638,7.995,8.289,24500
2021-07-06,1625529600,8.363,8.363,7.811,8.071,50300
2021-07-07,1625616000,7.719,7.811,7.352,7.55,35600
2021-07-08,1625702400,7.535,7.903,7.352,7.568,23100
2021-07-09,1625788800,7.535,7.627,7.535,7.569,5600
2021-07-12,1626048000,7.535,7.535,6.525,6.841,22800
2021-07-13,1626134400,7.076,7.168,6.892,7.051,8800
2021-07-14,1626220800,7.076,7.535,6.892,7.25,2800
2021-07-15,1626307200,7.444,7.811,7.26,7.663,14700
2021-07-16,1626393600,7.627,7.719,7.627,7.682,500
2021-07-19,1626652800,7.535,7.535,7.076,7.288,12000
2021-07-20,1626739200,7.352,7.535,7.352,7.496,700
2021-07-21,1626825600,7.535,7.627,7.535,7.597,300
2021-07-22,1626912000,7.535,7.535,7.26,7.331,4300
2021-07-23,1626998400,7.352,7.352,6.892,7.09,12300
2021-07-26,1627257600,7.26,7.627,7.168,7.263,3300
2021-07-27,1627344000,7.352,7.444,7.352,7.378,3500
2021-07-28,1627430400,7.26,7.26,7.168,7.229,300
2021-07-29,1627516800,7.168,7.26,7.168,7.177,2100
2021-07-30,1627603200,6.892,7.076,6.892,7.036,5600
2021-08-02,1627862400,7.168,7.26,7.168,7.17,3700
2021-08-03,1627948800,7.352,7.352,7.168,7.331,4200
2021-08-04,1628035200,7.168,7.352,7.076,7.271,6700
2021-08-05,1628121600,7.444,7.627,7.444,7.535,500
2021-08-06,1628208000,7.535,7.535,7.535,7.535,0
2021-08-09,1628467200,7.535,7.811,7.535,7.73,17900
2021-08-10,1628553600,7.719,8.363,7.719,7.904,19300
2021-08-11,1628640000,9.006,9.006,8.454,8.984,106600
2021-08-12,1628726400,10.293,10.293,9.19,10.07,340600
2021-08-13,1628812800,9.19,9.557,9.006,9.312,27800
2021-08-16,1629072000,9.19,9.19,9.006,9.123,72100
2021-08-17,1629158400,9.006,9.098,8.271,8.671,98100
2021-08-18,1629244800,8.822,9.19,8.363,8.806,64500
2021-08-19,1629331200,8.822,8.822,8.546,8.657,23100
2021-08-20,1629417600,8.638,8.638,8.271,8.468,48200
2021-08-23,1629676800,8.271,8.271,7.535,7.822,32700
2021-08-24,1629763200,7.627,7.811,7.535,7.618,41000
2021-08-25,1629849600,7.811,8.73,7.811,8.482,48800
2021-08-26,1629936000,8.454,9.465,8.454,9.09,35800
2021-08-27,1630022400,9.098,9.098,8.363,8.822,6200
2021-08-30,1630281600,8.822,8.914,8.638,8.728,55200
2021-08-31,1630368000,8.73,9.006,8.73,8.806,46900
2021-09-01,1630454400,8.914,9.925,8.73,9.147,34700
2021-09-06,1630886400,9.19,9.649,8.914,9.215,48100
2021-09-07,1630972800,9.098,9.098,8.73,8.89,50500
2021-09-08,1631059200,8.914,8.914,8.822,8.874,11200
2021-09-09,1631145600,8.822,9.006,8.546,8.885,5300
2021-09-10,1631232000,8.914,8.914,8.363,8.66,7500
2021-09-13,1631491200,8.822,9.006,8.73,8.889,54800
2021-09-14,1631577600,9.006,9.833,9.006,9.552,416400
2021-09-15,1631664000,9.649,9.925,9.557,9.776,232200
2021-09-16,1631750400,9.557,9.649,9.373,9.503,51500
2021-09-17,1631836800,9.557,9.649,9.19,9.387,79900
2021-09-20,1632096000,9.557,9.833,9.465,9.727,388100
2021-09-21,1632182400,9.833,11.12,9.741,10.678,1094000
2021-09-22,1632268800,11.12,12.222,11.12,12.181,532700
2021-09-23,1632355200,13.969,13.969,13.601,13.956,1972400
2021-09-24,1632441600,14.888,15.623,13.05,14.252,1098900
2021-09-27,1632700800,14.244,14.52,12.866,13.302,511685
2021-09-28,1632787200,13.325,13.509,12.131,13.07,571290
2021-09-29,1632873600,14.06,14.428,13.417,13.902,728400
2021-09-30,1632960000,14.244,14.52,13.877,14.129,304409
2021-10-01,1633046400,14.06,14.06,13.417,13.697,371200
2021-10-04,1633305600,13.325,13.877,12.866,13.448,564100
2021-10-05,1633392000,13.509,13.601,12.866,13.06,584911
2021-10-06,1633478400,13.417,14.244,12.866,13.436,572505
2021-10-07,1633564800,13.417,14.704,13.417,14.215,639400
2021-10-08,1633651200,14.612,14.612,13.877,14.079,298600
2021-10-11,1633910400,14.06,14.06,13.785,13.841,256328
2021-10-12,1633996800,13.785,13.877,13.325,13.52,436305
2021-10-13,1634083200,13.417,14.52,13.325,13.894,379509
2021-10-14,1634169600,13.785,14.244,13.601,13.768,268300
2021-10-15,1634256000,13.969,13.969,13.693,13.864,260000
2021-10-18,1634515200,13.877,15.899,13.601,14.873,1366309
2021-10-19,1634601600,16.082,16.082,15.439,15.747,377660
2021-10-20,1634688000,15.715,15.715,15.255,15.434,367534
2021-10-21,1634774400,15.347,17.277,14.98,15.882,630800
2021-10-22,1634860800,16.909,17.001,16.082,16.386,244770
2021-10-25,1635120000,16.45,16.909,15.99,16.229,469760
2021-10-26,1635206400,16.082,16.726,15.899,16.147,287860
2021-10-27,1635292800,16.45,17.277,16.082,16.73,311340
2021-10-28,1635379200,17.001,17.093,16.358,16.632,332600
2021-10-29,1635465600,16.542,16.818,15.623,16.507,317860
2021-11-01,1635724800,16.909,16.909,16.358,16.469,342300
2021-11-02,1635811200,16.45,16.542,16.082,16.23,484509
2021-11-03,1635897600,16.634,17.277,16.082,16.417,341420
2021-11-04,1635984000,16.174,16.174,15.623,15.781,305900
2021-11-05,1636070400,15.99,15.99,15.439,15.686,248520
2021-11-08,1636329600,15.715,15.715,15.163,15.305,468709
2021-11-09,1636416000,15.347,16.082,15.255,15.53,203800
2021-11-10,1636502400,15.531,16.542,15.439,16.026,295100
2021-11-11,1636588800,15.99,16.174,15.623,15.844,247200
2021-11-12,1636675200,15.99,16.082,15.531,15.672,343500
2021-11-15,1636934400,15.807,17.553,15.807,16.8,823885
2021-11-16,1637020800,16.818,17.001,16.358,16.596,260800
2021-11-17,1637107200,16.358,16.358,15.99,16.198,154100
2021-11-18,1637193600,16.174,16.174,15.439,15.701,259200
2021-11-19,1637280000,15.715,16.174,14.704,15.507,315600
2021-11-22,1637539200,15.163,15.163,13.233,14.219,475720
2021-11-23,1637625600,12.866,14.06,12.59,13.186,361200
2021-11-24,1637712000,13.325,14.152,13.325,13.83,125100
2021-11-25,1637798400,13.785,14.06,13.417,13.793,161700
2021-11-26,1637884800,13.785,14.152,13.325,13.492,214300
2021-11-29,1638144000,12.866,13.325,11.947,12.935,173800
2021-11-30,1638230400,13.325,13.969,13.141,13.396,166502
2021-12-01,1638316800,13.233,13.785,13.141,13.405,105900
2021-12-02,1638403200,13.417,13.785,13.325,13.526,155400
2021-12-03,1638489600,13.509,13.509,12.866,13.079,126200
2021-12-06,1638748800,12.866,12.866,11.947,12.298,196900
2021-12-07,1638835200,12.131,12.682,11.947,12.145,132231
2021-12-08,1638921600,12.314,12.406,11.855,12.05,148300
2021-12-09,1639008000,11.855,12.039,11.579,11.786,183800
2021-12-10,1639094400,12.682,12.866,11.579,12.114,94550
2021-12-13,1639353600,12.222,12.866,12.222,12.67,112900
2021-12-14,1639440000,12.774,12.866,12.498,12.668,88714
2021-12-15,1639526400,12.682,12.774,12.406,12.525,74666
2021-12-16,1639612800,12.498,12.498,12.222,12.378,87800
2021-12-17,1639699200,12.222,12.314,11.947,12.098,181300
2021-12-20,1639958400,12.131,12.222,11.763,11.931,208550
2021-12-21,1640044800,11.947,12.59,11.763,12.252,185615
2021-12-22,1640131200,12.406,12.498,11.947,12.205,222000
2021-12-23,1640217600,12.222,12.222,11.671,11.836,188300
2021-12-24,1640304000,11.855,11.947,10.109,11.503,139200
2021-12-27,1640563200,11.855,11.947,11.671,11.723,62500
2021-12-28,1640649600,11.763,12.406,11.671,12.05,211766
2021-12-29,1640736000,12.774,12.774,12.222,12.267,142115
2021-12-30,1640822400,12.222,12.406,11.947,12.198,83800
2021-12-31,1640908800,12.039,12.314,11.947,12.174,110300
2022-01-04,1641254400,12.131,12.222,11.947,12.097,109500
2022-01-05,1641340800,12.131,12.131,11.855,11.998,168400
2022-01-06,1641427200,12.131,13.509,11.947,12.627,415881
2022-01-07,1641513600,12.866,14.06,12.866,13.41,270900
2022-01-10,1641772800,13.417,13.417,12.774,13.025,202110
2022-01-11,1641859200,12.866,12.866,12.314,12.522,176600
2022-01-12,1641945600,12.314,12.774,11.855,12.059,167645
2022-01-13,1642032000,12.131,12.131,11.671,11.884,154520
2022-01-14,1642118400,12.039,12.039,11.395,11.66,78800
2022-01-17,1642377600,12.222,12.314,10.844,11.43,100800
2022-01-18,1642464000,11.212,11.395,10.017,10.597,87100
2022-01-19,1642550400,10.293,10.752,9.19,10.056,44400
2022-01-20,1642636800,10.017,11.028,10.017,10.52,55400
2022-01-21,1642723200,10.476,11.212,10.476,10.871,30600
2022-01-24,1642982400,10.568,11.028,9.925,10.344,48700
2022-01-25,1643068800,10.109,10.66,9.833,10.103,65900
2022-01-26,1643155200,10.568,10.752,10.109,10.419,35100
2022-01-27,1643241600,10.66,10.66,9.833,10.077,21200
2022-01-28,1643328000,9.925,10.384,9.925,10.092,32214
2022-02-07,1644192000,10.752,10.752,10.384,10.577,31300
2022-02-08,1644278400,10.936,11.303,10.752,11.062,105300
2022-02-09,1644364800,11.487,12.039,11.395,11.757,58200
2022-02-10,1644451200,11.671,11.763,11.212,11.426,37900
2022-02-11,1644537600,11.395,11.395,11.028,11.208,30117
2022-02-14,1644796800,11.028,11.303,10.844,10.974,32800
2022-02-15,1644883200,10.936,11.12,10.384,10.677,33400
2022-02-16,1644969600,11.028,11.763,11.028,11.556,136506
2022-02-17,1645056000,11.579,11.947,11.303,11.483,35000
2022-02-18,1645142400,11.579,11.579,11.12,11.48,17258
2022-02-21,1645401600,11.487,11.855,11.303,11.541,90500
2022-02-22,1645488000,11.487,11.579,11.303,11.371,37600
2022-02-23,1645574400,11.487,11.579,11.303,11.458,27300
2022-02-24,1645660800,11.763,11.763,10.936,11.189,143900
2022-02-25,1645747200,11.395,11.487,10.936,11.044,63500
2022-02-28,1646006400,11.395,11.487,10.752,10.977,42800
2022-03-01,1646092800,10.936,11.12,10.752,10.996,55200
2022-03-02,1646179200,11.12,11.12,10.844,10.959,42500
2022-03-03,1646265600,10.936,11.763,10.844,11.468,127000
2022-03-04,1646352000,11.487,11.487,11.028,11.221,86900
2022-03-07,1646611200,11.212,11.579,11.212,11.446,78000
2022-03-08,1646697600,11.579,12.406,11.395,11.897,261710
2022-03-09,1646784000,12.039,12.406,11.763,11.986,69323
2022-03-10,1646870400,11.395,11.947,10.66,11.484,102400
2022-03-11,1646956800,11.671,12.131,11.579,11.796,143000
2022-03-14,1647216000,11.671,13.141,11.671,12.282,419400
2022-03-15,1647302400,12.59,13.05,12.314,12.593,174600
2022-03-16,1647388800,12.59,12.59,12.222,12.346,106100
2022-03-17,1647475200,12.59,12.774,12.039,12.257,105500
2022-03-18,1647561600,12.406,12.406,12.039,12.202,102030
2022-03-21,1647820800,12.131,12.774,12.039,12.283,160000
2022-03-22,1647907200,12.314,12.59,12.222,12.369,136000
2022-03-23,1647993600,12.406,12.774,12.131,12.387,101450
2022-03-24,1648080000,12.406,12.682,12.314,12.478,95800
2022-03-25,1648166400,12.498,12.682,12.406,12.561,97100
2022-03-28,1648425600,12.406,12.59,12.131,12.265,137100
2022-03-29,1648512000,12.406,12.866,12.131,12.602,185500
2022-03-30,1648598400,12.866,12.866,12.039,12.438,184200
2022-03-31,1648684800,12.406,12.406,12.131,12.209,77100
2022-04-01,1648771200,12.131,12.222,11.855,11.984,131500
2022-04-04,1649030400,11.947,12.314,11.763,11.945,59800
2022-04-05,1649116800,12.039,12.314,11.947,12.004,54300
2022-04-06,1649203200,12.131,12.131,11.855,11.927,52000
2022-04-07,1649289600,11.855,11.947,11.763,11.82,84800
2022-04-08,1649376000,12.222,12.222,11.395,11.575,87600
2022-04-12,1649721600,11.579,11.579,11.028,11.214,27900
2022-04-13,1649808000,10.66,11.028,10.66,10.847,51600
2022-04-14,1649894400,10.936,11.028,10.66,10.78,68500
2022-04-15,1649980800,10.752,10.752,10.568,10.631,47900
2022-04-18,1650240000,10.293,10.568,10.017,10.274,82400
2022-04-19,1650326400,10.66,10.66,9.465,9.898,24200
2022-04-20,1650412800,9.925,10.109,9.649,9.787,50200
2022-04-21,1650499200,9.465,9.465,8.363,8.608,123600
2022-04-22,1650585600,8.914,9.649,8.822,9.126,39400
2022-04-25,1650844800,9.19,9.19,8.271,8.881,29000
2022-04-26,1650931200,8.454,9.557,7.719,8.94,58700
2022-04-27,1651017600,9.282,9.557,9.19,9.329,26900
2022-04-28,1651104000,9.373,9.465,8.822,9.225,50200
2022-04-29,1651190400,9.19,9.465,9.19,9.423,13900
2022-05-04,1651622400,9.19,9.465,8.454,8.918,29902
2022-05-05,1651708800,9.19,9.649,9.006,9.353,15900
2022-05-06,1651795200,9.006,9.373,8.822,8.927,15400
2022-05-09,1652054400,8.822,9.19,8.363,8.755,31500
2022-05-10,1652140800,8.638,8.822,8.454,8.671,12300
2022-05-11,1652227200,9.649,9.649,8.638,9.064,101000
2022-05-12,1652313600,9.465,9.465,8.546,8.721,26401
2022-05-13,1652400000,8.822,8.822,7.627,8.332,33800
2022-05-16,1652659200,9.373,9.373,7.995,8.166,59400
2022-05-17,1652745600,8.271,8.73,8.087,8.321,31797
2022-05-18,1652832000,9.098,9.098,8.087,8.416,5200
2022-05-19,1652918400,8.454,8.454,7.995,8.161,11300
2022-05-20,1653004800,8.454,8.546,8.087,8.237,24900
2022-05-23,1653264000,8.271,8.271,7.811,7.893,29400
2022-05-24,1653350400,8.271,8.454,7.903,8.251,23103
2022-05-25,1653436800,8.271,8.73,8.271,8.287,7600
2022-05-26,1653523200,8.638,8.638,8.179,8.234,19600
2022-05-27,1653609600,8.087,8.363,7.811,8.104,65000
2022-05-30,1653868800,8.087,8.363,8.087,8.256,16302
2022-05-31,1653955200,8.546,8.546,7.995,8.217,50900
2022-06-01,1654041600,8.179,8.454,8.087,8.137,18200
2022-06-02,1654128000,8.454,8.546,8.271,8.352,17200
2022-06-03,1654214400,8.454,8.914,8.271,8.629,76600
2022-06-06,1654473600,8.822,9.006,8.546,8.796,29445
2022-06-07,1654560000,8.638,8.822,8.454,8.651,29100
2022-06-08,1654646400,8.705,8.803,8.314,8.562,70400
2022-06-09,1654732800,8.901,8.901,8.608,8.7,8200
2022-06-10,1654819200,8.803,9.782,8.803,9.068,18800
2022-06-13,1655078400,8.803,8.999,8.705,8.757,19300
2022-06-14,1655164800,8.51,8.901,8.51,8.644,9000
2022-06-15,1655251200,8.412,8.412,8.314,8.323,12300
2022-06-16,1655337600,8.608,8.608,8.314,8.51,16500
2022-06-17,1655424000,8.412,8.412,7.825,8.009,6000
2022-06-20,1655683200,8.51,8.51,7.434,7.68,9000
2022-06-21,1655769600,7.434,8.216,7.336,7.789,18200
2022-06-22,1655856000,7.825,8.314,7.825,8.044,8200
2022-06-23,1655942400,8.216,8.314,7.14,7.733,10700
2022-06-24,1656028800,8.216,8.314,7.825,8.178,4600
2022-06-27,1656288000,7.825,8.119,7.825,7.927,10100
2022-06-28,1656374400,7.923,8.216,7.825,7.979,10400
2022-06-29,1656460800,8.021,8.412,7.825,8.176,25200
2022-06-30,1656547200,8.705,8.705,8.021,8.06,11700
2022-07-01,1656633600,7.825,8.314,7.825,7.942,11800
2022-07-04,1656892800,7.825,8.021,7.825,7.917,22200
2022-07-05,1656979200,7.923,8.021,7.923,7.925,11700
2022-07-06,1657065600,8.119,8.119,7.532,7.969,5700
2022-07-07,1657152000,8.216,8.216,7.629,7.785,3700
2022-07-08,1657238400,8.216,8.216,7.532,7.613,11300
2022-07-11,1657497600,7.923,8.216,7.629,7.826,9700
2022-07-12,1657584000,7.629,8.021,7.629,7.977,17400
2022-07-13,1657670400,7.923,8.021,7.825,7.862,38400
2022-07-14,1657756800,7.629,8.412,7.629,8.122,62600
2022-07-15,1657843200,7.923,8.608,7.923,8.276,19500
2022-07-18,1658102400,8.119,8.119,7.923,8.017,13300
2022-07-19,1658188800,7.629,8.412,7.629,7.935,9300
2022-07-20,1658275200,8.314,8.314,7.825,7.969,12300
2022-07-21,1658361600,7.923,8.314,7.923,7.959,3000
2022-07-22,1658448000,7.825,8.216,7.825,7.868,22000
2022-07-25,1658707200,7.923,8.021,7.825,7.99,9800
2022-07-26,1658793600,8.119,8.119,7.923,7.945,10000
2022-07-27,1658880000,7.923,8.021,7.825,7.916,12800
2022-07-28,1658966400,7.923,8.119,7.825,7.896,37300
2022-07-29,1659052800,8.119,8.119,7.825,7.929,10100
2022-08-01,1659312000,8.119,8.119,7.825,7.926,44000
2022-08-02,1659398400,7.825,8.119,7.825,7.979,17500
2022-08-03,1659484800,8.119,8.314,7.825,8.056,26500
2022-08-04,1659571200,8.021,8.314,8.021,8.164,10600
2022-08-05,1659657600,8.314,8.314,7.825,8.013,25200
2022-08-08,1659916800,8.314,8.314,7.923,8.038,26000
2022-08-09,1660003200,8.314,8.314,7.825,7.897,37700
2022-08-10,1660089600,8.021,8.119,7.825,7.987,75100
2022-08-11,1660176000,8.314,8.314,7.923,8.121,43600
2022-08-12,1660262400,8.216,8.216,8.021,8.108,15300
2022-08-15,1660521600,8.216,8.216,7.825,7.991,50800
2022-08-16,1660608000,8.021,8.119,7.923,8.018,31200
2022-08-17,1660694400,7.923,8.021,7.825,7.857,23900
2022-08-18,1660780800,7.923,7.923,7.727,7.818,19700
2022-08-19,1660867200,7.727,8.314,7.727,7.948,34814
2022-08-22,1661126400,7.923,8.119,7.629,7.811,18200
2022-08-23,1661212800,7.923,7.923,7.825,7.864,4700
2022-08-24,1661299200,7.923,8.021,7.727,7.81,28000
2022-08-25,1661385600,7.923,8.021,7.727,7.841,16900
2022-08-26,1661472000,7.727,8.119,7.727,7.806,9700
2022-08-29,1661731200,7.825,8.119,7.727,7.81,12200
2022-08-30,1661817600,7.923,7.923,7.727,7.733,20900
2022-08-31,1661904000,7.727,7.923,7.629,7.736,14800
2022-09-05,1662336000,7.825,8.021,7.727,7.807,15400
2022-09-06,1662422400,7.825,7.923,7.727,7.805,14500
2022-09-07,1662508800,7.923,7.923,7.727,7.738,12300
2022-09-08,1662595200,7.825,7.825,7.629,7.752,10400
2022-09-09,1662681600,7.727,7.727,7.532,7.545,16000
2022-09-12,1662940800,7.727,7.727,7.532,7.582,13400
2022-09-13,1663027200,7.629,7.727,7.629,7.63,8700
2022-09-14,1663113600,7.532,7.825,7.532,7.611,9700
2022-09-15,1663200000,7.727,7.825,7.532,7.582,19400
2022-09-16,1663286400,7.727,7.825,7.532,7.619,20600
2022-09-19,1663545600,7.629,7.629,7.434,7.531,11200
2022-09-20,1663632000,7.727,7.727,7.336,7.375,15300
2022-09-21,1663718400,7.336,7.532,7.043,7.293,5700
2022-09-22,1663804800,7.336,7.532,7.238,7.312,12800
2022-09-23,1663891200,7.629,7.629,7.434,7.506,29000
2022-09-26,1664150400,7.336,7.532,7.14,7.229,35200
2022-09-27,1664236800,7.238,7.629,7.14,7.499,52100
2022-09-28,1664323200,7.434,7.727,7.336,7.535,23500
2022-09-29,1664409600,7.629,7.629,7.336,7.384,8700
2022-09-30,1664496000,7.238,7.336,7.043,7.111,18000
2022-10-03,1664755200,7.238,7.238,6.847,6.955,27000
2022-10-04,1664841600,6.847,7.043,6.651,6.873,6600
2022-10-05,1664928000,6.847,7.434,6.651,7.012,13400
2022-10-06,1665014400,7.043,7.043,6.847,6.908,9700
2022-10-07,1665100800,6.945,6.945,6.945,6.945,0
2022-10-10,1665360000,6.945,6.945,6.945,6.945,500
2022-10-11,1665446400,7.043,7.043,6.651,6.819,3500
2022-10-12,1665532800,6.456,6.847,6.456,6.705,13200
2022-10-13,1665619200,6.749,6.847,6.553,6.583,18300
2022-10-14,1665705600,6.847,6.847,6.553,6.595,1200
2022-10-17,1665964800,6.749,6.847,6.456,6.681,11500
2022-10-18,1666051200,6.749,6.749,6.553,6.628,8600
2022-10-19,1666137600,6.651,6.749,6.553,6.624,9600
2022-10-20,1666224000,6.456,6.651,6.358,6.458,4700
2022-10-21,1666310400,6.651,6.749,6.162,6.325,28700
2022-10-24,1666569600,5.869,6.26,5.869,5.872,25000
2022-10-25,1666656000,5.282,6.358,5.184,5.309,5000
2022-10-26,1666742400,6.064,6.064,5.771,5.878,3000
2022-10-27,1666828800,5.869,6.358,5.869,6.035,17600
2022-10-28,1666915200,6.358,6.456,6.162,6.305,6800
2022-10-31,1667174400,5.673,6.162,5.477,6.105,3300
2022-11-01,1667260800,6.064,6.162,5.967,6.064,21800
2022-11-02,1667347200,6.162,6.162,6.162,6.162,900
2022-11-03,1667433600,6.162,6.358,6.064,6.144,4800
2022-11-04,1667520000,6.26,6.26,6.064,6.119,13300
2022-11-07,1667779200,6.064,6.064,5.869,5.95,27500
2022-11-08,1667865600,5.477,6.064,5.477,5.867,16100
2022-11-09,1667952000,5.869,6.064,5.869,5.932,4800
2022-11-10,1668038400,5.869,5.869,5.673,5.782,7000
2022-11-11,1668124800,5.477,5.673,5.086,5.246,43200
2022-11-14,1668384000,4.891,5.38,4.891,5.103,22700
2022-11-15,1668470400,5.184,5.184,4.401,4.575,75500
2022-11-16,1668556800,4.01,4.401,3.912,3.991,91400
2022-11-17,1668643200,4.401,4.499,4.108,4.374,32300
2022-11-18,1668729600,4.891,4.891,4.108,4.231,24300
2022-11-21,1668988800,4.499,4.695,4.401,4.471,19800
2022-11-22,1669075200,4.597,4.891,4.597,4.694,14600
2022-11-23,1669161600,4.891,4.891,4.597,4.626,27100
2022-11-24,1669248000,4.499,4.793,4.304,4.338,23300
2022-11-25,1669334400,4.401,4.597,4.304,4.482,7900
2022-11-28,1669593600,4.695,5.086,4.695,4.865,72000
2022-11-29,1669680000,5.38,5.38,4.891,5.154,21400
2022-11-30,1669766400,5.477,5.477,5.282,5.336,6700
2022-12-01,1669852800,5.38,5.477,5.086,5.338,71100
2022-12-02,1669939200,5.38,5.477,5.184,5.417,42900
2022-12-05,1670198400,5.477,5.477,5.184,5.319,81000
2022-12-06,1670284800,5.38,5.38,5.086,5.121,21200
2022-12-07,1670371200,5.086,5.184,5.086,5.123,800
2022-12-08,1670457600,5.184,5.38,4.988,5.252,9900
2022-12-09,1670544000,5.38,5.38,5.086,5.255,10200
2022-12-12,1670803200,6.064,6.064,5.282,5.472,3300
2022-12-13,1670889600,5.575,5.575,5.184,5.294,7900
2022-12-14,1670976000,5.575,5.575,4.988,5.123,28200
2022-12-15,1671062400,4.988,5.086,4.988,5.079,37800
2022-12-16,1671148800,4.988,5.184,4.988,5.074,12500
2022-12-19,1671408000,5.184,5.184,5.184,5.184,100
2022-12-20,1671494400,5.184,5.184,4.793,4.927,9800
2022-12-21,1671580800,4.891,4.891,4.793,4.885,19700
2022-12-22,1671667200,4.891,5.086,4.891,4.934,12100
2022-12-23,1671753600,4.891,5.184,4.891,5.045,28306
2022-12-26,1672012800,5.282,5.673,4.793,5.005,43800
2022-12-27,1672099200,4.597,5.38,4.597,5.146,10900
2022-12-28,1672185600,5.282,5.282,4.891,5.042,34100
2022-12-29,1672272000,4.988,5.282,4.988,5.16,5400
2022-12-30,1672358400,5.282,5.282,4.891,4.908,10100
2023-01-03,1672704000,5.282,5.575,4.988,5.4,18200
2023-01-04,1672790400,5.38,5.38,5.282,5.298,1200
2023-01-05,1672876800,5.184,5.184,5.184,5.184,3500
2023-01-06,1672963200,5.38,5.38,5.184,5.196,2500
2023-01-09,1673222400,5.184,5.184,5.086,5.18,7000
2023-01-10,1673308800,5.282,5.282,5.184,5.188,5200
2023-01-11,1673395200,5.282,5.282,5.282,5.282,10200
2023-01-12,1673481600,5.282,5.282,5.282,5.282,600
2023-01-13,1673568000,5.282,5.282,5.282,5.282,1200
2023-01-16,1673827200,5.282,5.38,5.282,5.289,15700
2023-01-17,1673913600,5.282,5.477,5.282,5.367,11500
2023-01-18,1674000000,5.38,5.771,5.38,5.632,9900
2023-01-19,1674086400,5.673,6.456,5.673,6.047,45100
2023-01-27,1674777600,6.749,6.847,6.358,6.591,1600
2023-01-30,1675036800,6.553,6.945,6.553,6.835,4800
2023-01-31,1675123200,6.553,7.238,6.456,6.693,4700
2023-02-01,1675209600,6.945,7.043,6.651,6.855,17200
2023-02-02,1675296000,6.26,6.651,6.26,6.521,300
2023-02-03,1675382400,6.651,7.434,5.967,6.819,11000
2023-02-06,1675641600,6.26,6.26,6.162,6.17,3900
2023-02-07,1675728000,6.456,6.456,5.967,6.068,5000
2023-02-08,1675814400,6.358,6.358,5.771,5.863,10800
2023-02-09,1675900800,6.064,6.26,5.967,6.145,6500
2023-02-10,1675987200,5.869,5.869,5.869,5.869,5800
2023-02-13,1676246400,5.967,5.967,5.967,5.967,100
2023-02-14,1676332800,5.967,5.967,5.967,5.967,200
2023-02-15,1676419200,5.869,6.162,5.869,5.961,11700
2023-02-16,1676505600,6.162,6.162,6.162,6.162,100
2023-02-17,1676592000,5.771,6.064,5.771,5.882,4400
2023-02-20,1676851200,6.064,6.064,5.771,5.843,3500
2023-02-21,1676937600,5.967,6.064,5.967,5.972,1800
2023-02-22,1677024000,5.967,6.064,5.771,5.839,2300
2023-02-23,1677110400,5.673,5.771,5.477,5.624,3200
2023-02-24,1677196800,5.575,5.673,5.575,5.656,600
2023-02-27,1677456000,5.477,5.477,5.38,5.467,4600
2023-02-28,1677542400,5.477,5.477,5.477,5.477,0
2023-03-01,1677628800,5.869,5.869,5.869,5.869,200
2023-03-02,1677715200,5.771,5.771,5.477,5.543,600
2023-03-03,1677801600,5.869,5.869,5.477,5.58,4100
2023-03-06,1678060800,5.967,5.967,5.771,5.921,1500
2023-03-07,1678147200,5.869,5.869,5.673,5.811,3401
2023-03-08,1678233600,5.771,6.26,5.673,5.828,20000
2023-03-09,1678320000,5.869,6.162,5.869,5.898,1000
2023-03-10,1678406400,5.771,5.771,5.771,5.771,1000
2023-03-13,1678665600,5.771,6.162,5.771,5.784,3100
2023-03-14,1678752000,6.162,6.162,6.162,6.162,100
2023-03-15,1678838400,5.771,6.064,5.771,5.945,900
2023-03-16,1678924800,6.064,6.064,6.064,6.064,500
2023-03-17,1679011200,5.575,6.162,5.575,6.036,700
2023-03-20,1679270400,6.064,6.064,6.064,6.064,500
2023-03-21,1679356800,5.869,5.869,5.869,5.869,500
2023-03-22,1679443200,5.869,5.869,5.771,5.786,4000
2023-03-23,1679529600,6.064,6.064,6.064,6.064,300
2023-03-24,1679616000,5.575,5.869,5.575,5.795,800
2023-03-27,1679875200,5.771,5.771,5.673,5.767,5100
2023-03-28,1679961600,5.771,5.967,5.771,5.792,6300
2023-03-29,1680048000,5.869,6.064,5.771,5.896,36100
2023-03-30,1680134400,5.869,6.064,5.869,5.931,29400
2023-03-31,1680220800,6.064,6.064,5.869,6.012,11000
2023-04-03,1680480000,6.064,6.064,5.869,5.947,4400
2023-04-04,1680566400,5.869,6.064,5.869,5.898,39100
2023-04-05,1680652800,5.967,5.967,5.673,5.732,10900
2023-04-06,1680739200,5.771,6.162,5.771,5.989,12409
2023-04-07,1680825600,5.869,5.869,5.673,5.721,13800
2023-04-10,1681084800,5.967,5.967,5.869,5.872,11900
2023-04-11,1681171200,5.869,5.869,5.869,5.869,500
2023-04-12,1681257600,5.869,6.064,5.869,5.972,41400
2023-04-13,1681344000,6.162,6.26,5.967,6.223,18100
2023-04-14,1681430400,6.162,6.26,5.869,5.916,12409
2023-04-17,1681689600,5.967,6.162,5.967,6.036,17800
2023-04-18,1681776000,6.064,6.26,6.064,6.145,13109
2023-04-19,1681862400,6.26,6.651,6.26,6.355,19000
2023-04-20,1681948800,6.456,6.553,6.456,6.457,7200
2023-04-21,1682035200,6.358,6.553,6.26,6.477,19400
2023-04-24,1682294400,6.162,6.358,6.162,6.173,11010
2023-04-25,1682380800,6.162,6.162,6.162,6.162,5000
2023-04-26,1682467200,6.162,6.456,6.162,6.264,5500
2023-04-27,1682553600,6.553,6.553,6.064,6.215,11500
2023-04-28,1682640000,6.26,6.26,5.967,6.078,3500
2023-05-04,1683158400,5.869,6.162,5.869,5.912,6607
2023-05-05,1683244800,5.869,6.162,5.771,5.823,13600
2023-05-08,1683504000,6.26,6.26,5.869,5.986,1500
2023-05-09,1683590400,5.967,6.162,5.967,6.006,500
2023-05-10,1683676800,6.064,6.162,6.064,6.094,2700
2023-05-11,1683763200,6.064,6.162,6.064,6.137,7200
2023-05-12,1683849600,6.26,6.26,6.26,6.26,4000
2023-05-15,1684108800,6.162,6.162,5.967,6.095,7200
2023-05-16,1684195200,6.064,6.064,6.064,6.064,2201
2023-05-17,1684281600,6.064,6.064,6.064,6.064,0
2023-05-18,1684368000,5.869,6.064,5.869,6.061,13400
2023-05-19,1684454400,6.162,6.162,6.162,6.162,200
2023-05-22,1684713600,5.967,6.162,5.869,5.935,18300
2023-05-23,1684800000,5.967,5.967,5.869,5.872,23200
2023-05-24,1684886400,6.064,6.162,6.064,6.069,1900
2023-05-25,1684972800,6.162,6.162,6.064,6.072,1200
2023-05-26,1685059200,6.064,6.064,6.064,6.064,6300
2023-05-29,1685318400,5.967,6.064,5.869,5.953,12300
2023-05-30,1685404800,6.162,6.358,6.162,6.245,22400
2023-05-31,1685491200,6.553,6.553,6.26,6.418,15600
2023-06-01,1685577600,6.456,6.456,6.358,6.373,9700
2023-06-02,1685664000,6.26,6.26,6.162,6.213,18600
2023-06-05,1685923200,6.26,6.456,6.26,6.314,23200
2023-06-06,1686009600,6.456,6.456,6.456,6.456,100
2023-06-07,1686096000,6.162,6.358,6.162,6.207,1300
2023-06-08,1686182400,6.358,6.553,6.26,6.402,54600
2023-06-09,1686268800,6.553,6.553,6.26,6.326,8200
2023-06-12,1686528000,6.651,6.651,6.26,6.43,4600
2023-06-13,1686614400,6.553,6.651,6.358,6.509,37200
2023-06-14,1686700800,6.553,7.336,6.553,7.006,51800
2023-06-15,1686787200,6.847,7.043,6.651,6.812,11300
2023-06-16,1686873600,6.847,6.847,6.456,6.633,20300
2023-06-19,1687132800,6.553,6.651,6.26,6.442,31300
2023-06-20,1687219200,6.553,6.553,6.553,6.553,100
2023-06-21,1687305600,6.847,6.847,6.553,6.608,21100
2023-06-22,1687392000,6.945,6.945,6.553,6.625,12500
2023-06-23,1687478400,6.749,6.847,6.651,6.751,8900
2023-06-26,1687737600,6.651,6.749,6.553,6.655,11400
2023-06-27,1687824000,6.651,6.749,6.553,6.657,11403
2023-06-28,1687910400,6.847,6.847,6.553,6.68,19600
2023-06-29,1687996800,6.553,6.945,6.553,6.689,6600
2023-06-30,1688083200,6.847,6.847,6.651,6.7,4402
2023-07-03,1688342400,6.749,6.847,6.651,6.732,18100
2023-07-04,1688428800,6.847,6.945,6.749,6.825,5403
2023-07-05,1688515200,6.945,6.945,6.749,6.778,4417
2023-07-06,1688601600,6.651,6.847,6.553,6.733,22100
2023-07-07,1688688000,6.651,6.847,6.651,6.658,5630
2023-07-10,1688947200,6.847,7.14,6.651,6.875,89100
2023-07-11,1689033600,7.14,7.14,6.847,6.948,17800
2023-07-12,1689120000,7.14,7.14,6.847,7.005,30900
2023-07-13,1689206400,7.043,7.434,7.043,7.208,51200
2023-07-14,1689292800,7.14,7.238,6.945,7.023,13500
2023-07-17,1689552000,6.945,7.532,6.847,7.323,51000
2023-07-18,1689638400,7.532,8.412,7.532,8.361,261817
2023-07-19,1689724800,8.803,9.488,8.705,9.339,365600
2023-07-20,1689811200,9.684,10.662,9.39,10.362,541601
2023-07-21,1689897600,10.76,10.858,10.564,10.712,57129
2023-07-24,1690156800,10.76,11.151,9.586,10.814,241100
2023-07-25,1690243200,10.76,12.423,10.662,11.579,574300
2023-07-26,1690329600,12.423,13.205,12.423,12.97,943725
2023-07-27,1690416000,13.205,14.281,13.205,13.84,380501
2023-07-28,1690502400,13.988,13.988,12.716,13.18,494792
2023-07-31,1690761600,13.303,13.303,12.227,12.663,178651
2023-08-01,1690848000,12.423,13.205,12.227,12.439,231644
2023-08-02,1690934400,12.129,12.52,12.129,12.235,140207
2023-08-03,1691020800,12.227,12.716,11.738,12.136,266276
2023-08-04,1691107200,12.325,13.596,11.934,12.621,248646
2023-08-07,1691366400,13.205,13.596,12.52,12.855,450615
2023-08-08,1691452800,13.205,13.205,12.52,12.73,358539
2023-08-09,1691539200,13.01,13.499,12.52,13.155,324807
2023-08-10,1691625600,13.596,14.281,13.303,13.746,477232
2023-08-11,1691712000,13.499,15.749,13.499,14.889,651349
2023-08-14,1691971200,15.064,15.553,13.792,14.66,553893
2023-08-15,1692057600,14.183,14.379,13.89,14.04,198003
2023-08-16,1692144000,13.89,13.988,13.694,13.861,133749
2023-08-17,1692230400,13.89,13.988,13.107,13.477,282904
2023-08-18,1692316800,11.8,13.7,11.5,13.029,401236
2023-08-21,1692576000,13.0,13.5,12.5,12.955,277117
2023-08-22,1692662400,13.4,13.4,12.5,12.869,154600
2023-08-23,1692748800,13.2,13.2,12.6,12.857,72016
2023-08-24,1692835200,13.0,13.8,12.7,13.198,118311
2023-08-25,1692921600,13.4,13.5,13.2,13.228,53819
2023-08-28,1693180800,13.4,13.6,13.2,13.416,155821
2023-08-29,1693267200,14.2,14.5,13.7,13.992,204900
2023-08-30,1693353600,15.0,15.0,14.3,14.555,297256
2023-08-31,1693440000,14.9,15.2,14.6,14.759,207213
2023-09-05,1693872000,15.5,15.5,14.2,14.515,257055
2023-09-06,1693958400,14.5,15.0,14.4,14.699,481805
2023-09-07,1694044800,14.7,14.7,14.3,14.487,143910
2023-09-08,1694131200,14.0,14.5,13.9,14.179,168100
2023-09-11,1694390400,14.0,14.4,12.1,13.913,118800
2023-09-12,1694476800,13.5,14.0,13.5,13.719,38500
2023-09-13,1694563200,13.8,14.0,13.6,13.78,88110
2023-09-14,1694649600,13.7,14.0,13.2,13.553,141402
2023-09-15,1694736000,13.6,14.0,13.2,13.516,71501
2023-09-18,1694995200,13.5,13.9,13.4,13.482,28900
2023-09-19,1695081600,13.4,13.5,12.8,12.942,35600
2023-09-20,1695168000,12.9,13.4,12.8,12.99,76200
2023-09-21,1695254400,14.0,14.0,12.9,13.073,110800
2023-09-22,1695340800,13.5,13.5,12.2,12.647,38400
2023-09-25,1695600000,13.2,13.2,11.3,12.04,38900
2023-09-26,1695686400,10.2,12.5,10.2,10.614,249600
2023-09-27,1695772800,10.8,11.5,10.5,10.835,47700
2023-09-28,1695859200,12.4,12.4,11.3,11.648,42209
2023-09-29,1695945600,13.0,13.0,11.6,11.822,12900
2023-10-02,1696204800,12.5,12.5,10.7,11.769,33700
2023-10-03,1696291200,11.0,11.0,10.1,10.518,138400
2023-10-04,1696377600,10.1,10.8,10.1,10.569,24200
2023-10-05,1696464000,11.3,11.3,10.6,10.826,71200
2023-10-06,1696550400,11.2,11.2,10.7,10.836,8500
2023-10-09,1696809600,10.8,11.5,10.8,10.943,98600
2023-10-10,1696896000,11.2,11.7,11.2,11.55,61100
2023-10-11,1696982400,12.0,12.7,11.8,12.078,56900
2023-10-12,1697068800,13.2,13.2,12.7,12.745,77037
2023-10-13,1697155200,12.7,13.1,12.7,12.739,70900
2023-10-16,1697414400,12.8,13.0,12.7,12.784,203000
2023-10-17,1697500800,12.8,13.2,12.8,12.885,98200
2023-10-18,1697587200,12.1,13.0,12.1,12.375,50100
2023-10-19,1697673600,12.3,13.0,12.0,12.407,19800
2023-10-20,1697760000,12.0,12.9,12.0,12.346,11400
2023-10-23,1698019200,13.2,13.2,11.1,12.71,3100
2023-10-24,1698105600,12.8,12.8,12.0,12.367,16600
2023-10-25,1698192000,12.9,12.9,12.0,12.448,11700
2023-10-26,1698278400,11.0,12.7,11.0,12.127,13900
2023-10-27,1698364800,10.8,12.5,10.8,12.15,9800
2023-10-30,1698624000,11.0,12.5,11.0,12.082,8800
2023-10-31,1698710400,10.4,11.6,10.3,10.75,12100
2023-11-01,1698796800,10.7,11.9,10.5,10.886,44500
2023-11-02,1698883200,12.3,12.3,10.9,11.28,18900
2023-11-03,1698969600,11.3,11.5,11.3,11.303,8800
2023-11-06,1699228800,11.2,12.2,11.2,11.611,14800
2023-11-07,1699315200,12.0,12.1,11.8,11.889,8700
2023-11-08,1699401600,12.1,12.4,11.7,11.942,34400
2023-11-09,1699488000,11.9,12.3,11.9,12.056,21900
2023-11-10,1699574400,12.0,12.2,11.5,11.883,10400
2023-11-13,1699833600,12.2,12.2,10.2,10.657,46600
2023-11-14,1699920000,10.8,11.9,10.8,10.945,2900
2023-11-15,1700006400,11.9,12.0,11.8,11.843,2101
2023-11-16,1700092800,10.9,11.8,10.9,11.306,3300
2023-11-17,1700179200,11.7,11.9,11.0,11.691,65800
2023-11-20,1700438400,12.0,12.0,11.7,11.746,7100
2023-11-21,1700524800,11.7,12.0,11.5,11.628,25700
2023-11-22,1700611200,11.1,11.5,11.1,11.45,2400
2023-11-23,1700697600,11.5,11.5,11.1,11.358,25100
2023-11-24,1700784000,10.9,11.4,10.9,10.932,3101
2023-11-27,1701043200,10.9,11.2,10.5,10.643,13400
2023-11-28,1701129600,10.7,10.8,10.5,10.589,8700
2023-11-29,1701216000,10.6,10.8,10.5,10.574,10500
2023-11-30,1701302400,10.9,10.9,10.6,10.702,18800
2023-12-01,1701388800,11.0,11.0,10.6,10.685,7500
