symbol,year,month,date,quarter,week,weekday_index,weekday,full_date,open,high,low,close,volume,timestamp,trend
COM,2006,8,7,3,32,1,Monday,2006-08-07,10.64,10.64,10.64,10.64,7900.0,1154908800.0,SIDEWAY
COM,2006,8,8,3,32,2,Tuesday,2006-08-08,10.12,10.37,10.12,10.37,36880.0,1154995200.0,UPTREND
COM,2006,8,9,3,32,3,Wednesday,2006-08-09,10.37,10.88,10.37,10.88,3490.0,1155081600.0,UPTREND
COM,2006,8,10,3,32,4,Thursday,2006-08-10,11.4,11.4,11.4,11.4,4010.0,1155168000.0,SIDEWAY
COM,2006,8,11,3,32,5,Friday,2006-08-11,11.7,11.95,11.7,11.95,10160.0,1155254400.0,UPTREND
COM,2006,8,14,3,33,1,Monday,2006-08-14,12.52,12.52,12.52,12.52,22480.0,1155513600.0,SIDEWAY
COM,2006,8,15,3,33,2,Tuesday,2006-08-15,13.07,13.07,12.55,12.55,23100.0,1155600000.0,DOWNTREND
COM,2006,8,16,3,33,3,Wednesday,2006-08-16,12.55,12.69,12.55,12.69,13940.0,1155686400.0,UPTREND
COM,2006,8,17,3,33,4,Thursday,2006-08-17,12.69,12.82,12.69,12.82,31700.0,1155772800.0,UPTREND
COM,2006,8,18,3,33,5,Friday,2006-08-18,12.82,12.82,12.69,12.69,15650.0,1155859200.0,DOWNTREND
COM,2006,8,21,3,34,1,Monday,2006-08-21,12.69,12.69,12.55,12.55,6700.0,1156118400.0,DOWNTREND
COM,2006,8,22,3,34,2,Tuesday,2006-08-22,12.55,12.55,11.92,11.92,5800.0,1156204800.0,DOWNTREND
COM,2006,8,23,3,34,3,Wednesday,2006-08-23,11.73,12.28,11.73,12.28,7140.0,1156291200.0,UPTREND
COM,2006,8,24,3,34,4,Thursday,2006-08-24,12.44,12.44,12.44,12.44,2010.0,1156377600.0,SIDEWAY
COM,2006,8,25,3,34,5,Friday,2006-08-25,12.44,12.44,12.41,12.41,310.0,1156464000.0,DOWNTREND
COM,2006,8,28,3,35,1,Monday,2006-08-28,12.41,12.41,12.41,12.41,500.0,1156723200.0,SIDEWAY
COM,2006,8,29,3,35,2,Tuesday,2006-08-29,12.28,12.36,12.28,12.33,17520.0,1156809600.0,UPTREND
COM,2006,8,30,3,35,3,Wednesday,2006-08-30,12.33,12.33,12.28,12.28,8410.0,1156896000.0,DOWNTREND
COM,2006,8,31,3,35,4,Thursday,2006-08-31,12.41,12.41,11.73,12.28,6100.0,1156982400.0,DOWNTREND
COM,2006,9,1,3,35,5,Friday,2006-09-01,12.28,12.28,12.28,12.28,6560.0,1157068800.0,SIDEWAY
COM,2006,9,5,3,36,2,Tuesday,2006-09-05,12.28,12.69,12.28,12.69,30110.0,1157414400.0,UPTREND
COM,2006,9,6,3,36,3,Wednesday,2006-09-06,12.69,12.69,12.28,12.28,17800.0,1157500800.0,DOWNTREND
COM,2006,9,7,3,36,4,Thursday,2006-09-07,12.28,12.28,12.0,12.0,5190.0,1157587200.0,DOWNTREND
COM,2006,9,8,3,36,5,Friday,2006-09-08,12.0,12.25,12.0,12.06,6640.0,1157673600.0,UPTREND
COM,2006,9,11,3,37,1,Monday,2006-09-11,12.25,12.28,12.19,12.19,3900.0,1157932800.0,DOWNTREND
COM,2006,9,12,3,37,2,Tuesday,2006-09-12,12.19,12.19,12.19,12.19,6610.0,1158019200.0,SIDEWAY
COM,2006,9,13,3,37,3,Wednesday,2006-09-13,12.14,12.14,12.14,12.14,20810.0,1158105600.0,SIDEWAY
COM,2006,9,14,3,37,4,Thursday,2006-09-14,12.28,12.28,12.25,12.25,16100.0,1158192000.0,DOWNTREND
COM,2006,9,15,3,37,5,Friday,2006-09-15,12.28,12.28,12.28,12.28,18270.0,1158278400.0,SIDEWAY
COM,2006,9,18,3,38,1,Monday,2006-09-18,12.28,12.3,12.28,12.28,2350.0,1158537600.0,SIDEWAY
COM,2006,9,19,3,38,2,Tuesday,2006-09-19,12.41,12.55,12.41,12.55,21050.0,1158624000.0,UPTREND
COM,2006,9,20,3,38,3,Wednesday,2006-09-20,12.44,12.55,12.41,12.55,9350.0,1158710400.0,UPTREND
COM,2006,9,21,3,38,4,Thursday,2006-09-21,12.55,12.55,12.28,12.28,8680.0,1158796800.0,DOWNTREND
COM,2006,9,22,3,38,5,Friday,2006-09-22,12.88,12.88,12.69,12.69,72780.0,1158883200.0,DOWNTREND
COM,2006,9,25,3,39,1,Monday,2006-09-25,13.09,13.09,12.69,12.69,49930.0,1159142400.0,DOWNTREND
COM,2006,9,26,3,39,2,Tuesday,2006-09-26,12.69,12.71,12.69,12.71,31800.0,1159228800.0,UPTREND
COM,2006,9,27,3,39,3,Wednesday,2006-09-27,12.71,12.71,12.66,12.69,22440.0,1159315200.0,DOWNTREND
COM,2006,9,28,3,39,4,Thursday,2006-09-28,12.69,12.69,12.55,12.55,34180.0,1159401600.0,DOWNTREND
COM,2006,9,29,3,39,5,Friday,2006-09-29,12.55,12.55,12.47,12.47,20200.0,1159488000.0,DOWNTREND
COM,2006,10,2,4,40,1,Monday,2006-10-02,12.55,12.55,12.55,12.55,15350.0,1159747200.0,SIDEWAY
COM,2006,10,3,4,40,2,Tuesday,2006-10-03,12.55,12.55,12.55,12.55,34370.0,1159833600.0,SIDEWAY
COM,2006,10,4,4,40,3,Wednesday,2006-10-04,12.55,12.69,12.55,12.55,3780.0,1159920000.0,SIDEWAY
COM,2006,10,5,4,40,4,Thursday,2006-10-05,12.55,12.55,12.44,12.44,11000.0,1160006400.0,DOWNTREND
COM,2006,10,6,4,40,5,Friday,2006-10-06,12.55,12.55,12.55,12.55,3520.0,1160092800.0,SIDEWAY
COM,2006,10,9,4,41,1,Monday,2006-10-09,11.92,12.41,11.92,12.41,13680.0,1160352000.0,UPTREND
COM,2006,10,10,4,41,2,Tuesday,2006-10-10,12.41,12.41,12.41,12.41,10260.0,1160438400.0,SIDEWAY
COM,2006,10,11,4,41,3,Wednesday,2006-10-11,12.33,12.41,12.33,12.41,15580.0,1160524800.0,UPTREND
COM,2006,10,12,4,41,4,Thursday,2006-10-12,12.41,12.44,12.41,12.41,1510.0,1160611200.0,SIDEWAY
COM,2006,10,13,4,41,5,Friday,2006-10-13,12.41,12.41,12.3,12.3,2900.0,1160697600.0,DOWNTREND
COM,2006,10,16,4,42,1,Monday,2006-10-16,12.28,12.28,12.28,12.28,14830.0,1160956800.0,SIDEWAY
COM,2006,10,17,4,42,2,Tuesday,2006-10-17,12.06,12.28,12.06,12.28,30100.0,1161043200.0,UPTREND
COM,2006,10,18,4,42,3,Wednesday,2006-10-18,12.28,12.28,12.14,12.14,1000.0,1161129600.0,DOWNTREND
COM,2006,10,19,4,42,4,Thursday,2006-10-19,12.28,12.28,12.14,12.14,6400.0,1161216000.0,DOWNTREND
COM,2006,10,20,4,42,5,Friday,2006-10-20,12.14,12.28,12.14,12.28,4150.0,1161302400.0,UPTREND
COM,2006,10,23,4,43,1,Monday,2006-10-23,12.28,12.28,12.28,12.28,1800.0,1161561600.0,SIDEWAY
COM,2006,10,24,4,43,2,Tuesday,2006-10-24,12.22,12.22,12.0,12.0,6580.0,1161648000.0,DOWNTREND
COM,2006,10,25,4,43,3,Wednesday,2006-10-25,12.0,12.0,12.0,12.0,100.0,1161734400.0,SIDEWAY
COM,2006,10,27,4,43,5,Friday,2006-10-27,11.65,11.79,11.65,11.79,3700.0,1161907200.0,UPTREND
COM,2006,10,30,4,44,1,Monday,2006-10-30,11.51,11.51,11.51,11.51,8690.0,1162166400.0,SIDEWAY
COM,2006,10,31,4,44,2,Tuesday,2006-10-31,11.05,11.73,11.05,11.73,10310.0,1162252800.0,UPTREND
COM,2006,11,1,4,44,3,Wednesday,2006-11-01,11.73,11.73,11.73,11.73,3350.0,1162339200.0,SIDEWAY
COM,2006,11,2,4,44,4,Thursday,2006-11-02,11.48,11.59,11.48,11.59,2000.0,1162425600.0,UPTREND
COM,2006,11,3,4,44,5,Friday,2006-11-03,11.51,11.51,11.46,11.46,3100.0,1162512000.0,DOWNTREND
COM,2006,11,6,4,45,1,Monday,2006-11-06,11.46,11.46,11.35,11.46,1880.0,1162771200.0,SIDEWAY
COM,2006,11,7,4,45,2,Tuesday,2006-11-07,11.51,11.51,11.46,11.46,5100.0,1162857600.0,DOWNTREND
COM,2006,11,8,4,45,3,Wednesday,2006-11-08,11.46,11.46,11.46,11.46,1100.0,1162944000.0,SIDEWAY
COM,2006,11,9,4,45,4,Thursday,2006-11-09,11.46,11.46,11.43,11.43,6820.0,1163030400.0,DOWNTREND
COM,2006,11,10,4,45,5,Friday,2006-11-10,11.43,11.43,11.43,11.43,1300.0,1163116800.0,SIDEWAY
COM,2006,11,13,4,46,1,Monday,2006-11-13,11.43,11.43,11.32,11.32,100.0,1163376000.0,DOWNTREND
COM,2006,11,14,4,46,2,Tuesday,2006-11-14,11.32,11.32,11.32,11.32,440.0,1163462400.0,SIDEWAY
COM,2006,11,15,4,46,3,Wednesday,2006-11-15,11.87,11.87,11.32,11.46,7680.0,1163548800.0,DOWNTREND
COM,2006,11,16,4,46,4,Thursday,2006-11-16,11.59,11.73,11.59,11.73,11530.0,1163635200.0,UPTREND
COM,2006,11,17,4,46,5,Friday,2006-11-17,11.73,11.73,11.51,11.51,250.0,1163721600.0,DOWNTREND
COM,2006,11,20,4,47,1,Monday,2006-11-20,11.35,11.35,11.18,11.18,13930.0,1163980800.0,DOWNTREND
COM,2006,11,21,4,47,2,Tuesday,2006-11-21,11.18,11.18,11.16,11.16,4000.0,1164067200.0,DOWNTREND
COM,2006,11,22,4,47,3,Wednesday,2006-11-22,10.64,11.02,10.64,10.72,39810.0,1164153600.0,UPTREND
COM,2006,11,23,4,47,4,Thursday,2006-11-23,10.78,10.91,10.78,10.91,15300.0,1164240000.0,UPTREND
COM,2006,11,24,4,47,5,Friday,2006-11-24,10.91,11.46,10.91,11.18,7930.0,1164326400.0,UPTREND
COM,2006,11,27,4,48,1,Monday,2006-11-27,11.46,11.46,10.91,10.91,12480.0,1164585600.0,DOWNTREND
COM,2006,11,28,4,48,2,Tuesday,2006-11-28,10.91,11.18,10.91,11.18,2000.0,1164672000.0,UPTREND
COM,2006,11,29,4,48,3,Wednesday,2006-11-29,10.91,10.91,10.91,10.91,2810.0,1164758400.0,SIDEWAY
COM,2006,11,30,4,48,4,Thursday,2006-11-30,10.64,10.91,10.64,10.91,1590.0,1164844800.0,UPTREND
COM,2006,12,1,4,48,5,Friday,2006-12-01,10.91,10.91,10.67,10.91,3200.0,1164931200.0,SIDEWAY
COM,2006,12,4,4,49,1,Monday,2006-12-04,10.91,11.16,10.91,11.16,2200.0,1165190400.0,UPTREND
COM,2006,12,5,4,49,2,Tuesday,2006-12-05,11.16,11.16,10.64,10.64,2400.0,1165276800.0,DOWNTREND
COM,2006,12,6,4,49,3,Wednesday,2006-12-06,10.64,10.78,10.64,10.64,3370.0,1165363200.0,SIDEWAY
COM,2006,12,7,4,49,4,Thursday,2006-12-07,10.64,10.64,10.64,10.64,6750.0,1165449600.0,SIDEWAY
COM,2006,12,11,4,50,1,Monday,2006-12-11,10.64,10.8,10.64,10.8,9110.0,1165795200.0,UPTREND
COM,2006,12,12,4,50,2,Tuesday,2006-12-12,10.8,10.8,10.53,10.53,7030.0,1165881600.0,DOWNTREND
COM,2006,12,13,4,50,3,Wednesday,2006-12-13,10.09,10.53,10.09,10.53,18950.0,1165968000.0,UPTREND
COM,2006,12,14,4,50,4,Thursday,2006-12-14,10.09,10.5,10.09,10.37,7410.0,1166054400.0,UPTREND
COM,2006,12,15,4,50,5,Friday,2006-12-15,10.5,10.64,10.5,10.64,13360.0,1166140800.0,UPTREND
COM,2006,12,18,4,51,1,Monday,2006-12-18,11.16,11.16,11.13,11.13,43260.0,1166400000.0,DOWNTREND
COM,2006,12,19,4,51,2,Tuesday,2006-12-19,11.46,11.59,11.21,11.21,16510.0,1166486400.0,DOWNTREND
COM,2006,12,20,4,51,3,Wednesday,2006-12-20,11.21,11.32,11.21,11.32,8580.0,1166572800.0,UPTREND
COM,2006,12,21,4,51,4,Thursday,2006-12-21,11.32,11.32,11.32,11.32,7450.0,1166659200.0,SIDEWAY
COM,2006,12,22,4,51,5,Friday,2006-12-22,11.32,11.32,10.78,10.78,5300.0,1166745600.0,DOWNTREND
COM,2006,12,25,4,52,1,Monday,2006-12-25,10.37,10.37,10.37,10.37,10100.0,1167004800.0,SIDEWAY
COM,2006,12,26,4,52,2,Tuesday,2006-12-26,10.37,10.64,10.37,10.64,8200.0,1167091200.0,UPTREND
COM,2006,12,27,4,52,3,Wednesday,2006-12-27,10.64,10.91,10.64,10.91,2150.0,1167177600.0,UPTREND
COM,2006,12,28,4,52,4,Thursday,2006-12-28,10.91,11.05,10.91,11.05,8310.0,1167264000.0,UPTREND
COM,2006,12,29,4,52,5,Friday,2006-12-29,11.46,11.46,11.46,11.46,4310.0,1167350400.0,SIDEWAY
COM,2007,1,2,1,1,2,Tuesday,2007-01-02,11.46,11.46,11.46,11.46,2050.0,1167696000.0,SIDEWAY
COM,2007,1,3,1,1,3,Wednesday,2007-01-03,11.46,11.46,10.91,10.91,2040.0,1167782400.0,DOWNTREND
COM,2007,1,4,1,1,4,Thursday,2007-01-04,10.69,11.32,10.69,11.32,2520.0,1167868800.0,UPTREND
COM,2007,1,5,1,1,5,Friday,2007-01-05,11.24,11.32,11.24,11.24,2640.0,1167955200.0,SIDEWAY
COM,2007,1,8,1,2,1,Monday,2007-01-08,11.46,11.46,11.46,11.46,11440.0,1168214400.0,SIDEWAY
COM,2007,1,9,1,2,2,Tuesday,2007-01-09,11.73,11.73,11.46,11.46,9380.0,1168300800.0,DOWNTREND
COM,2007,1,10,1,2,3,Wednesday,2007-01-10,11.46,11.46,11.21,11.32,6710.0,1168387200.0,DOWNTREND
COM,2007,1,11,1,2,4,Thursday,2007-01-11,11.32,11.32,11.32,11.32,4560.0,1168473600.0,SIDEWAY
COM,2007,1,12,1,2,5,Friday,2007-01-12,11.32,11.32,11.32,11.32,5790.0,1168560000.0,SIDEWAY
COM,2007,1,15,1,3,1,Monday,2007-01-15,11.32,11.32,10.78,10.78,23990.0,1168819200.0,DOWNTREND
COM,2007,1,16,1,3,2,Tuesday,2007-01-16,10.78,11.27,10.78,11.27,5800.0,1168905600.0,UPTREND
COM,2007,1,17,1,3,3,Wednesday,2007-01-17,11.32,11.46,11.32,11.38,16470.0,1168992000.0,UPTREND
COM,2007,1,18,1,3,4,Thursday,2007-01-18,11.38,11.46,11.38,11.46,6000.0,1169078400.0,UPTREND
COM,2007,1,19,1,3,5,Friday,2007-01-19,11.68,11.68,11.46,11.46,20880.0,1169164800.0,DOWNTREND
COM,2007,1,22,1,4,1,Monday,2007-01-22,11.46,12.03,11.46,11.48,16730.0,1169424000.0,UPTREND
COM,2007,1,23,1,4,2,Tuesday,2007-01-23,12.06,12.06,12.06,12.06,16650.0,1169510400.0,SIDEWAY
COM,2007,1,24,1,4,3,Wednesday,2007-01-24,12.66,12.66,12.66,12.66,21400.0,1169596800.0,SIDEWAY
COM,2007,1,25,1,4,4,Thursday,2007-01-25,13.29,13.29,13.29,13.29,33960.0,1169683200.0,SIDEWAY
COM,2007,1,26,1,4,5,Friday,2007-01-26,13.09,13.09,12.63,12.82,6620.0,1169769600.0,DOWNTREND
COM,2007,1,29,1,5,1,Monday,2007-01-29,12.82,13.39,12.28,13.39,14150.0,1170028800.0,UPTREND
COM,2007,1,30,1,5,2,Tuesday,2007-01-30,12.82,13.37,12.82,12.82,17300.0,1170115200.0,SIDEWAY
COM,2007,1,31,1,5,3,Wednesday,2007-01-31,13.37,13.91,12.82,13.91,39370.0,1170201600.0,UPTREND
COM,2007,2,1,1,5,4,Thursday,2007-02-01,14.46,14.59,14.46,14.59,41660.0,1170288000.0,UPTREND
COM,2007,2,2,1,5,5,Friday,2007-02-02,15.28,15.28,15.28,15.28,22440.0,1170374400.0,SIDEWAY
COM,2007,2,5,1,6,1,Monday,2007-02-05,15.82,15.96,15.82,15.96,7100.0,1170633600.0,UPTREND
COM,2007,2,6,1,6,2,Tuesday,2007-02-06,16.64,16.64,16.37,16.37,42390.0,1170720000.0,DOWNTREND
COM,2007,2,7,1,6,3,Wednesday,2007-02-07,17.19,17.19,17.19,17.19,24350.0,1170806400.0,SIDEWAY
COM,2007,2,8,1,6,4,Thursday,2007-02-08,17.19,18.0,17.19,18.0,56450.0,1170892800.0,UPTREND
COM,2007,2,9,1,6,5,Friday,2007-02-09,18.0,18.0,17.19,17.19,10280.0,1170979200.0,DOWNTREND
COM,2007,2,12,1,7,1,Monday,2007-02-12,18.0,18.0,18.0,18.0,39150.0,1171238400.0,SIDEWAY
COM,2007,2,13,1,7,2,Tuesday,2007-02-13,18.82,18.82,18.0,18.0,12890.0,1171324800.0,DOWNTREND
COM,2007,2,14,1,7,3,Wednesday,2007-02-14,18.0,18.0,18.0,18.0,13600.0,1171411200.0,SIDEWAY
COM,2007,2,15,1,7,4,Thursday,2007-02-15,18.82,18.82,18.82,18.82,12610.0,1171497600.0,SIDEWAY
COM,2007,2,26,1,9,1,Monday,2007-02-26,19.09,19.64,19.09,19.64,1360.0,1172448000.0,UPTREND
COM,2007,2,27,1,9,2,Tuesday,2007-02-27,19.64,20.6,19.64,20.6,2090.0,1172534400.0,UPTREND
COM,2007,2,28,1,9,3,Wednesday,2007-02-28,21.55,21.55,21.28,21.28,22530.0,1172620800.0,DOWNTREND
COM,2007,3,1,1,9,4,Thursday,2007-03-01,21.28,21.28,21.28,21.28,9400.0,1172707200.0,SIDEWAY
COM,2007,3,2,1,9,5,Friday,2007-03-02,21.28,21.28,21.28,21.28,19480.0,1172793600.0,SIDEWAY
COM,2007,3,5,1,10,1,Monday,2007-03-05,21.82,22.23,21.82,22.23,19500.0,1173052800.0,UPTREND
COM,2007,3,6,1,10,2,Tuesday,2007-03-06,23.19,23.32,23.19,23.32,32100.0,1173139200.0,UPTREND
COM,2007,3,7,1,10,3,Wednesday,2007-03-07,23.32,23.32,23.32,23.32,11580.0,1173225600.0,SIDEWAY
COM,2007,3,8,1,10,4,Thursday,2007-03-08,24.41,24.41,23.46,23.46,33510.0,1173312000.0,DOWNTREND
COM,2007,3,9,1,10,5,Friday,2007-03-09,23.46,23.46,22.37,23.46,22170.0,1173398400.0,SIDEWAY
COM,2007,3,12,1,11,1,Monday,2007-03-12,23.73,23.73,23.46,23.46,11720.0,1173657600.0,DOWNTREND
COM,2007,3,13,1,11,2,Tuesday,2007-03-13,23.46,23.46,22.91,22.91,14010.0,1173744000.0,DOWNTREND
COM,2007,3,14,1,11,3,Wednesday,2007-03-14,22.91,22.91,22.1,22.1,5390.0,1173830400.0,DOWNTREND
COM,2007,3,15,1,11,4,Thursday,2007-03-15,22.1,22.1,21.0,21.0,5260.0,1173916800.0,DOWNTREND
COM,2007,3,16,1,11,5,Friday,2007-03-16,20.05,21.96,20.05,21.96,10400.0,1174003200.0,UPTREND
COM,2007,3,19,1,12,1,Monday,2007-03-19,22.64,22.64,21.96,22.37,16000.0,1174262400.0,DOWNTREND
COM,2007,3,20,1,12,2,Tuesday,2007-03-20,22.37,22.37,21.28,21.28,11540.0,1174348800.0,DOWNTREND
COM,2007,3,21,1,12,3,Wednesday,2007-03-21,21.82,21.82,20.32,20.46,25420.0,1174435200.0,DOWNTREND
COM,2007,3,22,1,12,4,Thursday,2007-03-22,21.28,21.28,20.46,20.46,14180.0,1174521600.0,DOWNTREND
COM,2007,3,23,1,12,5,Friday,2007-03-23,20.46,20.73,20.46,20.73,17210.0,1174608000.0,UPTREND
COM,2007,3,26,1,13,1,Monday,2007-03-26,19.91,19.91,19.78,19.78,18320.0,1174867200.0,DOWNTREND
COM,2007,3,27,1,13,2,Tuesday,2007-03-27,18.82,18.82,18.82,18.82,16170.0,1174953600.0,SIDEWAY
COM,2007,3,28,1,13,3,Wednesday,2007-03-28,18.0,18.0,18.0,18.0,15930.0,1175040000.0,SIDEWAY
COM,2007,3,29,1,13,4,Thursday,2007-03-29,18.82,18.82,18.82,18.82,18900.0,1175126400.0,SIDEWAY
COM,2007,3,30,1,13,5,Friday,2007-03-30,18.82,19.64,18.82,19.64,15050.0,1175212800.0,UPTREND
COM,2007,4,2,2,14,1,Monday,2007-04-02,20.6,20.6,19.78,19.78,12560.0,1175472000.0,DOWNTREND
COM,2007,4,3,2,14,2,Tuesday,2007-04-03,19.78,19.78,19.64,19.64,14350.0,1175558400.0,DOWNTREND
COM,2007,4,4,2,14,3,Wednesday,2007-04-04,18.69,19.78,18.69,19.78,5940.0,1175644800.0,UPTREND
COM,2007,4,5,2,14,4,Thursday,2007-04-05,19.37,20.32,19.37,20.32,12910.0,1175731200.0,UPTREND
COM,2007,4,6,2,14,5,Friday,2007-04-06,19.64,20.05,19.64,20.05,13600.0,1175817600.0,UPTREND
COM,2007,4,9,2,15,1,Monday,2007-04-09,20.19,20.19,20.05,20.05,23930.0,1176076800.0,DOWNTREND
COM,2007,4,10,2,15,2,Tuesday,2007-04-10,19.91,20.19,19.91,20.05,8460.0,1176163200.0,UPTREND
COM,2007,4,11,2,15,3,Wednesday,2007-04-11,20.05,20.05,20.05,20.05,9540.0,1176249600.0,SIDEWAY
COM,2007,4,12,2,15,4,Thursday,2007-04-12,19.78,19.78,19.37,19.37,2340.0,1176336000.0,DOWNTREND
COM,2007,4,13,2,15,5,Friday,2007-04-13,18.41,18.41,18.41,18.41,12480.0,1176422400.0,SIDEWAY
COM,2007,4,16,2,16,1,Monday,2007-04-16,17.59,17.59,17.59,17.59,7100.0,1176681600.0,SIDEWAY
COM,2007,4,17,2,16,2,Tuesday,2007-04-17,16.78,16.78,16.78,16.78,2350.0,1176768000.0,SIDEWAY
COM,2007,4,18,2,16,3,Wednesday,2007-04-18,15.96,17.46,15.96,17.46,9140.0,1176854400.0,UPTREND
COM,2007,4,19,2,16,4,Thursday,2007-04-19,18.28,18.28,18.28,18.28,7460.0,1176940800.0,SIDEWAY
COM,2007,4,20,2,16,5,Friday,2007-04-20,18.28,18.28,17.46,17.46,7330.0,1177027200.0,DOWNTREND
COM,2007,4,23,2,17,1,Monday,2007-04-23,17.46,17.46,17.46,17.46,2000.0,1177286400.0,SIDEWAY
COM,2007,4,24,2,17,2,Tuesday,2007-04-24,16.91,17.19,16.91,16.91,3650.0,1177372800.0,SIDEWAY
COM,2007,4,25,2,17,3,Wednesday,2007-04-25,16.91,17.73,16.91,17.73,2350.0,1177459200.0,UPTREND
COM,2007,5,2,2,18,3,Wednesday,2007-05-02,17.73,18.0,17.73,18.0,3550.0,1178064000.0,UPTREND
COM,2007,5,3,2,18,4,Thursday,2007-05-03,17.73,17.73,17.19,17.73,8740.0,1178150400.0,SIDEWAY
COM,2007,5,4,2,18,5,Friday,2007-05-04,17.73,17.73,17.73,17.73,5650.0,1178236800.0,SIDEWAY
COM,2007,5,7,2,19,1,Monday,2007-05-07,17.73,17.73,17.73,17.73,7800.0,1178496000.0,SIDEWAY
COM,2007,5,8,2,19,2,Tuesday,2007-05-08,18.0,18.55,18.0,18.55,17320.0,1178582400.0,UPTREND
COM,2007,5,9,2,19,3,Wednesday,2007-05-09,18.82,18.82,18.82,18.82,5350.0,1178668800.0,SIDEWAY
COM,2007,5,10,2,19,4,Thursday,2007-05-10,18.28,18.69,18.28,18.69,650.0,1178755200.0,UPTREND
COM,2007,5,11,2,19,5,Friday,2007-05-11,18.69,18.69,18.28,18.28,2200.0,1178841600.0,DOWNTREND
COM,2007,5,14,2,20,1,Monday,2007-05-14,18.28,19.09,18.28,18.41,11350.0,1179100800.0,UPTREND
COM,2007,5,15,2,20,2,Tuesday,2007-05-15,18.55,18.69,18.41,18.41,14370.0,1179187200.0,DOWNTREND
COM,2007,5,16,2,20,3,Wednesday,2007-05-16,18.41,18.41,18.0,18.0,5550.0,1179273600.0,DOWNTREND
COM,2007,5,17,2,20,4,Thursday,2007-05-17,17.19,17.87,17.19,17.87,22320.0,1179360000.0,UPTREND
COM,2007,5,18,2,20,5,Friday,2007-05-18,17.73,18.41,17.73,18.41,2990.0,1179446400.0,UPTREND
COM,2007,5,21,2,21,1,Monday,2007-05-21,18.82,18.82,18.82,18.82,10380.0,1179705600.0,SIDEWAY
COM,2007,5,22,2,21,2,Tuesday,2007-05-22,19.64,19.64,19.64,19.64,21830.0,1179792000.0,SIDEWAY
COM,2007,5,23,2,21,3,Wednesday,2007-05-23,19.64,20.19,19.64,20.19,9450.0,1179878400.0,UPTREND
COM,2007,5,24,2,21,4,Thursday,2007-05-24,19.64,19.64,19.5,19.64,16480.0,1179964800.0,SIDEWAY
COM,2007,5,25,2,21,5,Friday,2007-05-25,18.82,19.37,18.82,19.37,13550.0,1180051200.0,UPTREND
COM,2007,5,28,2,22,1,Monday,2007-05-28,19.09,19.64,19.09,19.37,12040.0,1180310400.0,UPTREND
COM,2007,5,29,2,22,2,Tuesday,2007-05-29,20.05,20.05,19.64,19.64,21180.0,1180396800.0,DOWNTREND
COM,2007,5,30,2,22,3,Wednesday,2007-05-30,18.96,19.5,18.96,19.09,10750.0,1180483200.0,UPTREND
COM,2007,5,31,2,22,4,Thursday,2007-05-31,19.64,19.91,19.64,19.78,15500.0,1180569600.0,UPTREND
COM,2007,6,1,2,22,5,Friday,2007-06-01,20.19,20.19,20.19,20.19,36500.0,1180656000.0,SIDEWAY
COM,2007,6,4,2,23,1,Monday,2007-06-04,20.19,20.19,19.91,19.91,17500.0,1180915200.0,DOWNTREND
COM,2007,6,5,2,23,2,Tuesday,2007-06-05,19.78,19.78,18.96,18.96,6890.0,1181001600.0,DOWNTREND
COM,2007,6,6,2,23,3,Wednesday,2007-06-06,18.96,19.37,18.96,19.37,5200.0,1181088000.0,UPTREND
COM,2007,6,7,2,23,4,Thursday,2007-06-07,19.64,19.64,19.64,19.64,12730.0,1181174400.0,SIDEWAY
COM,2007,6,8,2,23,5,Friday,2007-06-08,19.64,19.64,19.09,19.09,3750.0,1181260800.0,DOWNTREND
COM,2007,6,11,2,24,1,Monday,2007-06-11,19.09,19.09,19.09,19.09,12700.0,1181520000.0,SIDEWAY
COM,2007,6,12,2,24,2,Tuesday,2007-06-12,19.09,19.09,18.82,18.82,2600.0,1181606400.0,DOWNTREND
COM,2007,6,13,2,24,3,Wednesday,2007-06-13,18.82,19.09,18.82,19.09,3220.0,1181692800.0,UPTREND
COM,2007,6,14,2,24,4,Thursday,2007-06-14,19.09,19.09,18.82,19.09,5200.0,1181779200.0,SIDEWAY
COM,2007,6,15,2,24,5,Friday,2007-06-15,19.09,19.09,19.09,19.09,8670.0,1181865600.0,SIDEWAY
COM,2007,6,18,2,25,1,Monday,2007-06-18,19.09,19.09,18.82,18.82,16050.0,1182124800.0,DOWNTREND
COM,2007,6,19,2,25,2,Tuesday,2007-06-19,19.09,19.09,19.09,19.09,5400.0,1182211200.0,SIDEWAY
COM,2007,6,20,2,25,3,Wednesday,2007-06-20,18.96,19.09,18.96,19.09,8050.0,1182297600.0,UPTREND
COM,2007,6,21,2,25,4,Thursday,2007-06-21,19.09,19.09,18.82,18.82,7500.0,1182384000.0,DOWNTREND
COM,2007,6,22,2,25,5,Friday,2007-06-22,18.82,18.82,18.82,18.82,3500.0,1182470400.0,SIDEWAY
COM,2007,6,25,2,26,1,Monday,2007-06-25,18.82,18.96,18.82,18.96,5240.0,1182729600.0,UPTREND
COM,2007,6,26,2,26,2,Tuesday,2007-06-26,18.82,18.82,18.69,18.82,6170.0,1182816000.0,SIDEWAY
COM,2007,6,27,2,26,3,Wednesday,2007-06-27,19.09,19.09,18.82,18.82,12910.0,1182902400.0,DOWNTREND
COM,2007,6,28,2,26,4,Thursday,2007-06-28,18.82,18.82,18.28,18.82,1230.0,1182988800.0,SIDEWAY
COM,2007,6,29,2,26,5,Friday,2007-06-29,12.83,13.21,12.83,18.82,1800.0,1183075200.0,UPTREND
COM,2007,7,2,3,27,1,Monday,2007-07-02,13.21,13.21,13.02,18.55,5440.0,1183334400.0,UPTREND
COM,2007,7,3,3,27,2,Tuesday,2007-07-03,12.45,12.45,12.45,17.73,9750.0,1183420800.0,UPTREND
COM,2007,7,4,3,27,3,Wednesday,2007-07-04,12.35,13.02,12.35,18.55,480.0,1183507200.0,UPTREND
COM,2007,7,5,3,27,4,Thursday,2007-07-05,13.02,13.02,12.74,18.14,620.0,1183593600.0,UPTREND
COM,2007,7,6,3,27,5,Friday,2007-07-06,12.64,12.83,12.64,18.28,5120.0,1183680000.0,UPTREND
COM,2007,7,9,3,28,1,Monday,2007-07-09,13.02,13.02,12.83,18.55,7880.0,1183939200.0,UPTREND
COM,2007,7,10,3,28,2,Tuesday,2007-07-10,13.41,13.5,13.21,18.82,27620.0,1184025600.0,UPTREND
COM,2007,7,11,3,28,3,Wednesday,2007-07-11,13.5,13.5,13.5,19.23,10030.0,1184112000.0,UPTREND
COM,2007,7,12,3,28,4,Thursday,2007-07-12,13.5,13.5,13.21,18.82,14250.0,1184198400.0,UPTREND
COM,2007,7,13,3,28,5,Friday,2007-07-13,12.93,13.02,12.93,18.55,5210.0,1184284800.0,UPTREND
COM,2007,7,16,3,29,1,Monday,2007-07-16,13.41,13.41,13.02,18.82,13700.0,1184544000.0,UPTREND
COM,2007,7,17,3,29,2,Tuesday,2007-07-17,13.21,13.21,13.21,18.82,7750.0,1184630400.0,UPTREND
COM,2007,7,18,3,29,3,Wednesday,2007-07-18,13.12,13.41,13.12,19.09,8470.0,1184716800.0,UPTREND
COM,2007,7,19,3,29,4,Thursday,2007-07-19,13.41,13.41,13.41,19.09,10050.0,1184803200.0,UPTREND
COM,2007,7,20,3,29,5,Friday,2007-07-20,13.41,13.5,13.41,19.23,18490.0,1184889600.0,UPTREND
COM,2007,7,23,3,30,1,Monday,2007-07-23,13.88,14.17,13.88,20.19,37520.0,1185148800.0,UPTREND
COM,2007,7,24,3,30,2,Tuesday,2007-07-24,14.17,14.17,13.69,19.5,19930.0,1185235200.0,UPTREND
COM,2007,7,25,3,30,3,Wednesday,2007-07-25,13.69,13.69,13.21,19.23,4100.0,1185321600.0,UPTREND
COM,2007,7,26,3,30,4,Thursday,2007-07-26,13.31,13.41,13.21,18.82,15660.0,1185408000.0,UPTREND
COM,2007,7,27,3,30,5,Friday,2007-07-27,13.21,13.41,13.21,19.09,8350.0,1185494400.0,UPTREND
COM,2007,7,30,3,31,1,Monday,2007-07-30,13.41,13.41,13.41,19.09,4750.0,1185753600.0,UPTREND
COM,2007,7,31,3,31,2,Tuesday,2007-07-31,13.41,13.5,13.31,19.09,4900.0,1185840000.0,UPTREND
COM,2007,8,1,3,31,3,Wednesday,2007-08-01,13.12,13.41,13.02,18.55,11900.0,1185926400.0,UPTREND
COM,2007,8,2,3,31,4,Thursday,2007-08-02,13.41,13.41,13.12,18.96,8580.0,1186012800.0,UPTREND
COM,2007,8,3,3,31,5,Friday,2007-08-03,13.31,13.31,13.21,18.82,720.0,1186099200.0,UPTREND
COM,2007,8,6,3,32,1,Monday,2007-08-06,12.83,13.02,12.83,18.28,2880.0,1186358400.0,UPTREND
COM,2007,8,7,3,32,2,Tuesday,2007-08-07,12.64,12.83,12.45,18.28,7700.0,1186444800.0,UPTREND
COM,2007,8,8,3,32,3,Wednesday,2007-08-08,13.02,13.02,12.83,18.41,4050.0,1186531200.0,UPTREND
COM,2007,8,9,3,32,4,Thursday,2007-08-09,12.93,13.02,12.83,18.41,3550.0,1186617600.0,UPTREND
COM,2007,8,10,3,32,5,Friday,2007-08-10,12.93,13.02,12.93,18.55,10610.0,1186704000.0,UPTREND
COM,2007,8,13,3,33,1,Monday,2007-08-13,13.02,13.02,12.93,18.41,2750.0,1186963200.0,UPTREND
COM,2007,8,14,3,33,2,Tuesday,2007-08-14,12.93,12.93,12.93,18.41,8540.0,1187049600.0,UPTREND
COM,2007,8,15,3,33,3,Wednesday,2007-08-15,13.02,13.12,13.02,18.69,2750.0,1187136000.0,UPTREND
COM,2007,8,16,3,33,4,Thursday,2007-08-16,13.41,13.41,13.12,18.69,9300.0,1187222400.0,UPTREND
COM,2007,8,17,3,33,5,Friday,2007-08-17,13.02,13.02,12.83,18.28,1850.0,1187308800.0,UPTREND
COM,2007,8,20,3,34,1,Monday,2007-08-20,12.83,12.83,12.64,18.0,3450.0,1187568000.0,UPTREND
COM,2007,8,21,3,34,2,Tuesday,2007-08-21,12.83,13.02,12.83,18.55,5550.0,1187654400.0,UPTREND
COM,2007,8,22,3,34,3,Wednesday,2007-08-22,12.83,12.83,12.64,18.0,2400.0,1187740800.0,UPTREND
COM,2007,8,23,3,34,4,Thursday,2007-08-23,12.64,12.64,12.64,18.0,3250.0,1187827200.0,UPTREND
COM,2007,8,24,3,34,5,Friday,2007-08-24,13.02,13.02,12.64,18.55,1020.0,1187913600.0,UPTREND
COM,2007,8,27,3,35,1,Monday,2007-08-27,13.12,13.12,12.83,18.28,4300.0,1188172800.0,UPTREND
COM,2007,8,28,3,35,2,Tuesday,2007-08-28,12.93,12.93,12.45,18.41,2850.0,1188259200.0,UPTREND
COM,2007,8,29,3,35,3,Wednesday,2007-08-29,12.83,12.83,12.64,18.0,5100.0,1188345600.0,UPTREND
COM,2007,8,30,3,35,4,Thursday,2007-08-30,12.83,13.02,12.74,18.28,1840.0,1188432000.0,UPTREND
COM,2007,8,31,3,35,5,Friday,2007-08-31,12.74,12.93,12.74,18.41,1660.0,1188518400.0,UPTREND
COM,2007,9,4,3,36,2,Tuesday,2007-09-04,12.83,13.02,12.83,18.55,10360.0,1188864000.0,UPTREND
COM,2007,9,5,3,36,3,Wednesday,2007-09-05,13.02,13.02,12.83,18.28,2800.0,1188950400.0,UPTREND
COM,2007,9,6,3,36,4,Thursday,2007-09-06,12.93,12.93,12.93,18.41,300.0,1189036800.0,UPTREND
COM,2007,9,7,3,36,5,Friday,2007-09-07,12.93,13.12,12.93,18.69,7700.0,1189123200.0,UPTREND
COM,2007,9,10,3,37,1,Monday,2007-09-10,13.12,13.12,13.02,18.69,8630.0,1189382400.0,UPTREND
COM,2007,9,11,3,37,2,Tuesday,2007-09-11,13.12,13.41,13.12,19.09,26660.0,1189468800.0,UPTREND
COM,2007,9,12,3,37,3,Wednesday,2007-09-12,13.41,13.5,13.41,19.09,8160.0,1189555200.0,UPTREND
COM,2007,9,13,3,37,4,Thursday,2007-09-13,13.41,13.69,13.41,19.5,18150.0,1189641600.0,UPTREND
COM,2007,9,14,3,37,5,Friday,2007-09-14,13.98,13.98,13.79,19.64,14710.0,1189728000.0,UPTREND
COM,2007,9,17,3,38,1,Monday,2007-09-17,13.79,13.79,13.6,19.37,6910.0,1189987200.0,UPTREND
COM,2007,9,18,3,38,2,Tuesday,2007-09-18,13.6,13.88,13.6,19.78,25540.0,1190073600.0,UPTREND
COM,2007,9,19,3,38,3,Wednesday,2007-09-19,13.88,14.37,13.88,20.46,68540.0,1190160000.0,UPTREND
COM,2007,9,20,3,38,4,Thursday,2007-09-20,15.03,15.03,15.03,21.41,19670.0,1190246400.0,UPTREND
COM,2007,9,21,3,38,5,Friday,2007-09-21,15.03,15.32,15.03,21.55,109080.0,1190332800.0,UPTREND
COM,2007,9,24,3,39,1,Monday,2007-09-24,15.71,15.71,15.51,22.37,46520.0,1190592000.0,UPTREND
COM,2007,9,25,3,39,2,Tuesday,2007-09-25,15.71,15.71,15.32,21.96,22440.0,1190678400.0,UPTREND
COM,2007,9,26,3,39,3,Wednesday,2007-09-26,15.13,15.32,15.03,21.41,64790.0,1190764800.0,UPTREND
COM,2007,9,27,3,39,4,Thursday,2007-09-27,14.75,14.94,14.75,21.0,27160.0,1190851200.0,UPTREND
COM,2007,9,28,3,39,5,Friday,2007-09-28,15.13,15.32,15.13,21.69,31890.0,1190937600.0,UPTREND
COM,2007,10,1,4,40,1,Monday,2007-10-01,15.71,15.8,15.51,22.5,71400.0,1191196800.0,UPTREND
COM,2007,10,2,4,40,2,Tuesday,2007-10-02,15.8,15.8,15.42,21.96,21210.0,1191283200.0,UPTREND
COM,2007,10,3,4,40,3,Wednesday,2007-10-03,15.42,15.42,15.22,21.82,16820.0,1191369600.0,UPTREND
COM,2007,10,4,4,40,4,Thursday,2007-10-04,15.32,15.51,15.32,21.82,14170.0,1191456000.0,UPTREND
COM,2007,10,5,4,40,5,Friday,2007-10-05,15.51,15.51,15.32,21.82,26730.0,1191542400.0,UPTREND
COM,2007,10,8,4,41,1,Monday,2007-10-08,22.1,22.1,21.82,21.82,16990.0,1191801600.0,DOWNTREND
COM,2007,10,9,4,41,2,Tuesday,2007-10-09,21.82,22.23,21.82,21.82,23220.0,1191888000.0,SIDEWAY
COM,2007,10,10,4,41,3,Wednesday,2007-10-10,22.37,22.5,20.87,22.37,47410.0,1191974400.0,SIDEWAY
COM,2007,10,11,4,41,4,Thursday,2007-10-11,24.55,24.55,24.55,23.46,41380.0,1192060800.0,DOWNTREND
COM,2007,10,15,4,42,1,Monday,2007-10-15,25.51,25.51,24.69,24.82,136770.0,1192406400.0,DOWNTREND
COM,2007,10,16,4,42,2,Tuesday,2007-10-16,24.01,24.55,24.01,24.01,102260.0,1192492800.0,SIDEWAY
COM,2007,10,17,4,42,3,Wednesday,2007-10-17,24.55,24.55,24.28,24.55,126000.0,1192579200.0,SIDEWAY
COM,2007,10,18,4,42,4,Thursday,2007-10-18,24.82,25.23,24.69,25.23,145590.0,1192665600.0,UPTREND
COM,2007,10,26,4,43,5,Friday,2007-10-26,18.82,18.96,18.82,18.96,72320.0,1193356800.0,UPTREND
COM,2007,10,31,4,44,3,Wednesday,2007-10-31,18.28,18.55,18.28,18.41,21200.0,1193788800.0,UPTREND
COM,2007,11,1,4,44,4,Thursday,2007-11-01,18.41,18.69,18.28,18.55,9120.0,1193875200.0,UPTREND
COM,2007,11,2,4,44,5,Friday,2007-11-02,18.55,18.55,17.87,17.87,19410.0,1193961600.0,DOWNTREND
COM,2007,11,6,4,45,2,Tuesday,2007-11-06,17.19,17.87,17.19,17.19,14590.0,1194307200.0,SIDEWAY
COM,2007,11,7,4,45,3,Wednesday,2007-11-07,17.46,17.87,17.46,17.73,18410.0,1194393600.0,UPTREND
COM,2007,11,8,4,45,4,Thursday,2007-11-08,18.28,18.28,17.73,17.73,14490.0,1194480000.0,DOWNTREND
COM,2007,11,9,4,45,5,Friday,2007-11-09,17.73,17.73,17.19,17.46,6750.0,1194566400.0,DOWNTREND
COM,2007,11,12,4,46,1,Monday,2007-11-12,17.05,17.05,16.64,16.91,36020.0,1194825600.0,DOWNTREND
COM,2007,11,13,4,46,2,Tuesday,2007-11-13,16.64,16.64,16.09,16.09,36930.0,1194912000.0,DOWNTREND
COM,2007,11,14,4,46,3,Wednesday,2007-11-14,16.78,16.78,16.09,16.78,11050.0,1194998400.0,SIDEWAY
COM,2007,11,15,4,46,4,Thursday,2007-11-15,16.09,16.37,16.09,16.09,37320.0,1195084800.0,SIDEWAY
COM,2007,11,16,4,46,5,Friday,2007-11-16,16.37,16.5,16.37,16.5,14090.0,1195171200.0,UPTREND
COM,2007,11,19,4,47,1,Monday,2007-11-19,16.78,16.91,16.5,16.78,10020.0,1195430400.0,SIDEWAY
COM,2007,11,20,4,47,2,Tuesday,2007-11-20,17.05,17.05,16.5,16.5,10540.0,1195516800.0,DOWNTREND
COM,2007,11,21,4,47,3,Wednesday,2007-11-21,15.69,16.37,15.69,16.37,13950.0,1195603200.0,UPTREND
COM,2007,11,22,4,47,4,Thursday,2007-11-22,16.5,16.5,16.09,16.37,9400.0,1195689600.0,DOWNTREND
COM,2007,11,23,4,47,5,Friday,2007-11-23,16.23,16.37,16.23,16.37,14820.0,1195776000.0,UPTREND
COM,2007,11,26,4,48,1,Monday,2007-11-26,16.23,16.64,16.23,16.64,8620.0,1196035200.0,UPTREND
COM,2007,11,27,4,48,2,Tuesday,2007-11-27,16.64,16.64,16.23,16.37,13540.0,1196121600.0,DOWNTREND
COM,2007,11,28,4,48,3,Wednesday,2007-11-28,16.23,16.37,15.82,15.96,57050.0,1196208000.0,DOWNTREND
COM,2007,11,29,4,48,4,Thursday,2007-11-29,16.37,16.64,16.23,16.64,27310.0,1196294400.0,UPTREND
COM,2007,11,30,4,48,5,Friday,2007-11-30,16.5,16.64,16.37,16.5,5200.0,1196380800.0,SIDEWAY
COM,2007,12,3,4,49,1,Monday,2007-12-03,16.37,16.64,16.23,16.5,4750.0,1196640000.0,UPTREND
COM,2007,12,4,4,49,2,Tuesday,2007-12-04,16.5,16.64,16.5,16.64,24850.0,1196726400.0,UPTREND
COM,2007,12,5,4,49,3,Wednesday,2007-12-05,16.5,16.64,16.37,16.37,10810.0,1196812800.0,DOWNTREND
COM,2007,12,6,4,49,4,Thursday,2007-12-06,16.37,16.37,16.37,16.37,7450.0,1196899200.0,SIDEWAY
COM,2007,12,7,4,49,5,Friday,2007-12-07,16.37,16.37,16.37,16.37,2230.0,1196985600.0,SIDEWAY
COM,2007,12,10,4,50,1,Monday,2007-12-10,16.37,16.37,16.09,16.09,11590.0,1197244800.0,DOWNTREND
COM,2007,12,11,4,50,2,Tuesday,2007-12-11,16.09,16.09,15.82,15.96,8480.0,1197331200.0,DOWNTREND
COM,2007,12,12,4,50,3,Wednesday,2007-12-12,15.82,16.37,15.82,16.09,7600.0,1197417600.0,UPTREND
COM,2007,12,13,4,50,4,Thursday,2007-12-13,16.23,16.23,15.69,15.69,16640.0,1197504000.0,DOWNTREND
COM,2007,12,14,4,50,5,Friday,2007-12-14,15.96,15.96,15.69,15.82,6550.0,1197590400.0,DOWNTREND
COM,2007,12,17,4,51,1,Monday,2007-12-17,15.41,15.55,15.28,15.41,8240.0,1197849600.0,SIDEWAY
COM,2007,12,18,4,51,2,Tuesday,2007-12-18,15.28,15.41,15.28,15.41,2700.0,1197936000.0,UPTREND
COM,2007,12,19,4,51,3,Wednesday,2007-12-19,15.82,16.09,15.82,16.09,6490.0,1198022400.0,UPTREND
COM,2007,12,20,4,51,4,Thursday,2007-12-20,16.23,16.23,15.82,15.82,2860.0,1198108800.0,DOWNTREND
COM,2007,12,21,4,51,5,Friday,2007-12-21,15.69,15.82,15.69,15.82,4630.0,1198195200.0,UPTREND
COM,2007,12,24,4,52,1,Monday,2007-12-24,16.09,16.09,15.82,15.82,3910.0,1198454400.0,DOWNTREND
COM,2007,12,26,4,52,3,Wednesday,2007-12-26,15.82,15.82,15.55,15.82,3690.0,1198627200.0,SIDEWAY
COM,2007,12,27,4,52,4,Thursday,2007-12-27,15.69,15.82,15.69,15.82,3360.0,1198713600.0,UPTREND
COM,2007,12,28,4,52,5,Friday,2007-12-28,15.96,16.09,15.82,15.82,12860.0,1198800000.0,DOWNTREND
COM,2008,1,2,1,1,3,Wednesday,2008-01-02,15.82,15.82,15.69,15.69,4500.0,1199232000.0,DOWNTREND
COM,2008,1,3,1,1,4,Thursday,2008-01-03,15.55,15.55,15.41,15.55,2750.0,1199318400.0,SIDEWAY
COM,2008,1,4,1,1,5,Friday,2008-01-04,15.69,15.82,15.55,15.69,4000.0,1199404800.0,SIDEWAY
COM,2008,1,7,1,2,1,Monday,2008-01-07,15.14,15.28,15.14,15.28,14320.0,1199664000.0,UPTREND
COM,2008,1,8,1,2,2,Tuesday,2008-01-08,15.28,15.55,15.28,15.28,6590.0,1199750400.0,SIDEWAY
COM,2008,1,9,1,2,3,Wednesday,2008-01-09,15.28,15.28,15.0,15.0,9320.0,1199836800.0,DOWNTREND
COM,2008,1,10,1,2,4,Thursday,2008-01-10,14.46,14.46,14.32,14.46,8150.0,1199923200.0,SIDEWAY
COM,2008,1,11,1,2,5,Friday,2008-01-11,15.14,15.14,14.46,14.59,5680.0,1200009600.0,DOWNTREND
COM,2008,1,14,1,3,1,Monday,2008-01-14,14.59,14.59,13.91,13.91,9410.0,1200268800.0,DOWNTREND
COM,2008,1,15,1,3,2,Tuesday,2008-01-15,13.23,13.26,13.23,13.23,3840.0,1200355200.0,SIDEWAY
COM,2008,1,16,1,3,3,Wednesday,2008-01-16,13.5,13.78,13.5,13.78,2810.0,1200441600.0,UPTREND
COM,2008,1,17,1,3,4,Thursday,2008-01-17,14.46,14.46,14.19,14.46,42850.0,1200528000.0,SIDEWAY
COM,2008,1,18,1,3,5,Friday,2008-01-18,14.46,14.73,14.05,14.73,34000.0,1200614400.0,UPTREND
COM,2008,1,21,1,4,1,Monday,2008-01-21,14.87,14.87,14.87,14.87,6100.0,1200873600.0,SIDEWAY
COM,2008,1,22,1,4,2,Tuesday,2008-01-22,14.59,14.73,14.19,14.19,11120.0,1200960000.0,DOWNTREND
COM,2008,1,23,1,4,3,Wednesday,2008-01-23,13.64,13.64,13.48,13.48,11860.0,1201046400.0,DOWNTREND
COM,2008,1,25,1,4,5,Friday,2008-01-25,12.55,12.82,12.28,12.69,15080.0,1201219200.0,UPTREND
COM,2008,1,28,1,5,1,Monday,2008-01-28,12.69,12.82,12.55,12.69,14760.0,1201478400.0,SIDEWAY
COM,2008,1,29,1,5,2,Tuesday,2008-01-29,12.79,13.23,12.77,13.23,26050.0,1201564800.0,UPTREND
COM,2008,1,30,1,5,3,Wednesday,2008-01-30,13.64,13.78,13.64,13.78,33210.0,1201651200.0,UPTREND
COM,2008,1,31,1,5,4,Thursday,2008-01-31,13.37,13.78,13.37,13.39,17440.0,1201737600.0,UPTREND
COM,2008,2,1,1,5,5,Friday,2008-02-01,13.78,14.05,13.78,14.05,24430.0,1201824000.0,UPTREND
COM,2008,2,12,1,7,2,Tuesday,2008-02-12,14.19,14.32,13.64,13.64,5800.0,1202774400.0,DOWNTREND
COM,2008,2,13,1,7,3,Wednesday,2008-02-13,13.64,13.64,13.12,13.12,20650.0,1202860800.0,DOWNTREND
COM,2008,2,14,1,7,4,Thursday,2008-02-14,13.64,13.78,13.37,13.64,19830.0,1202947200.0,SIDEWAY
COM,2008,2,15,1,7,5,Friday,2008-02-15,13.39,13.64,13.37,13.5,30960.0,1203033600.0,UPTREND
COM,2008,2,18,1,8,1,Monday,2008-02-18,12.96,13.09,12.96,12.96,26410.0,1203292800.0,SIDEWAY
COM,2008,2,19,1,8,2,Tuesday,2008-02-19,12.33,13.07,12.33,13.07,12680.0,1203379200.0,UPTREND
COM,2008,2,20,1,8,3,Wednesday,2008-02-20,13.07,13.07,12.47,12.47,8490.0,1203465600.0,DOWNTREND
COM,2008,2,21,1,8,4,Thursday,2008-02-21,12.0,12.03,11.87,11.87,31360.0,1203552000.0,DOWNTREND
COM,2008,2,22,1,8,5,Friday,2008-02-22,11.32,11.32,11.29,11.32,35170.0,1203638400.0,SIDEWAY
COM,2008,2,25,1,9,1,Monday,2008-02-25,11.73,11.87,11.73,11.84,16030.0,1203897600.0,UPTREND
COM,2008,2,26,1,9,2,Tuesday,2008-02-26,12.28,12.28,11.35,11.35,33000.0,1203984000.0,DOWNTREND
COM,2008,2,27,1,9,3,Wednesday,2008-02-27,11.46,11.73,11.46,11.73,23330.0,1204070400.0,UPTREND
COM,2008,2,28,1,9,4,Thursday,2008-02-28,11.59,11.73,11.59,11.73,32630.0,1204156800.0,UPTREND
COM,2008,2,29,1,9,5,Friday,2008-02-29,11.73,12.28,11.73,11.87,41090.0,1204243200.0,UPTREND
COM,2008,3,3,1,10,1,Monday,2008-03-03,11.87,11.87,11.29,11.29,25610.0,1204502400.0,DOWNTREND
COM,2008,3,4,1,10,2,Tuesday,2008-03-04,10.75,10.78,10.75,10.75,59720.0,1204588800.0,SIDEWAY
COM,2008,3,5,1,10,3,Wednesday,2008-03-05,10.23,10.31,10.23,10.23,61440.0,1204675200.0,SIDEWAY
COM,2008,3,6,1,10,4,Thursday,2008-03-06,10.72,10.72,10.72,10.72,5210.0,1204761600.0,SIDEWAY
COM,2008,3,10,1,11,1,Monday,2008-03-10,11.79,11.79,11.73,11.73,62500.0,1205107200.0,DOWNTREND
COM,2008,3,11,1,11,2,Tuesday,2008-03-11,11.46,11.73,11.18,11.73,27700.0,1205193600.0,UPTREND
COM,2008,3,12,1,11,3,Wednesday,2008-03-12,11.24,11.87,11.24,11.87,3660.0,1205280000.0,UPTREND
COM,2008,3,13,1,11,4,Thursday,2008-03-13,11.87,11.92,11.87,11.89,12890.0,1205366400.0,UPTREND
COM,2008,3,14,1,11,5,Friday,2008-03-14,11.54,11.89,11.54,11.54,7510.0,1205452800.0,SIDEWAY
COM,2008,3,17,1,12,1,Monday,2008-03-17,10.99,11.13,10.99,11.02,20510.0,1205712000.0,UPTREND
COM,2008,3,18,1,12,2,Tuesday,2008-03-18,10.47,10.5,10.47,10.47,52990.0,1205798400.0,SIDEWAY
COM,2008,3,19,1,12,3,Wednesday,2008-03-19,10.12,10.78,10.12,10.78,6010.0,1205884800.0,UPTREND
COM,2008,3,20,1,12,4,Thursday,2008-03-20,10.91,10.91,10.34,10.78,9040.0,1205971200.0,DOWNTREND
COM,2008,3,21,1,12,5,Friday,2008-03-21,10.34,10.78,10.34,10.78,22470.0,1206057600.0,UPTREND
COM,2008,3,24,1,13,1,Monday,2008-03-24,10.37,10.42,10.28,10.37,31560.0,1206316800.0,SIDEWAY
COM,2008,3,25,1,13,2,Tuesday,2008-03-25,9.85,10.09,9.85,9.85,42160.0,1206403200.0,SIDEWAY
COM,2008,3,26,1,13,3,Wednesday,2008-03-26,9.36,10.34,9.36,10.34,12460.0,1206489600.0,UPTREND
COM,2008,3,27,1,13,4,Thursday,2008-03-27,10.42,10.42,10.42,10.42,1260.0,1206576000.0,SIDEWAY
COM,2008,3,31,1,14,1,Monday,2008-03-31,10.58,10.58,10.58,10.58,850.0,1206921600.0,SIDEWAY
COM,2008,4,1,2,14,2,Tuesday,2008-04-01,10.67,10.67,10.67,10.67,110.0,1207008000.0,SIDEWAY
COM,2008,4,4,2,14,5,Friday,2008-04-04,10.91,10.91,10.91,10.91,20100.0,1207267200.0,SIDEWAY
COM,2008,4,8,2,15,2,Tuesday,2008-04-08,11.35,11.35,10.91,11.35,42180.0,1207612800.0,SIDEWAY
COM,2008,4,9,2,15,3,Wednesday,2008-04-09,11.48,11.48,11.16,11.43,26660.0,1207699200.0,DOWNTREND
COM,2008,4,10,2,15,4,Thursday,2008-04-10,11.21,11.21,11.21,11.21,20170.0,1207785600.0,SIDEWAY
COM,2008,4,11,2,15,5,Friday,2008-04-11,10.99,11.07,10.99,11.05,16370.0,1207872000.0,UPTREND
COM,2008,4,16,2,16,3,Wednesday,2008-04-16,10.83,10.83,10.83,10.83,1520.0,1208304000.0,SIDEWAY
COM,2008,4,18,2,16,5,Friday,2008-04-18,11.07,11.07,10.8,10.91,18090.0,1208476800.0,DOWNTREND
COM,2008,4,21,2,17,1,Monday,2008-04-21,10.69,10.69,10.69,10.69,6190.0,1208736000.0,SIDEWAY
COM,2008,4,22,2,17,2,Tuesday,2008-04-22,10.53,10.8,10.5,10.8,6590.0,1208822400.0,UPTREND
COM,2008,4,23,2,17,3,Wednesday,2008-04-23,10.61,10.64,10.61,10.61,11050.0,1208908800.0,SIDEWAY
COM,2008,4,24,2,17,4,Thursday,2008-04-24,10.42,10.67,10.42,10.64,8560.0,1208995200.0,UPTREND
COM,2008,4,25,2,17,5,Friday,2008-04-25,10.47,10.83,10.47,10.83,720.0,1209081600.0,UPTREND
COM,2008,4,28,2,18,1,Monday,2008-04-28,10.67,10.91,10.67,10.91,9290.0,1209340800.0,UPTREND
COM,2008,4,29,2,18,2,Tuesday,2008-04-29,11.13,11.13,10.91,11.1,17030.0,1209427200.0,DOWNTREND
COM,2008,5,5,2,19,1,Monday,2008-05-05,11.05,11.07,11.05,11.05,9600.0,1209945600.0,SIDEWAY
COM,2008,5,6,2,19,2,Tuesday,2008-05-06,10.83,10.83,10.83,10.83,12460.0,1210032000.0,SIDEWAY
COM,2008,5,7,2,19,3,Wednesday,2008-05-07,10.64,10.64,10.64,10.64,10850.0,1210118400.0,SIDEWAY
COM,2008,5,8,2,19,4,Thursday,2008-05-08,10.45,10.45,10.45,10.45,9040.0,1210204800.0,SIDEWAY
COM,2008,5,12,2,20,1,Monday,2008-05-12,10.23,10.23,10.07,10.07,100.0,1210550400.0,DOWNTREND
COM,2008,5,15,2,20,4,Thursday,2008-05-15,9.49,9.49,9.49,9.49,1010.0,1210809600.0,SIDEWAY
COM,2008,5,16,2,20,5,Friday,2008-05-16,9.33,9.33,9.33,9.33,5680.0,1210896000.0,SIDEWAY
COM,2008,5,20,2,21,2,Tuesday,2008-05-20,9.0,9.0,9.0,9.0,1100.0,1211241600.0,SIDEWAY
COM,2008,5,23,2,21,5,Friday,2008-05-23,8.68,8.68,8.68,8.68,600.0,1211500800.0,SIDEWAY
COM,2008,5,30,2,22,5,Friday,2008-05-30,8.51,8.35,8.35,8.35,70.0,1212105600.0,DOWNTREND
COM,2008,6,6,2,23,5,Friday,2008-06-06,7.61,7.61,7.61,7.61,60.0,1212710400.0,SIDEWAY
COM,2008,6,11,2,24,3,Wednesday,2008-06-11,7.2,7.2,7.2,7.2,8120.0,1213142400.0,SIDEWAY
COM,2008,6,12,2,24,4,Thursday,2008-06-12,7.2,7.26,7.09,7.23,3660.0,1213228800.0,UPTREND
COM,2008,6,13,2,24,5,Friday,2008-06-13,7.37,7.37,7.37,7.37,3990.0,1213315200.0,SIDEWAY
COM,2008,6,18,2,25,3,Wednesday,2008-06-18,7.78,7.78,7.5,7.78,26140.0,1213747200.0,SIDEWAY
COM,2008,6,19,2,25,4,Thursday,2008-06-19,7.78,7.99,7.56,7.99,11580.0,1213833600.0,UPTREND
COM,2008,6,20,2,25,5,Friday,2008-06-20,7.78,7.91,7.78,7.91,6590.0,1213920000.0,UPTREND
COM,2008,6,23,2,26,1,Monday,2008-06-23,7.69,8.05,7.69,8.05,2900.0,1214179200.0,UPTREND
COM,2008,6,24,2,26,2,Tuesday,2008-06-24,8.27,8.27,8.18,8.27,4740.0,1214265600.0,SIDEWAY
COM,2008,6,25,2,26,3,Wednesday,2008-06-25,8.02,8.02,8.02,8.02,2350.0,1214352000.0,SIDEWAY
COM,2008,6,26,2,26,4,Thursday,2008-06-26,7.83,7.91,7.83,7.83,1750.0,1214438400.0,SIDEWAY
COM,2008,6,27,2,26,5,Friday,2008-06-27,7.61,7.78,7.61,7.61,1680.0,1214524800.0,SIDEWAY
COM,2008,7,1,3,27,2,Tuesday,2008-07-01,7.83,8.05,7.83,7.86,3060.0,1214870400.0,UPTREND
COM,2008,7,2,3,27,3,Wednesday,2008-07-02,8.05,8.07,8.05,8.07,4780.0,1214956800.0,UPTREND
COM,2008,7,3,3,27,4,Thursday,2008-07-03,8.29,8.29,8.29,8.29,2000.0,1215043200.0,SIDEWAY
COM,2008,7,4,3,27,5,Friday,2008-07-04,8.54,8.54,8.54,8.54,370.0,1215129600.0,SIDEWAY
COM,2008,7,7,3,28,1,Monday,2008-07-07,8.78,8.78,8.29,8.29,5310.0,1215388800.0,DOWNTREND
COM,2008,7,8,3,28,2,Tuesday,2008-07-08,8.05,8.05,8.05,8.18,9510.0,1215475200.0,UPTREND
COM,2008,7,9,3,28,3,Wednesday,2008-07-09,7.96,8.16,7.96,8.16,1750.0,1215561600.0,UPTREND
COM,2008,7,10,3,28,4,Thursday,2008-07-10,8.18,8.32,8.18,8.18,7080.0,1215648000.0,SIDEWAY
COM,2008,7,11,3,28,5,Friday,2008-07-11,8.4,8.4,8.21,8.21,2300.0,1215734400.0,DOWNTREND
COM,2008,7,14,3,29,1,Monday,2008-07-14,8.21,8.46,8.21,8.46,17060.0,1215993600.0,UPTREND
COM,2008,7,15,3,29,2,Tuesday,2008-07-15,8.7,8.7,8.7,8.7,7020.0,1216080000.0,SIDEWAY
COM,2008,7,17,3,29,4,Thursday,2008-07-17,8.73,8.97,8.73,8.97,2460.0,1216252800.0,UPTREND
COM,2008,7,18,3,29,5,Friday,2008-07-18,8.73,8.73,8.73,8.73,10800.0,1216339200.0,SIDEWAY
COM,2008,7,21,3,30,1,Monday,2008-07-21,8.48,8.59,8.48,8.48,14310.0,1216598400.0,SIDEWAY
COM,2008,7,22,3,30,2,Tuesday,2008-07-22,8.24,8.24,8.24,8.24,28770.0,1216684800.0,SIDEWAY
COM,2008,7,23,3,30,3,Wednesday,2008-07-23,8.24,8.48,8.24,8.48,7620.0,1216771200.0,UPTREND
COM,2008,7,24,3,30,4,Thursday,2008-07-24,8.73,8.73,8.73,8.73,13410.0,1216857600.0,SIDEWAY
COM,2008,7,25,3,30,5,Friday,2008-07-25,8.97,8.97,8.73,8.97,15280.0,1216944000.0,SIDEWAY
COM,2008,7,28,3,31,1,Monday,2008-07-28,8.73,9.22,8.73,9.22,2000.0,1217203200.0,UPTREND
COM,2008,7,29,3,31,2,Tuesday,2008-07-29,8.95,9.49,8.95,9.47,19190.0,1217289600.0,UPTREND
COM,2008,7,30,3,31,3,Wednesday,2008-07-30,9.19,9.19,9.19,9.19,1340.0,1217376000.0,SIDEWAY
COM,2008,7,31,3,31,4,Thursday,2008-07-31,8.92,8.92,8.92,8.92,1250.0,1217462400.0,SIDEWAY
COM,2008,8,4,3,32,1,Monday,2008-08-04,8.43,8.43,8.43,8.43,30.0,1217808000.0,SIDEWAY
COM,2008,8,5,3,32,2,Tuesday,2008-08-05,8.18,8.18,8.18,8.18,390.0,1217894400.0,SIDEWAY
COM,2008,8,7,3,32,4,Thursday,2008-08-07,7.72,7.94,7.72,7.94,11650.0,1218067200.0,UPTREND
COM,2008,8,8,3,32,5,Friday,2008-08-08,7.72,7.72,7.72,7.72,15490.0,1218153600.0,SIDEWAY
COM,2008,8,11,3,33,1,Monday,2008-08-11,7.94,7.94,7.94,7.94,1860.0,1218412800.0,SIDEWAY
COM,2008,8,12,3,33,2,Tuesday,2008-08-12,8.16,8.16,8.16,8.16,10130.0,1218499200.0,SIDEWAY
COM,2008,8,13,3,33,3,Wednesday,2008-08-13,7.94,7.94,7.94,7.94,2340.0,1218585600.0,SIDEWAY
COM,2008,8,15,3,33,5,Friday,2008-08-15,8.38,8.38,8.38,8.38,6830.0,1218758400.0,SIDEWAY
COM,2008,8,18,3,34,1,Monday,2008-08-18,8.78,8.78,8.73,8.78,7350.0,1219017600.0,SIDEWAY
COM,2008,8,19,3,34,2,Tuesday,2008-08-19,8.78,8.78,8.35,8.35,5360.0,1219104000.0,DOWNTREND
COM,2008,8,20,3,34,3,Wednesday,2008-08-20,7.94,8.76,7.94,7.94,5860.0,1219190400.0,SIDEWAY
COM,2008,8,21,3,34,4,Thursday,2008-08-21,7.94,8.32,7.91,8.32,2460.0,1219276800.0,UPTREND
COM,2008,8,22,3,34,5,Friday,2008-08-22,8.32,8.68,8.32,8.68,10630.0,1219363200.0,UPTREND
COM,2008,8,25,3,35,1,Monday,2008-08-25,9.08,9.08,8.87,9.08,22140.0,1219622400.0,SIDEWAY
COM,2008,8,26,3,35,2,Tuesday,2008-08-26,9.52,9.52,9.22,9.52,15550.0,1219708800.0,SIDEWAY
COM,2008,8,27,3,35,3,Wednesday,2008-08-27,9.96,9.98,9.88,9.88,21940.0,1219795200.0,DOWNTREND
COM,2008,8,28,3,35,4,Thursday,2008-08-28,9.88,10.09,9.38,9.38,9950.0,1219881600.0,DOWNTREND
COM,2008,8,29,3,35,5,Friday,2008-08-29,8.92,9.85,8.92,9.85,15110.0,1219968000.0,UPTREND
COM,2008,9,4,3,36,4,Thursday,2008-09-04,9.55,9.82,9.36,9.82,12640.0,1220486400.0,UPTREND
COM,2008,9,5,3,36,5,Friday,2008-09-05,9.68,9.68,9.33,9.55,4970.0,1220572800.0,DOWNTREND
COM,2008,9,8,3,37,1,Monday,2008-09-08,9.08,10.01,9.08,10.01,16510.0,1220832000.0,UPTREND
COM,2008,9,9,3,37,2,Tuesday,2008-09-09,10.09,10.09,9.52,9.52,6610.0,1220918400.0,DOWNTREND
COM,2008,9,10,3,37,3,Wednesday,2008-09-10,9.28,9.55,9.28,9.55,8920.0,1221004800.0,UPTREND
COM,2008,9,11,3,37,4,Thursday,2008-09-11,9.55,9.55,9.14,9.55,3440.0,1221091200.0,SIDEWAY
COM,2008,9,12,3,37,5,Friday,2008-09-12,9.08,9.41,9.08,9.08,6140.0,1221177600.0,SIDEWAY
COM,2008,9,15,3,38,1,Monday,2008-09-15,8.65,9.17,8.65,9.17,1640.0,1221436800.0,UPTREND
COM,2008,9,16,3,38,2,Tuesday,2008-09-16,9.25,9.25,8.73,8.73,12570.0,1221523200.0,DOWNTREND
COM,2008,9,17,3,38,3,Wednesday,2008-09-17,8.16,8.81,8.16,8.81,6940.0,1221609600.0,UPTREND
COM,2008,9,18,3,38,4,Thursday,2008-09-18,8.4,8.81,8.38,8.81,19290.0,1221696000.0,UPTREND
COM,2008,9,19,3,38,5,Friday,2008-09-19,8.38,9.25,8.38,9.25,11410.0,1221782400.0,UPTREND
COM,2008,9,22,3,39,1,Monday,2008-09-22,9.68,9.68,9.68,9.68,18580.0,1222041600.0,SIDEWAY
COM,2008,9,23,3,39,2,Tuesday,2008-09-23,9.22,9.22,9.22,9.22,9930.0,1222128000.0,SIDEWAY
COM,2008,9,24,3,39,3,Wednesday,2008-09-24,9.0,9.22,9.0,9.22,9580.0,1222214400.0,UPTREND
COM,2008,9,25,3,39,4,Thursday,2008-09-25,9.28,9.55,9.28,9.52,11010.0,1222300800.0,UPTREND
COM,2008,9,26,3,39,5,Friday,2008-09-26,9.52,9.9,9.06,9.6,14630.0,1222387200.0,UPTREND
COM,2008,9,29,3,40,1,Monday,2008-09-29,9.68,9.77,9.22,9.6,10100.0,1222646400.0,DOWNTREND
COM,2008,9,30,3,40,2,Tuesday,2008-09-30,9.14,9.55,9.14,9.55,20700.0,1222732800.0,UPTREND
COM,2008,10,1,4,40,3,Wednesday,2008-10-01,9.14,9.57,9.14,9.57,10270.0,1222819200.0,UPTREND
COM,2008,10,2,4,40,4,Thursday,2008-10-02,9.55,9.66,9.28,9.66,11040.0,1222905600.0,UPTREND
COM,2008,10,3,4,40,5,Friday,2008-10-03,9.47,9.55,9.41,9.55,2250.0,1222992000.0,UPTREND
COM,2008,10,6,4,41,1,Monday,2008-10-06,9.11,9.28,9.11,9.28,3690.0,1223251200.0,UPTREND
COM,2008,10,7,4,41,2,Tuesday,2008-10-07,8.81,8.84,8.81,8.81,8610.0,1223337600.0,SIDEWAY
COM,2008,10,8,4,41,3,Wednesday,2008-10-08,9.22,9.22,8.46,8.73,2420.0,1223424000.0,DOWNTREND
COM,2008,10,9,4,41,4,Thursday,2008-10-09,8.29,8.73,8.29,8.73,3840.0,1223510400.0,UPTREND
COM,2008,10,10,4,41,5,Friday,2008-10-10,8.32,8.32,8.29,8.29,1980.0,1223596800.0,DOWNTREND
COM,2008,10,13,4,42,1,Monday,2008-10-13,8.7,8.7,8.02,8.02,11620.0,1223856000.0,DOWNTREND
COM,2008,10,15,4,42,3,Wednesday,2008-10-15,8.81,8.81,8.4,8.81,4420.0,1224028800.0,SIDEWAY
COM,2008,10,16,4,42,4,Thursday,2008-10-16,8.38,9.25,8.38,8.81,2470.0,1224115200.0,UPTREND
COM,2008,10,17,4,42,5,Friday,2008-10-17,8.81,9.17,8.4,8.81,4910.0,1224201600.0,SIDEWAY
COM,2008,10,20,4,43,1,Monday,2008-10-20,9.14,9.14,8.7,8.73,3470.0,1224460800.0,DOWNTREND
COM,2008,10,21,4,43,2,Tuesday,2008-10-21,9.17,9.17,8.87,9.17,5060.0,1224547200.0,SIDEWAY
COM,2008,10,22,4,43,3,Wednesday,2008-10-22,8.78,9.17,8.78,8.78,5130.0,1224633600.0,SIDEWAY
COM,2008,10,23,4,43,4,Thursday,2008-10-23,8.38,8.78,8.35,8.78,2100.0,1224720000.0,UPTREND
COM,2008,10,24,4,43,5,Friday,2008-10-24,8.46,8.46,8.35,8.35,15530.0,1224806400.0,DOWNTREND
COM,2008,10,27,4,44,1,Monday,2008-10-27,7.94,8.76,7.94,8.76,6930.0,1225065600.0,UPTREND
COM,2008,10,28,4,44,2,Tuesday,2008-10-28,8.32,9.17,8.32,9.17,3250.0,1225152000.0,UPTREND
COM,2008,10,29,4,44,3,Wednesday,2008-10-29,9.47,9.47,8.73,9.38,7060.0,1225238400.0,DOWNTREND
COM,2008,10,30,4,44,4,Thursday,2008-10-30,8.92,9.49,8.92,9.28,14220.0,1225324800.0,UPTREND
COM,2008,10,31,4,44,5,Friday,2008-10-31,8.81,9.55,8.81,9.55,43300.0,1225411200.0,UPTREND
COM,2008,11,3,4,45,1,Monday,2008-11-03,9.28,9.41,9.08,9.41,6000.0,1225670400.0,UPTREND
COM,2008,11,4,4,45,2,Tuesday,2008-11-04,9.0,9.88,8.95,9.88,19400.0,1225756800.0,UPTREND
COM,2008,11,5,4,45,3,Wednesday,2008-11-05,10.09,10.09,9.6,9.6,7530.0,1225843200.0,DOWNTREND
COM,2008,11,6,4,45,4,Thursday,2008-11-06,9.55,9.55,9.3,9.3,2160.0,1225929600.0,DOWNTREND
COM,2008,11,7,4,45,5,Friday,2008-11-07,8.92,9.41,8.92,9.41,210.0,1226016000.0,UPTREND
COM,2008,11,10,4,46,1,Monday,2008-11-10,8.95,9.55,8.95,9.41,3680.0,1226275200.0,UPTREND
COM,2008,11,11,4,46,2,Tuesday,2008-11-11,9.03,9.41,8.95,8.95,7170.0,1226361600.0,DOWNTREND
COM,2008,11,12,4,46,3,Wednesday,2008-11-12,9.28,9.38,9.14,9.17,8710.0,1226448000.0,DOWNTREND
COM,2008,11,13,4,46,4,Thursday,2008-11-13,9.17,9.44,9.08,9.08,800.0,1226534400.0,DOWNTREND
COM,2008,11,14,4,46,5,Friday,2008-11-14,9.52,9.52,9.11,9.11,5030.0,1226620800.0,DOWNTREND
COM,2008,11,17,4,47,1,Monday,2008-11-17,8.68,9.14,8.68,9.14,6920.0,1226880000.0,UPTREND
COM,2008,11,19,4,47,3,Wednesday,2008-11-19,8.32,9.0,8.32,9.0,6800.0,1227052800.0,UPTREND
COM,2008,11,20,4,47,4,Thursday,2008-11-20,9.25,9.25,9.0,9.19,2090.0,1227139200.0,DOWNTREND
COM,2008,11,21,4,47,5,Friday,2008-11-21,9.0,9.19,8.78,9.19,7280.0,1227225600.0,UPTREND
COM,2008,11,24,4,48,1,Monday,2008-11-24,9.0,9.22,8.97,9.22,3520.0,1227484800.0,UPTREND
COM,2008,11,27,4,48,4,Thursday,2008-11-27,8.81,9.28,8.81,9.28,4330.0,1227744000.0,UPTREND
COM,2008,12,1,4,49,1,Monday,2008-12-01,8.95,9.49,8.95,9.44,5390.0,1228089600.0,UPTREND
COM,2008,12,2,4,49,2,Tuesday,2008-12-02,9.55,9.55,9.0,9.0,11320.0,1228176000.0,DOWNTREND
COM,2008,12,3,4,49,3,Wednesday,2008-12-03,9.41,9.41,9.08,9.08,4210.0,1228262400.0,DOWNTREND
COM,2008,12,4,4,49,4,Thursday,2008-12-04,9.0,9.36,9.0,9.36,2980.0,1228348800.0,UPTREND
COM,2008,12,9,4,50,2,Tuesday,2008-12-09,9.14,9.49,9.14,9.49,8810.0,1228780800.0,UPTREND
COM,2008,12,10,4,50,3,Wednesday,2008-12-10,9.22,9.41,9.22,9.41,7200.0,1228867200.0,UPTREND
COM,2008,12,11,4,50,4,Thursday,2008-12-11,9.52,9.52,9.52,9.52,5000.0,1228953600.0,SIDEWAY
COM,2008,12,12,4,50,5,Friday,2008-12-12,9.55,9.55,9.41,9.55,12100.0,1229040000.0,SIDEWAY
COM,2008,12,16,4,51,2,Tuesday,2008-12-16,9.14,9.55,9.11,9.55,15730.0,1229385600.0,UPTREND
COM,2008,12,17,4,51,3,Wednesday,2008-12-17,9.28,9.55,9.14,9.55,4120.0,1229472000.0,UPTREND
COM,2008,12,18,4,51,4,Thursday,2008-12-18,9.55,9.55,9.55,9.55,8000.0,1229558400.0,SIDEWAY
COM,2008,12,19,4,51,5,Friday,2008-12-19,9.28,9.63,9.28,9.63,24370.0,1229644800.0,UPTREND
COM,2008,12,22,4,52,1,Monday,2008-12-22,9.68,9.68,9.55,9.55,2550.0,1229904000.0,DOWNTREND
COM,2008,12,24,4,52,3,Wednesday,2008-12-24,9.55,9.55,9.55,9.55,1500.0,1230076800.0,SIDEWAY
COM,2008,12,25,4,52,4,Thursday,2008-12-25,9.52,9.55,9.28,9.55,10340.0,1230163200.0,UPTREND
COM,2008,12,26,4,52,5,Friday,2008-12-26,9.6,9.6,9.28,9.28,3050.0,1230249600.0,DOWNTREND
COM,2008,12,30,4,1,2,Tuesday,2008-12-30,9.49,9.82,9.49,9.82,20580.0,1230595200.0,UPTREND
COM,2008,12,31,4,1,3,Wednesday,2008-12-31,9.47,9.9,9.47,9.9,14780.0,1230681600.0,UPTREND
COM,2009,1,2,1,1,5,Friday,2009-01-02,10.37,10.37,10.37,10.37,10.0,1230854400.0,SIDEWAY
COM,2009,1,5,1,2,1,Monday,2009-01-05,10.01,10.01,9.96,9.96,2100.0,1231113600.0,DOWNTREND
COM,2009,1,8,1,2,4,Thursday,2009-01-08,9.68,9.82,9.68,9.82,600.0,1231372800.0,UPTREND
COM,2009,1,14,1,3,3,Wednesday,2009-01-14,9.55,9.55,9.08,9.08,2410.0,1231891200.0,DOWNTREND
COM,2009,1,23,1,4,5,Friday,2009-01-23,9.55,9.55,9.55,9.55,20.0,1232668800.0,SIDEWAY
COM,2009,2,3,1,6,2,Tuesday,2009-02-03,9.08,9.52,9.08,9.52,1200.0,1233619200.0,UPTREND
COM,2009,2,4,1,6,3,Wednesday,2009-02-04,9.55,9.55,9.55,9.55,290.0,1233705600.0,SIDEWAY
COM,2009,2,5,1,6,4,Thursday,2009-02-05,9.52,9.55,9.28,9.52,1420.0,1233792000.0,SIDEWAY
COM,2009,2,6,1,6,5,Friday,2009-02-06,9.52,9.52,9.52,9.52,600.0,1233878400.0,SIDEWAY
COM,2009,2,10,1,7,2,Tuesday,2009-02-10,9.41,9.52,9.41,9.52,780.0,1234224000.0,UPTREND
COM,2009,2,16,1,8,1,Monday,2009-02-16,9.68,9.68,9.68,9.68,10.0,1234742400.0,SIDEWAY
COM,2009,2,17,1,8,2,Tuesday,2009-02-17,9.68,9.68,9.55,9.55,60.0,1234828800.0,DOWNTREND
COM,2009,2,18,1,8,3,Wednesday,2009-02-18,9.55,9.55,9.08,9.08,110.0,1234915200.0,DOWNTREND
COM,2009,2,20,1,8,5,Friday,2009-02-20,9.06,9.28,9.06,9.28,220.0,1235088000.0,UPTREND
COM,2009,2,23,1,9,1,Monday,2009-02-23,8.81,9.0,8.81,9.0,200.0,1235347200.0,UPTREND
COM,2009,2,24,1,9,2,Tuesday,2009-02-24,9.0,9.0,8.57,8.57,690.0,1235433600.0,DOWNTREND
COM,2009,2,25,1,9,3,Wednesday,2009-02-25,8.46,8.97,8.46,8.97,1250.0,1235520000.0,UPTREND
COM,2009,2,27,1,9,5,Friday,2009-02-27,9.41,9.41,9.36,9.36,1480.0,1235692800.0,DOWNTREND
COM,2009,3,2,1,10,1,Monday,2009-03-02,9.38,9.52,9.38,9.52,910.0,1235952000.0,UPTREND
COM,2009,3,3,1,10,2,Tuesday,2009-03-03,9.25,9.52,9.25,9.52,660.0,1236038400.0,UPTREND
COM,2009,3,5,1,10,4,Thursday,2009-03-05,9.08,9.08,9.06,9.06,310.0,1236211200.0,DOWNTREND
COM,2009,3,9,1,11,1,Monday,2009-03-09,9.49,9.49,9.49,9.49,1000.0,1236556800.0,SIDEWAY
COM,2009,3,10,1,11,2,Tuesday,2009-03-10,9.49,9.49,9.49,9.49,400.0,1236643200.0,SIDEWAY
COM,2009,3,19,1,12,4,Thursday,2009-03-19,9.33,9.49,9.33,9.49,2120.0,1237420800.0,UPTREND
COM,2009,3,20,1,12,5,Friday,2009-03-20,9.33,9.55,9.33,9.55,280.0,1237507200.0,UPTREND
COM,2009,3,23,1,13,1,Monday,2009-03-23,9.55,9.55,9.08,9.55,2090.0,1237766400.0,SIDEWAY
COM,2009,3,24,1,13,2,Tuesday,2009-03-24,9.55,9.55,9.41,9.55,1240.0,1237852800.0,SIDEWAY
COM,2009,3,25,1,13,3,Wednesday,2009-03-25,9.55,9.55,9.55,9.55,800.0,1237939200.0,SIDEWAY
COM,2009,3,26,1,13,4,Thursday,2009-03-26,9.47,9.47,9.11,9.44,2450.0,1238025600.0,DOWNTREND
COM,2009,3,27,1,13,5,Friday,2009-03-27,9.28,9.52,9.28,9.52,8520.0,1238112000.0,UPTREND
COM,2009,3,30,1,14,1,Monday,2009-03-30,9.06,9.52,9.06,9.52,1250.0,1238371200.0,UPTREND
COM,2009,3,31,1,14,2,Tuesday,2009-03-31,9.17,9.98,9.14,9.98,5650.0,1238457600.0,UPTREND
COM,2009,4,1,2,14,3,Wednesday,2009-04-01,10.09,10.09,9.49,9.49,2870.0,1238544000.0,DOWNTREND
COM,2009,4,2,2,14,4,Thursday,2009-04-02,9.57,9.96,9.57,9.96,2000.0,1238630400.0,UPTREND
COM,2009,4,3,2,14,5,Friday,2009-04-03,9.63,10.04,9.47,9.47,8660.0,1238716800.0,DOWNTREND
COM,2009,4,7,2,15,2,Tuesday,2009-04-07,9.88,9.93,9.6,9.82,12280.0,1239062400.0,DOWNTREND
COM,2009,4,8,2,15,3,Wednesday,2009-04-08,9.82,10.18,9.55,10.18,5650.0,1239148800.0,UPTREND
COM,2009,4,9,2,15,4,Thursday,2009-04-09,9.77,10.18,9.68,10.18,17080.0,1239235200.0,UPTREND
COM,2009,4,10,2,15,5,Friday,2009-04-10,10.01,10.64,9.96,10.64,24050.0,1239321600.0,UPTREND
COM,2009,4,13,2,16,1,Monday,2009-04-13,10.75,11.16,10.75,11.16,11860.0,1239580800.0,UPTREND
COM,2009,4,14,2,16,2,Tuesday,2009-04-14,10.91,11.46,10.61,11.46,4910.0,1239667200.0,UPTREND
COM,2009,4,15,2,16,3,Wednesday,2009-04-15,11.18,11.46,11.18,11.46,1520.0,1239753600.0,UPTREND
COM,2009,4,16,2,16,4,Thursday,2009-04-16,10.97,10.97,10.88,10.88,10460.0,1239840000.0,DOWNTREND
COM,2009,4,17,2,16,5,Friday,2009-04-17,11.1,11.1,10.37,10.37,12380.0,1239926400.0,DOWNTREND
COM,2009,4,20,2,17,1,Monday,2009-04-20,9.96,9.96,9.85,9.85,1490.0,1240185600.0,DOWNTREND
COM,2009,4,21,2,17,2,Tuesday,2009-04-21,9.36,10.34,9.36,10.34,6150.0,1240272000.0,UPTREND
COM,2009,4,22,2,17,3,Wednesday,2009-04-22,9.9,10.37,9.9,10.31,6420.0,1240358400.0,UPTREND
COM,2009,4,23,2,17,4,Thursday,2009-04-23,9.98,10.37,9.98,10.37,4140.0,1240444800.0,UPTREND
COM,2009,4,24,2,17,5,Friday,2009-04-24,10.37,10.37,10.31,10.37,7420.0,1240531200.0,SIDEWAY
COM,2009,4,27,2,18,1,Monday,2009-04-27,10.58,10.58,9.85,9.85,4000.0,1240790400.0,DOWNTREND
COM,2009,4,28,2,18,2,Tuesday,2009-04-28,10.09,10.34,10.09,10.34,10200.0,1240876800.0,UPTREND
COM,2009,4,29,2,18,3,Wednesday,2009-04-29,10.37,10.64,10.37,10.64,7730.0,1240963200.0,UPTREND
COM,2009,5,4,2,19,1,Monday,2009-05-04,10.97,11.16,10.91,11.16,8410.0,1241395200.0,UPTREND
COM,2009,5,5,2,19,2,Tuesday,2009-05-05,11.46,11.7,11.27,11.59,20300.0,1241481600.0,UPTREND
COM,2009,5,6,2,19,3,Wednesday,2009-05-06,11.02,11.59,11.02,11.59,5650.0,1241568000.0,UPTREND
COM,2009,5,7,2,19,4,Thursday,2009-05-07,11.7,11.7,11.59,11.7,12570.0,1241654400.0,SIDEWAY
COM,2009,5,8,2,19,5,Friday,2009-05-08,11.7,12.28,11.59,12.28,18290.0,1241740800.0,UPTREND
COM,2009,5,11,2,20,1,Monday,2009-05-11,11.89,12.66,11.89,12.66,5230.0,1242000000.0,UPTREND
COM,2009,5,12,2,20,2,Tuesday,2009-05-12,12.14,12.66,12.14,12.66,4360.0,1242086400.0,UPTREND
COM,2009,5,13,2,20,3,Wednesday,2009-05-13,12.28,12.82,12.28,12.66,6070.0,1242172800.0,UPTREND
COM,2009,5,14,2,20,4,Thursday,2009-05-14,12.06,12.69,12.06,12.06,3270.0,1242259200.0,SIDEWAY
COM,2009,5,15,2,20,5,Friday,2009-05-15,12.06,12.28,12.06,12.28,1370.0,1242345600.0,UPTREND
COM,2009,5,18,2,21,1,Monday,2009-05-18,12.28,12.66,12.28,12.66,7040.0,1242604800.0,UPTREND
COM,2009,5,19,2,21,2,Tuesday,2009-05-19,12.96,12.96,12.66,12.69,4910.0,1242691200.0,DOWNTREND
COM,2009,5,21,2,21,4,Thursday,2009-05-21,12.28,12.55,12.28,12.55,14070.0,1242864000.0,UPTREND
COM,2009,5,25,2,22,1,Monday,2009-05-25,11.46,12.28,11.46,12.28,3030.0,1243209600.0,UPTREND
COM,2009,5,26,2,22,2,Tuesday,2009-05-26,12.28,12.3,12.28,12.28,7830.0,1243296000.0,SIDEWAY
COM,2009,5,27,2,22,3,Wednesday,2009-05-27,12.28,12.28,12.25,12.28,3010.0,1243382400.0,SIDEWAY
COM,2009,5,28,2,22,4,Thursday,2009-05-28,11.68,12.28,11.68,12.28,3090.0,1243468800.0,UPTREND
COM,2009,5,29,2,22,5,Friday,2009-05-29,12.55,12.55,12.55,12.55,10.0,1243555200.0,SIDEWAY
COM,2009,6,1,2,23,1,Monday,2009-06-01,12.82,12.82,12.82,12.82,40.0,1243814400.0,SIDEWAY
COM,2009,6,2,2,23,2,Tuesday,2009-06-02,13.23,13.45,13.09,13.09,10960.0,1243900800.0,DOWNTREND
COM,2009,6,3,2,23,3,Wednesday,2009-06-03,12.44,12.44,12.44,12.44,2750.0,1243987200.0,SIDEWAY
COM,2009,6,4,2,23,4,Thursday,2009-06-04,12.96,13.04,12.96,13.04,1000.0,1244073600.0,UPTREND
COM,2009,6,5,2,23,5,Friday,2009-06-05,13.5,13.64,13.04,13.64,19210.0,1244160000.0,UPTREND
COM,2009,6,8,2,24,1,Monday,2009-06-08,14.32,14.32,14.32,14.32,24130.0,1244419200.0,SIDEWAY
COM,2009,6,9,2,24,2,Tuesday,2009-06-09,13.61,13.91,13.61,15.0,11840.0,1244505600.0,UPTREND
COM,2009,6,10,2,24,3,Wednesday,2009-06-10,14.32,14.32,14.32,14.32,1000.0,1244592000.0,SIDEWAY
COM,2009,6,11,2,24,4,Thursday,2009-06-11,13.61,13.61,13.61,15.0,10080.0,1244678400.0,UPTREND
COM,2009,6,12,2,24,5,Friday,2009-06-12,14.46,14.59,14.46,15.0,7420.0,1244764800.0,UPTREND
COM,2009,6,15,2,25,1,Monday,2009-06-15,14.32,14.32,14.32,14.32,2200.0,1245024000.0,SIDEWAY
COM,2009,6,16,2,25,2,Tuesday,2009-06-16,13.61,13.61,13.61,13.61,2070.0,1245110400.0,SIDEWAY
COM,2009,6,17,2,25,3,Wednesday,2009-06-17,12.96,12.96,12.96,12.96,4350.0,1245196800.0,SIDEWAY
COM,2009,6,18,2,25,4,Thursday,2009-06-18,13.59,13.59,13.59,13.59,1100.0,1245283200.0,SIDEWAY
COM,2009,6,19,2,25,5,Friday,2009-06-19,13.09,13.37,13.09,13.09,1030.0,1245369600.0,SIDEWAY
COM,2009,6,22,2,26,1,Monday,2009-06-22,12.44,13.09,12.44,12.44,2130.0,1245628800.0,SIDEWAY
COM,2009,6,23,2,26,2,Tuesday,2009-06-23,11.84,12.41,11.84,12.0,4140.0,1245715200.0,UPTREND
COM,2009,6,24,2,26,3,Wednesday,2009-06-24,11.46,12.6,11.46,12.6,3290.0,1245801600.0,UPTREND
COM,2009,6,25,2,26,4,Thursday,2009-06-25,13.09,13.09,12.6,13.09,4500.0,1245888000.0,SIDEWAY
COM,2009,6,26,2,26,5,Friday,2009-06-26,13.23,13.5,13.23,13.5,2690.0,1245974400.0,UPTREND
COM,2009,6,29,2,27,1,Monday,2009-06-29,13.09,13.5,12.88,12.88,3560.0,1246233600.0,DOWNTREND
COM,2009,7,1,3,27,3,Wednesday,2009-07-01,12.88,12.88,12.88,12.88,500.0,1246406400.0,SIDEWAY
COM,2009,7,3,3,27,5,Friday,2009-07-03,12.58,13.23,12.58,12.58,3980.0,1246579200.0,SIDEWAY
COM,2009,7,6,3,28,1,Monday,2009-07-06,13.09,13.2,13.09,13.2,2800.0,1246838400.0,UPTREND
COM,2009,7,8,3,28,3,Wednesday,2009-07-08,13.78,13.78,13.5,13.64,1520.0,1247011200.0,DOWNTREND
COM,2009,7,10,3,28,5,Friday,2009-07-10,12.82,13.37,12.82,13.37,800.0,1247184000.0,UPTREND
COM,2009,7,15,3,29,3,Wednesday,2009-07-15,12.96,12.96,12.96,12.96,200.0,1247616000.0,SIDEWAY
COM,2009,7,16,3,29,4,Thursday,2009-07-16,13.23,13.23,13.23,13.23,3000.0,1247702400.0,SIDEWAY
COM,2009,7,20,3,30,1,Monday,2009-07-20,13.09,13.64,12.85,12.85,6400.0,1248048000.0,DOWNTREND
COM,2009,7,21,3,30,2,Tuesday,2009-07-21,13.37,13.37,13.37,13.37,100.0,1248134400.0,SIDEWAY
COM,2009,7,22,3,30,3,Wednesday,2009-07-22,12.88,12.88,12.88,12.88,920.0,1248220800.0,SIDEWAY
COM,2009,7,23,3,30,4,Thursday,2009-07-23,12.28,13.5,12.28,12.82,6020.0,1248307200.0,UPTREND
COM,2009,7,24,3,30,5,Friday,2009-07-24,13.45,13.45,13.45,13.45,4410.0,1248393600.0,SIDEWAY
COM,2009,7,27,3,31,1,Monday,2009-07-27,13.45,13.91,13.45,13.64,2560.0,1248652800.0,UPTREND
COM,2009,7,28,3,31,2,Tuesday,2009-07-28,13.91,13.91,13.37,13.64,2810.0,1248739200.0,DOWNTREND
COM,2009,7,30,3,31,4,Thursday,2009-07-30,12.93,13.01,12.93,13.01,1400.0,1248912000.0,UPTREND
COM,2009,7,31,3,31,5,Friday,2009-07-31,13.56,13.56,13.5,13.5,1100.0,1248998400.0,DOWNTREND
COM,2009,8,3,3,32,1,Monday,2009-08-03,13.09,13.5,13.09,13.5,1610.0,1249257600.0,UPTREND
COM,2009,8,5,3,32,3,Wednesday,2009-08-05,13.23,13.78,13.23,13.64,9410.0,1249430400.0,UPTREND
COM,2009,8,6,3,32,4,Thursday,2009-08-06,13.64,13.64,13.64,13.64,3800.0,1249516800.0,SIDEWAY
COM,2009,8,7,3,32,5,Friday,2009-08-07,13.64,13.64,13.5,13.64,5100.0,1249603200.0,SIDEWAY
COM,2009,8,10,3,33,1,Monday,2009-08-10,13.64,13.64,13.5,13.64,6860.0,1249862400.0,SIDEWAY
COM,2009,8,11,3,33,2,Tuesday,2009-08-11,13.91,13.91,13.64,13.78,5370.0,1249948800.0,DOWNTREND
COM,2009,8,12,3,33,3,Wednesday,2009-08-12,13.91,14.46,13.91,14.46,11650.0,1250035200.0,UPTREND
COM,2009,8,13,3,33,4,Thursday,2009-08-13,13.91,14.87,13.91,14.73,12810.0,1250121600.0,UPTREND
COM,2009,8,14,3,33,5,Friday,2009-08-14,14.05,14.32,14.05,14.05,1550.0,1250208000.0,SIDEWAY
COM,2009,8,17,3,34,1,Monday,2009-08-17,14.59,14.73,14.19,14.73,9690.0,1250467200.0,UPTREND
COM,2009,8,18,3,34,2,Tuesday,2009-08-18,14.73,14.73,14.59,14.73,7070.0,1250553600.0,SIDEWAY
COM,2009,8,19,3,34,3,Wednesday,2009-08-19,14.73,14.87,14.73,14.87,170.0,1250640000.0,UPTREND
COM,2009,8,20,3,34,4,Thursday,2009-08-20,14.46,14.87,14.46,14.87,560.0,1250726400.0,UPTREND
COM,2009,8,21,3,34,5,Friday,2009-08-21,14.46,14.73,14.46,14.73,4160.0,1250812800.0,UPTREND
COM,2009,8,24,3,35,1,Monday,2009-08-24,14.73,14.73,14.73,14.73,3480.0,1251072000.0,SIDEWAY
COM,2009,8,25,3,35,2,Tuesday,2009-08-25,14.87,14.87,14.73,14.73,3240.0,1251158400.0,DOWNTREND
COM,2009,8,26,3,35,3,Wednesday,2009-08-26,15.28,15.28,14.73,14.73,4250.0,1251244800.0,DOWNTREND
COM,2009,8,27,3,35,4,Thursday,2009-08-27,14.73,15.0,14.73,14.87,2200.0,1251331200.0,UPTREND
COM,2009,8,28,3,35,5,Friday,2009-08-28,15.0,15.28,14.87,15.0,9390.0,1251417600.0,SIDEWAY
COM,2009,8,31,3,36,1,Monday,2009-08-31,14.59,15.0,14.59,15.0,5650.0,1251676800.0,UPTREND
COM,2009,9,1,3,36,2,Tuesday,2009-09-01,15.28,15.28,14.32,15.0,23640.0,1251763200.0,DOWNTREND
COM,2009,9,3,3,36,4,Thursday,2009-09-03,14.46,14.46,14.46,14.46,3360.0,1251936000.0,SIDEWAY
COM,2009,9,4,3,36,5,Friday,2009-09-04,14.73,14.73,14.46,14.46,2130.0,1252022400.0,DOWNTREND
COM,2009,9,7,3,37,1,Monday,2009-09-07,13.78,14.73,13.78,14.73,720.0,1252281600.0,UPTREND
COM,2009,9,8,3,37,2,Tuesday,2009-09-08,14.32,15.0,14.32,15.0,9030.0,1252368000.0,UPTREND
COM,2009,9,9,3,37,3,Wednesday,2009-09-09,14.46,15.0,14.46,15.0,160.0,1252454400.0,UPTREND
COM,2009,9,10,3,37,4,Thursday,2009-09-10,14.59,14.59,14.32,14.32,3400.0,1252540800.0,DOWNTREND
COM,2009,9,11,3,37,5,Friday,2009-09-11,14.46,15.0,14.46,14.87,11740.0,1252627200.0,UPTREND
COM,2009,9,14,3,38,1,Monday,2009-09-14,14.87,15.0,14.46,14.46,17100.0,1252886400.0,DOWNTREND
COM,2009,9,15,3,38,2,Tuesday,2009-09-15,14.46,15.0,14.46,15.0,1510.0,1252972800.0,UPTREND
COM,2009,9,16,3,38,3,Wednesday,2009-09-16,19.09,14.87,14.59,14.59,6310.0,1253059200.0,DOWNTREND
COM,2009,9,17,3,38,4,Thursday,2009-09-17,14.59,14.73,14.59,14.73,1920.0,1253145600.0,UPTREND
COM,2009,9,18,3,38,5,Friday,2009-09-18,14.59,14.73,14.46,14.46,5810.0,1253232000.0,DOWNTREND
COM,2009,9,21,3,39,1,Monday,2009-09-21,14.46,14.73,14.46,14.46,3490.0,1253491200.0,SIDEWAY
COM,2009,9,22,3,39,2,Tuesday,2009-09-22,14.46,14.59,14.46,14.46,3670.0,1253577600.0,SIDEWAY
COM,2009,9,23,3,39,3,Wednesday,2009-09-23,14.46,14.46,14.32,14.32,2230.0,1253664000.0,DOWNTREND
COM,2009,9,24,3,39,4,Thursday,2009-09-24,14.32,14.32,13.78,13.78,1550.0,1253750400.0,DOWNTREND
COM,2009,9,25,3,39,5,Friday,2009-09-25,14.19,14.46,14.19,14.46,2910.0,1253836800.0,UPTREND
COM,2009,9,28,3,40,1,Monday,2009-09-28,14.46,14.46,14.46,14.46,670.0,1254096000.0,SIDEWAY
COM,2009,9,29,3,40,2,Tuesday,2009-09-29,14.46,14.73,14.46,14.46,3930.0,1254182400.0,SIDEWAY
COM,2009,9,30,3,40,3,Wednesday,2009-09-30,14.46,14.59,14.46,14.59,1240.0,1254268800.0,UPTREND
COM,2009,10,1,4,40,4,Thursday,2009-10-01,14.46,14.46,14.19,14.19,5820.0,1254355200.0,DOWNTREND
COM,2009,10,2,4,40,5,Friday,2009-10-02,14.19,14.19,13.91,14.19,9260.0,1254441600.0,SIDEWAY
COM,2009,10,5,4,41,1,Monday,2009-10-05,14.73,14.73,14.73,14.73,1280.0,1254700800.0,SIDEWAY
COM,2009,10,6,4,41,2,Tuesday,2009-10-06,14.59,14.73,14.59,14.73,480.0,1254787200.0,UPTREND
COM,2009,10,7,4,41,3,Wednesday,2009-10-07,14.73,14.73,14.32,14.73,2940.0,1254873600.0,SIDEWAY
COM,2009,10,8,4,41,4,Thursday,2009-10-08,14.46,14.59,14.19,14.19,2820.0,1254960000.0,DOWNTREND
COM,2009,10,9,4,41,5,Friday,2009-10-09,14.59,14.59,14.32,14.32,4700.0,1255046400.0,DOWNTREND
COM,2009,10,12,4,42,1,Monday,2009-10-12,14.73,14.73,14.73,14.73,520.0,1255305600.0,SIDEWAY
COM,2009,10,13,4,42,2,Tuesday,2009-10-13,14.32,14.73,14.32,14.73,2080.0,1255392000.0,UPTREND
COM,2009,10,14,4,42,3,Wednesday,2009-10-14,14.19,14.59,14.19,14.59,4850.0,1255478400.0,UPTREND
COM,2009,10,15,4,42,4,Thursday,2009-10-15,14.73,14.73,14.19,14.59,1850.0,1255564800.0,DOWNTREND
COM,2009,10,16,4,42,5,Friday,2009-10-16,14.59,15.28,14.59,15.14,22700.0,1255651200.0,UPTREND
COM,2009,10,19,4,43,1,Monday,2009-10-19,15.69,15.82,15.69,15.82,16280.0,1255910400.0,UPTREND
COM,2009,10,20,4,43,2,Tuesday,2009-10-20,16.37,16.37,16.09,16.37,6420.0,1255996800.0,SIDEWAY
COM,2009,10,21,4,43,3,Wednesday,2009-10-21,16.64,16.91,16.23,16.37,12960.0,1256083200.0,DOWNTREND
COM,2009,10,22,4,43,4,Thursday,2009-10-22,16.23,16.23,15.82,15.82,17440.0,1256169600.0,DOWNTREND
COM,2009,10,23,4,43,5,Friday,2009-10-23,16.09,16.09,15.28,15.41,6360.0,1256256000.0,DOWNTREND
COM,2009,10,26,4,44,1,Monday,2009-10-26,14.87,15.69,14.87,15.55,8990.0,1256515200.0,UPTREND
COM,2009,10,27,4,44,2,Tuesday,2009-10-27,15.14,15.82,15.14,15.28,7640.0,1256601600.0,UPTREND
COM,2009,10,28,4,44,3,Wednesday,2009-10-28,15.41,15.41,15.28,15.28,15290.0,1256688000.0,DOWNTREND
COM,2009,10,29,4,44,4,Thursday,2009-10-29,15.41,15.82,15.28,15.69,15920.0,1256774400.0,UPTREND
COM,2009,10,30,4,44,5,Friday,2009-10-30,16.23,16.23,15.96,15.96,10220.0,1256860800.0,DOWNTREND
COM,2009,11,2,4,45,1,Monday,2009-11-02,15.55,15.82,15.28,15.55,23630.0,1257120000.0,SIDEWAY
COM,2009,11,3,4,45,2,Tuesday,2009-11-03,15.28,16.23,15.28,16.23,13280.0,1257206400.0,UPTREND
COM,2009,11,4,4,45,3,Wednesday,2009-11-04,16.23,16.5,15.55,16.23,22730.0,1257292800.0,SIDEWAY
COM,2009,11,5,4,45,4,Thursday,2009-11-05,16.5,16.91,15.55,16.91,44980.0,1257379200.0,UPTREND
COM,2009,11,6,4,45,5,Friday,2009-11-06,16.09,16.23,16.09,16.09,6100.0,1257465600.0,SIDEWAY
COM,2009,11,9,4,46,1,Monday,2009-11-09,16.5,16.5,15.41,16.37,11620.0,1257724800.0,DOWNTREND
COM,2009,11,10,4,46,2,Tuesday,2009-11-10,15.55,16.37,15.55,15.55,15270.0,1257811200.0,SIDEWAY
COM,2009,11,11,4,46,3,Wednesday,2009-11-11,15.55,15.55,15.55,15.55,3920.0,1257897600.0,SIDEWAY
COM,2009,11,12,4,46,4,Thursday,2009-11-12,16.23,16.23,15.96,16.09,3090.0,1257984000.0,DOWNTREND
COM,2009,11,13,4,46,5,Friday,2009-11-13,16.09,16.09,15.82,15.82,570.0,1258070400.0,DOWNTREND
COM,2009,11,16,4,47,1,Monday,2009-11-16,16.5,16.5,15.28,15.82,590.0,1258329600.0,DOWNTREND
COM,2009,11,17,4,47,2,Tuesday,2009-11-17,15.28,15.82,15.28,15.82,230.0,1258416000.0,UPTREND
COM,2009,11,18,4,47,3,Wednesday,2009-11-18,15.28,15.82,15.28,15.82,530.0,1258502400.0,UPTREND
COM,2009,11,19,4,47,4,Thursday,2009-11-19,15.55,15.55,15.41,15.41,380.0,1258588800.0,DOWNTREND
COM,2009,11,20,4,47,5,Friday,2009-11-20,15.96,15.96,15.55,15.55,1190.0,1258675200.0,DOWNTREND
COM,2009,11,23,4,48,1,Monday,2009-11-23,15.14,15.55,15.14,15.14,5050.0,1258934400.0,SIDEWAY
COM,2009,11,24,4,48,2,Tuesday,2009-11-24,15.0,15.28,15.0,15.28,2170.0,1259020800.0,UPTREND
COM,2009,11,25,4,48,3,Wednesday,2009-11-25,14.59,15.0,14.59,14.59,5690.0,1259107200.0,SIDEWAY
COM,2009,11,26,4,48,4,Thursday,2009-11-26,14.05,14.05,13.91,13.91,6220.0,1259193600.0,DOWNTREND
COM,2009,11,27,4,48,5,Friday,2009-11-27,13.42,14.46,13.42,14.46,9990.0,1259280000.0,UPTREND
COM,2009,11,30,4,49,1,Monday,2009-11-30,14.05,14.32,13.91,14.32,610.0,1259539200.0,UPTREND
COM,2009,12,1,4,49,2,Tuesday,2009-12-01,15.0,15.0,14.46,15.0,2050.0,1259625600.0,SIDEWAY
COM,2009,12,2,4,49,3,Wednesday,2009-12-02,15.0,15.0,14.59,14.59,2120.0,1259712000.0,DOWNTREND
COM,2009,12,3,4,49,4,Thursday,2009-12-03,14.59,14.59,14.46,14.59,3060.0,1259798400.0,SIDEWAY
COM,2009,12,4,4,49,5,Friday,2009-12-04,14.59,15.28,14.59,15.28,1070.0,1259884800.0,UPTREND
COM,2009,12,7,4,50,1,Monday,2009-12-07,15.28,15.28,14.87,14.87,130.0,1260144000.0,DOWNTREND
COM,2009,12,8,4,50,2,Tuesday,2009-12-08,15.41,15.41,14.73,15.0,990.0,1260230400.0,DOWNTREND
COM,2009,12,9,4,50,3,Wednesday,2009-12-09,14.46,14.46,14.46,14.46,500.0,1260316800.0,SIDEWAY
COM,2009,12,10,4,50,4,Thursday,2009-12-10,14.73,14.73,14.73,14.73,60.0,1260403200.0,SIDEWAY
COM,2009,12,11,4,50,5,Friday,2009-12-11,14.46,14.46,14.46,14.46,9300.0,1260489600.0,SIDEWAY
COM,2009,12,14,4,51,1,Monday,2009-12-14,14.87,14.87,13.91,13.91,280.0,1260748800.0,DOWNTREND
COM,2009,12,15,4,51,2,Tuesday,2009-12-15,14.59,14.59,14.59,14.59,3740.0,1260835200.0,SIDEWAY
COM,2009,12,16,4,51,3,Wednesday,2009-12-16,14.46,14.87,14.46,14.87,2210.0,1260921600.0,UPTREND
COM,2009,12,18,4,51,5,Friday,2009-12-18,14.87,14.87,14.87,14.87,1000.0,1261094400.0,SIDEWAY
COM,2009,12,21,4,52,1,Monday,2009-12-21,14.32,14.32,14.32,14.32,510.0,1261353600.0,SIDEWAY
COM,2009,12,22,4,52,2,Tuesday,2009-12-22,14.46,14.46,14.46,14.46,3080.0,1261440000.0,SIDEWAY
COM,2009,12,23,4,52,3,Wednesday,2009-12-23,14.05,14.46,14.05,14.46,1340.0,1261526400.0,UPTREND
COM,2009,12,24,4,52,4,Thursday,2009-12-24,14.73,14.73,14.73,14.73,30.0,1261612800.0,SIDEWAY
COM,2009,12,25,4,52,5,Friday,2009-12-25,14.87,15.28,14.05,15.28,1370.0,1261699200.0,UPTREND
COM,2009,12,29,4,53,2,Tuesday,2009-12-29,15.41,15.41,14.73,15.41,10380.0,1262044800.0,SIDEWAY
COM,2009,12,30,4,53,3,Wednesday,2009-12-30,15.55,15.82,15.55,15.82,2210.0,1262131200.0,UPTREND
COM,2009,12,31,4,53,4,Thursday,2009-12-31,15.82,16.5,15.82,16.5,14170.0,1262217600.0,UPTREND
COM,2010,1,4,1,1,1,Monday,2010-01-04,17.32,17.32,16.5,17.05,2620.0,1262563200.0,DOWNTREND
COM,2010,1,5,1,1,2,Tuesday,2010-01-05,17.05,17.05,16.37,16.91,5340.0,1262649600.0,DOWNTREND
COM,2010,1,6,1,1,3,Wednesday,2010-01-06,16.64,16.91,16.37,16.91,26260.0,1262736000.0,UPTREND
COM,2010,1,7,1,1,4,Thursday,2010-01-07,17.71,17.71,17.71,17.71,7000.0,1262822400.0,SIDEWAY
COM,2010,1,8,1,1,5,Friday,2010-01-08,17.1,17.1,17.1,17.1,2790.0,1262908800.0,SIDEWAY
COM,2010,1,11,1,2,1,Monday,2010-01-11,16.65,16.65,16.5,16.5,950.0,1263168000.0,DOWNTREND
COM,2010,1,12,1,2,2,Tuesday,2010-01-12,16.04,16.04,16.04,16.04,550.0,1263254400.0,SIDEWAY
COM,2010,1,13,1,2,3,Wednesday,2010-01-13,15.74,16.04,15.29,16.04,1160.0,1263340800.0,UPTREND
COM,2010,1,14,1,2,4,Thursday,2010-01-14,16.8,16.8,16.8,16.8,1500.0,1263427200.0,SIDEWAY
COM,2010,1,18,1,3,1,Monday,2010-01-18,16.8,17.1,16.8,17.1,3580.0,1263772800.0,UPTREND
COM,2010,1,20,1,3,3,Wednesday,2010-01-20,17.25,17.25,17.25,17.25,20.0,1263945600.0,SIDEWAY
COM,2010,1,21,1,3,4,Thursday,2010-01-21,16.5,16.5,16.5,16.5,230.0,1264032000.0,SIDEWAY
COM,2010,1,25,1,4,1,Monday,2010-01-25,15.74,15.89,15.74,15.89,610.0,1264377600.0,UPTREND
COM,2010,1,26,1,4,2,Tuesday,2010-01-26,15.74,16.65,15.59,16.65,1010.0,1264464000.0,UPTREND
COM,2010,1,27,1,4,3,Wednesday,2010-01-27,16.19,16.19,16.19,16.19,1500.0,1264550400.0,SIDEWAY
COM,2010,1,28,1,4,4,Thursday,2010-01-28,15.74,15.74,15.74,15.74,140.0,1264636800.0,SIDEWAY
COM,2010,2,1,1,5,1,Monday,2010-02-01,15.13,15.44,15.13,15.44,2020.0,1264982400.0,UPTREND
COM,2010,2,2,1,5,2,Tuesday,2010-02-02,15.44,15.44,15.44,15.44,400.0,1265068800.0,SIDEWAY
COM,2010,2,3,1,5,3,Wednesday,2010-02-03,16.04,16.19,16.04,16.19,810.0,1265155200.0,UPTREND
COM,2010,2,4,1,5,4,Thursday,2010-02-04,16.8,16.8,16.04,16.04,1120.0,1265241600.0,DOWNTREND
COM,2010,2,5,1,5,5,Friday,2010-02-05,16.8,16.8,16.8,16.8,12310.0,1265328000.0,SIDEWAY
COM,2010,2,8,1,6,1,Monday,2010-02-08,17.25,17.25,17.25,17.25,1300.0,1265587200.0,SIDEWAY
COM,2010,2,9,1,6,2,Tuesday,2010-02-09,17.41,17.41,17.41,17.41,1400.0,1265673600.0,SIDEWAY
COM,2010,2,10,1,6,3,Wednesday,2010-02-10,17.56,17.56,17.41,17.56,910.0,1265760000.0,SIDEWAY
COM,2010,2,11,1,6,4,Thursday,2010-02-11,17.86,17.86,17.71,17.71,1710.0,1265846400.0,DOWNTREND
COM,2010,2,12,1,6,5,Friday,2010-02-12,17.86,17.86,17.71,17.71,330.0,1265932800.0,DOWNTREND
COM,2010,2,22,1,8,1,Monday,2010-02-22,17.71,17.71,17.56,17.56,450.0,1266796800.0,DOWNTREND
COM,2010,2,23,1,8,2,Tuesday,2010-02-23,17.41,17.41,17.41,17.41,20.0,1266883200.0,SIDEWAY
COM,2010,2,24,1,8,3,Wednesday,2010-02-24,17.25,18.01,17.25,17.41,1440.0,1266969600.0,UPTREND
COM,2010,2,25,1,8,4,Thursday,2010-02-25,17.41,17.41,17.41,17.41,1900.0,1267056000.0,SIDEWAY
COM,2010,3,1,1,9,1,Monday,2010-03-01,17.41,17.41,17.41,17.41,12220.0,1267401600.0,SIDEWAY
COM,2010,3,2,1,9,2,Tuesday,2010-03-02,17.56,17.56,17.25,17.25,4980.0,1267488000.0,DOWNTREND
COM,2010,3,3,1,9,3,Wednesday,2010-03-03,16.8,16.8,16.8,16.8,60.0,1267574400.0,SIDEWAY
COM,2010,3,4,1,9,4,Thursday,2010-03-04,16.8,17.41,16.8,17.25,8000.0,1267660800.0,UPTREND
COM,2010,3,5,1,9,5,Friday,2010-03-05,16.95,17.1,16.95,17.1,580.0,1267747200.0,UPTREND
COM,2010,3,8,1,10,1,Monday,2010-03-08,16.8,17.25,16.8,17.25,1400.0,1268006400.0,UPTREND
COM,2010,3,9,1,10,2,Tuesday,2010-03-09,17.41,17.56,17.25,17.25,4010.0,1268092800.0,DOWNTREND
COM,2010,3,10,1,10,3,Wednesday,2010-03-10,17.25,17.41,17.25,17.41,210.0,1268179200.0,UPTREND
COM,2010,3,11,1,10,4,Thursday,2010-03-11,16.95,16.95,16.95,16.95,10.0,1268265600.0,SIDEWAY
COM,2010,3,12,1,10,5,Friday,2010-03-12,17.25,17.56,17.25,17.56,800.0,1268352000.0,UPTREND
COM,2010,3,15,1,11,1,Monday,2010-03-15,17.86,17.86,17.41,17.86,2190.0,1268611200.0,SIDEWAY
COM,2010,3,16,1,11,2,Tuesday,2010-03-16,17.41,17.56,17.41,17.56,8680.0,1268697600.0,UPTREND
COM,2010,3,17,1,11,3,Wednesday,2010-03-17,17.25,17.25,16.8,17.25,1840.0,1268784000.0,SIDEWAY
COM,2010,3,18,1,11,4,Thursday,2010-03-18,17.1,17.1,16.5,16.5,3000.0,1268870400.0,DOWNTREND
COM,2010,3,19,1,11,5,Friday,2010-03-19,17.25,17.25,17.25,17.25,2030.0,1268956800.0,SIDEWAY
COM,2010,3,22,1,12,1,Monday,2010-03-22,18.01,18.01,18.01,18.01,10.0,1269216000.0,SIDEWAY
COM,2010,3,23,1,12,2,Tuesday,2010-03-23,17.25,17.56,17.25,17.25,2720.0,1269302400.0,SIDEWAY
COM,2010,3,24,1,12,3,Wednesday,2010-03-24,16.65,16.8,16.65,16.8,710.0,1269388800.0,UPTREND
COM,2010,3,25,1,12,4,Thursday,2010-03-25,16.95,16.95,16.5,16.5,900.0,1269475200.0,DOWNTREND
COM,2010,3,26,1,12,5,Friday,2010-03-26,16.8,16.8,16.35,16.65,1190.0,1269561600.0,DOWNTREND
COM,2010,3,30,1,13,2,Tuesday,2010-03-30,16.8,16.95,16.8,16.8,4660.0,1269907200.0,SIDEWAY
COM,2010,3,31,1,13,3,Wednesday,2010-03-31,16.8,16.8,16.8,16.8,130.0,1269993600.0,SIDEWAY
COM,2010,4,1,2,13,4,Thursday,2010-04-01,16.5,16.8,16.35,16.8,1590.0,1270080000.0,UPTREND
COM,2010,4,2,2,13,5,Friday,2010-04-02,16.95,16.95,16.95,16.95,600.0,1270166400.0,SIDEWAY
COM,2010,4,5,2,14,1,Monday,2010-04-05,16.95,17.56,16.95,16.95,1510.0,1270425600.0,SIDEWAY
COM,2010,4,8,2,14,4,Thursday,2010-04-08,17.25,17.25,17.25,17.25,2420.0,1270684800.0,SIDEWAY
COM,2010,4,9,2,14,5,Friday,2010-04-09,17.25,17.25,16.95,17.25,2720.0,1270771200.0,SIDEWAY
COM,2010,4,12,2,15,1,Monday,2010-04-12,17.25,17.25,17.25,17.25,310.0,1271030400.0,SIDEWAY
COM,2010,4,13,2,15,2,Tuesday,2010-04-13,17.25,17.25,17.25,17.25,1810.0,1271116800.0,SIDEWAY
COM,2010,4,14,2,15,3,Wednesday,2010-04-14,17.25,17.25,17.25,17.25,300.0,1271203200.0,SIDEWAY
COM,2010,4,15,2,15,4,Thursday,2010-04-15,17.25,17.25,17.25,17.25,1680.0,1271289600.0,SIDEWAY
COM,2010,4,16,2,15,5,Friday,2010-04-16,17.25,17.25,17.25,17.25,230.0,1271376000.0,SIDEWAY
COM,2010,4,19,2,16,1,Monday,2010-04-19,17.25,17.25,17.25,17.25,2590.0,1271635200.0,SIDEWAY
COM,2010,4,20,2,16,2,Tuesday,2010-04-20,18.01,18.01,16.5,16.5,3100.0,1271721600.0,DOWNTREND
COM,2010,4,21,2,16,3,Wednesday,2010-04-21,16.5,17.25,16.5,17.25,10670.0,1271808000.0,UPTREND
COM,2010,4,22,2,16,4,Thursday,2010-04-22,17.86,17.86,17.41,17.41,6510.0,1271894400.0,DOWNTREND
COM,2010,4,26,2,17,1,Monday,2010-04-26,17.86,17.86,17.56,17.86,2010.0,1272240000.0,SIDEWAY
COM,2010,4,27,2,17,2,Tuesday,2010-04-27,17.41,17.86,17.41,17.86,2700.0,1272326400.0,UPTREND
COM,2010,4,28,2,17,3,Wednesday,2010-04-28,17.1,17.56,17.1,17.41,2010.0,1272412800.0,UPTREND
COM,2010,4,29,2,17,4,Thursday,2010-04-29,17.41,17.56,17.41,17.41,7210.0,1272499200.0,SIDEWAY
COM,2010,5,4,2,18,2,Tuesday,2010-05-04,17.1,17.1,17.1,17.1,50.0,1272931200.0,SIDEWAY
COM,2010,5,5,2,18,3,Wednesday,2010-05-05,16.5,16.65,16.5,16.65,100.0,1273017600.0,UPTREND
COM,2010,5,6,2,18,4,Thursday,2010-05-06,16.65,16.65,16.65,16.65,260.0,1273104000.0,SIDEWAY
COM,2010,5,7,2,18,5,Friday,2010-05-07,17.1,17.1,16.35,17.1,2060.0,1273190400.0,SIDEWAY
COM,2010,5,10,2,19,1,Monday,2010-05-10,16.5,16.5,16.5,16.5,50.0,1273449600.0,SIDEWAY
COM,2010,5,11,2,19,2,Tuesday,2010-05-11,16.95,16.95,16.95,16.95,10.0,1273536000.0,SIDEWAY
COM,2010,5,13,2,19,4,Thursday,2010-05-13,16.95,16.95,16.95,16.95,500.0,1273708800.0,SIDEWAY
COM,2010,5,17,2,20,1,Monday,2010-05-17,16.35,16.35,16.35,16.35,10.0,1274054400.0,SIDEWAY
COM,2010,5,18,2,20,2,Tuesday,2010-05-18,15.74,16.04,15.74,16.04,1520.0,1274140800.0,UPTREND
COM,2010,5,19,2,20,3,Wednesday,2010-05-19,16.19,16.8,16.04,16.65,11520.0,1274227200.0,UPTREND
COM,2010,5,20,2,20,4,Thursday,2010-05-20,16.04,16.19,16.04,16.19,8070.0,1274313600.0,UPTREND
COM,2010,5,21,2,20,5,Friday,2010-05-21,15.44,15.44,15.44,15.44,20.0,1274400000.0,SIDEWAY
COM,2010,5,24,2,21,1,Monday,2010-05-24,15.44,16.04,15.44,16.04,8710.0,1274659200.0,UPTREND
COM,2010,5,25,2,21,2,Tuesday,2010-05-25,15.44,16.65,15.44,16.65,30.0,1274745600.0,UPTREND
COM,2010,5,28,2,21,5,Friday,2010-05-28,17.25,17.25,16.04,16.65,510.0,1275004800.0,DOWNTREND
COM,2010,5,31,2,22,1,Monday,2010-05-31,17.25,17.25,16.04,16.65,11120.0,1275264000.0,DOWNTREND
COM,2010,6,1,2,22,2,Tuesday,2010-06-01,16.04,16.04,16.04,16.04,780.0,1275350400.0,SIDEWAY
COM,2010,6,2,2,22,3,Wednesday,2010-06-02,16.04,16.04,16.04,16.04,20.0,1275436800.0,SIDEWAY
COM,2010,6,3,2,22,4,Thursday,2010-06-03,16.5,16.5,16.5,16.5,10.0,1275523200.0,SIDEWAY
COM,2010,6,4,2,22,5,Friday,2010-06-04,16.65,16.95,16.65,16.95,10010.0,1275609600.0,UPTREND
COM,2010,6,7,2,23,1,Monday,2010-06-07,16.35,16.5,16.35,16.5,24000.0,1275868800.0,UPTREND
COM,2010,6,8,2,23,2,Tuesday,2010-06-08,16.8,16.8,16.8,16.8,400.0,1275955200.0,SIDEWAY
COM,2010,6,9,2,23,3,Wednesday,2010-06-09,17.25,17.25,17.25,17.25,20.0,1276041600.0,SIDEWAY
COM,2010,6,10,2,23,4,Thursday,2010-06-10,17.25,17.25,16.95,17.1,3630.0,1276128000.0,DOWNTREND
COM,2010,6,11,2,23,5,Friday,2010-06-11,16.35,16.35,16.35,17.1,80.0,1276214400.0,UPTREND
COM,2010,6,14,2,24,1,Monday,2010-06-14,16.35,16.35,16.35,16.35,250.0,1276473600.0,SIDEWAY
COM,2010,6,15,2,24,2,Tuesday,2010-06-15,17.1,17.1,17.1,17.1,40.0,1276560000.0,SIDEWAY
COM,2010,6,17,2,24,4,Thursday,2010-06-17,17.1,17.25,17.1,17.25,7800.0,1276732800.0,UPTREND
COM,2010,6,18,2,24,5,Friday,2010-06-18,16.5,17.25,16.5,17.25,1010.0,1276819200.0,UPTREND
COM,2010,6,21,2,25,1,Monday,2010-06-21,16.5,16.5,16.5,16.5,80.0,1277078400.0,SIDEWAY
COM,2010,6,22,2,25,2,Tuesday,2010-06-22,17.1,17.1,17.1,17.1,280.0,1277164800.0,SIDEWAY
COM,2010,6,23,2,25,3,Wednesday,2010-06-23,17.1,17.56,17.1,17.56,130.0,1277251200.0,UPTREND
COM,2010,6,28,2,26,1,Monday,2010-06-28,16.8,17.56,16.8,17.56,1260.0,1277683200.0,UPTREND
COM,2010,6,30,2,26,3,Wednesday,2010-06-30,17.25,17.25,17.25,17.25,510.0,1277856000.0,SIDEWAY
COM,2010,7,1,3,26,4,Thursday,2010-07-01,17.25,17.25,17.25,17.25,3000.0,1277942400.0,SIDEWAY
COM,2010,7,2,3,26,5,Friday,2010-07-02,17.25,17.25,17.25,17.25,1000.0,1278028800.0,SIDEWAY
COM,2010,7,5,3,27,1,Monday,2010-07-05,16.95,17.41,16.95,17.41,4860.0,1278288000.0,UPTREND
COM,2010,7,7,3,27,3,Wednesday,2010-07-07,16.95,16.95,16.95,16.95,330.0,1278460800.0,SIDEWAY
COM,2010,7,8,3,27,4,Thursday,2010-07-08,16.95,16.95,16.95,16.95,820.0,1278547200.0,SIDEWAY
COM,2010,7,9,3,27,5,Friday,2010-07-09,16.95,16.95,16.8,16.8,300.0,1278633600.0,DOWNTREND
COM,2010,7,13,3,28,2,Tuesday,2010-07-13,17.25,17.25,17.25,17.25,200.0,1278979200.0,SIDEWAY
COM,2010,7,14,3,28,3,Wednesday,2010-07-14,17.25,17.25,16.65,16.65,730.0,1279065600.0,DOWNTREND
COM,2010,7,15,3,28,4,Thursday,2010-07-15,17.1,17.1,17.1,17.1,680.0,1279152000.0,SIDEWAY
COM,2010,7,19,3,29,1,Monday,2010-07-19,17.1,17.1,17.1,17.1,80.0,1279497600.0,SIDEWAY
COM,2010,7,22,3,29,4,Thursday,2010-07-22,17.1,17.1,17.1,17.1,10.0,1279756800.0,SIDEWAY
COM,2010,7,23,3,29,5,Friday,2010-07-23,16.65,17.1,16.65,17.1,2700.0,1279843200.0,UPTREND
COM,2010,7,26,3,30,1,Monday,2010-07-26,16.65,16.95,16.35,16.95,140.0,1280102400.0,UPTREND
COM,2010,7,27,3,30,2,Tuesday,2010-07-27,16.5,16.5,16.5,16.5,80.0,1280188800.0,SIDEWAY
COM,2010,7,28,3,30,3,Wednesday,2010-07-28,16.65,16.65,16.19,16.19,40.0,1280275200.0,DOWNTREND
COM,2010,7,29,3,30,4,Thursday,2010-07-29,16.65,16.65,16.35,16.35,1110.0,1280361600.0,DOWNTREND
COM,2010,7,30,3,30,5,Friday,2010-07-30,16.35,16.95,16.35,16.95,170.0,1280448000.0,UPTREND
COM,2010,8,4,3,31,3,Wednesday,2010-08-04,17.1,17.1,17.1,17.1,10.0,1280880000.0,SIDEWAY
COM,2010,8,5,3,31,4,Thursday,2010-08-05,17.25,17.25,17.25,17.25,970.0,1280966400.0,SIDEWAY
COM,2010,8,6,3,31,5,Friday,2010-08-06,16.95,16.95,16.95,16.95,670.0,1281052800.0,SIDEWAY
COM,2010,8,11,3,32,3,Wednesday,2010-08-11,16.19,16.35,16.19,16.35,50.0,1281484800.0,UPTREND
COM,2010,8,16,3,33,1,Monday,2010-08-16,16.95,17.1,16.95,16.95,3370.0,1281916800.0,SIDEWAY
COM,2010,8,17,3,33,2,Tuesday,2010-08-17,16.8,16.8,16.8,16.8,740.0,1282003200.0,SIDEWAY
COM,2010,8,18,3,33,3,Wednesday,2010-08-18,17.1,17.1,17.1,17.1,1000.0,1282089600.0,SIDEWAY
COM,2010,8,19,3,33,4,Thursday,2010-08-19,17.1,17.41,17.1,17.25,43630.0,1282176000.0,UPTREND
COM,2010,8,23,3,34,1,Monday,2010-08-23,17.1,17.1,17.1,17.1,11970.0,1282521600.0,SIDEWAY
COM,2010,8,24,3,34,2,Tuesday,2010-08-24,17.71,17.71,17.1,17.1,6080.0,1282608000.0,DOWNTREND
COM,2010,8,25,3,34,3,Wednesday,2010-08-25,17.1,17.1,16.95,17.1,10480.0,1282694400.0,SIDEWAY
COM,2010,8,26,3,34,4,Thursday,2010-08-26,16.95,17.1,16.95,17.1,6830.0,1282780800.0,UPTREND
COM,2010,8,30,3,35,1,Monday,2010-08-30,17.93,17.93,17.93,17.93,8000.0,1283126400.0,SIDEWAY
COM,2010,8,31,3,35,2,Tuesday,2010-08-31,18.16,18.16,18.16,18.16,510.0,1283212800.0,SIDEWAY
COM,2010,9,1,3,35,3,Wednesday,2010-09-01,18.16,18.16,18.16,18.16,5290.0,1283299200.0,SIDEWAY
COM,2010,9,6,3,36,1,Monday,2010-09-06,18.16,18.16,18.16,18.16,150.0,1283731200.0,SIDEWAY
COM,2010,9,7,3,36,2,Tuesday,2010-09-07,18.16,18.16,18.16,18.16,26300.0,1283817600.0,SIDEWAY
COM,2010,9,13,3,37,1,Monday,2010-09-13,18.16,18.16,18.16,18.16,10.0,1284336000.0,SIDEWAY
COM,2010,9,14,3,37,2,Tuesday,2010-09-14,17.71,17.71,17.71,17.71,3010.0,1284422400.0,SIDEWAY
COM,2010,9,16,3,37,4,Thursday,2010-09-16,17.71,17.71,17.71,17.71,220.0,1284595200.0,SIDEWAY
COM,2010,9,17,3,37,5,Friday,2010-09-17,17.93,17.93,17.93,17.93,1000.0,1284681600.0,SIDEWAY
COM,2010,9,20,3,38,1,Monday,2010-09-20,18.16,18.16,18.16,18.16,5000.0,1284940800.0,SIDEWAY
COM,2010,9,22,3,38,3,Wednesday,2010-09-22,18.16,18.16,18.16,18.16,10.0,1285113600.0,SIDEWAY
COM,2010,9,27,3,39,1,Monday,2010-09-27,17.93,17.93,17.93,17.93,10.0,1285545600.0,SIDEWAY
COM,2010,10,4,4,40,1,Monday,2010-10-04,17.71,17.71,17.71,17.71,2000.0,1286150400.0,SIDEWAY
COM,2010,10,5,4,40,2,Tuesday,2010-10-05,17.71,17.71,17.71,17.71,2010.0,1286236800.0,SIDEWAY
COM,2010,10,6,4,40,3,Wednesday,2010-10-06,18.16,18.16,18.16,18.16,10.0,1286323200.0,SIDEWAY
COM,2010,10,12,4,41,2,Tuesday,2010-10-12,17.71,17.71,17.71,17.71,40.0,1286841600.0,SIDEWAY
COM,2010,10,13,4,41,3,Wednesday,2010-10-13,17.71,17.71,17.71,17.71,20000.0,1286928000.0,SIDEWAY
COM,2010,10,14,4,41,4,Thursday,2010-10-14,17.94,17.94,17.94,17.94,100.0,1287014400.0,SIDEWAY
COM,2010,10,15,4,41,5,Friday,2010-10-15,17.75,17.75,17.61,17.61,5010.0,1287100800.0,DOWNTREND
COM,2010,10,19,4,42,2,Tuesday,2010-10-19,17.52,17.52,17.52,17.52,2140.0,1287446400.0,SIDEWAY
COM,2010,10,20,4,42,3,Wednesday,2010-10-20,17.29,17.29,17.29,17.29,3340.0,1287532800.0,SIDEWAY
COM,2010,10,22,4,42,5,Friday,2010-10-22,17.98,17.98,17.98,17.98,20.0,1287705600.0,SIDEWAY
COM,2010,10,27,4,43,3,Wednesday,2010-10-27,18.21,18.21,18.21,18.21,10.0,1288137600.0,SIDEWAY
COM,2010,11,1,4,44,1,Monday,2010-11-01,17.98,17.98,17.98,17.98,1000.0,1288569600.0,SIDEWAY
COM,2010,11,5,4,44,5,Friday,2010-11-05,17.98,17.98,17.98,17.98,10.0,1288915200.0,SIDEWAY
COM,2010,11,8,4,45,1,Monday,2010-11-08,18.21,18.21,18.21,18.21,20.0,1289174400.0,SIDEWAY
COM,2010,11,9,4,45,2,Tuesday,2010-11-09,17.98,17.98,17.98,17.98,600.0,1289260800.0,SIDEWAY
COM,2010,11,16,4,46,2,Tuesday,2010-11-16,17.98,17.98,17.52,17.52,510.0,1289865600.0,DOWNTREND
COM,2010,11,17,4,46,3,Wednesday,2010-11-17,17.29,17.29,16.65,17.29,3000.0,1289952000.0,SIDEWAY
COM,2010,11,18,4,46,4,Thursday,2010-11-18,17.52,17.52,17.52,17.52,100.0,1290038400.0,SIDEWAY
COM,2010,11,22,4,47,1,Monday,2010-11-22,17.06,17.06,17.06,17.06,130.0,1290384000.0,SIDEWAY
COM,2010,11,23,4,47,2,Tuesday,2010-11-23,16.6,16.6,16.55,16.6,4020.0,1290470400.0,SIDEWAY
COM,2010,11,24,4,47,3,Wednesday,2010-11-24,17.06,17.15,17.06,17.06,930.0,1290556800.0,SIDEWAY
COM,2010,11,25,4,47,4,Thursday,2010-11-25,16.6,17.06,16.6,17.06,7800.0,1290643200.0,UPTREND
COM,2010,11,26,4,47,5,Friday,2010-11-26,16.6,16.6,16.6,16.6,1170.0,1290729600.0,SIDEWAY
COM,2010,11,30,4,48,2,Tuesday,2010-11-30,17.15,17.15,17.15,17.15,10.0,1291075200.0,SIDEWAY
COM,2010,12,1,4,48,3,Wednesday,2010-12-01,16.6,16.6,16.6,16.6,1000.0,1291161600.0,SIDEWAY
COM,2010,12,3,4,48,5,Friday,2010-12-03,16.6,16.6,16.14,16.14,540.0,1291334400.0,DOWNTREND
COM,2010,12,6,4,49,1,Monday,2010-12-06,16.14,16.14,16.14,16.14,2210.0,1291593600.0,SIDEWAY
COM,2010,12,7,4,49,2,Tuesday,2010-12-07,15.68,15.68,15.36,15.36,930.0,1291680000.0,DOWNTREND
COM,2010,12,8,4,49,3,Wednesday,2010-12-08,14.99,15.36,14.62,14.62,600.0,1291766400.0,DOWNTREND
COM,2010,12,9,4,49,4,Thursday,2010-12-09,15.31,15.31,15.31,15.31,10.0,1291852800.0,SIDEWAY
COM,2010,12,10,4,49,5,Friday,2010-12-10,14.76,16.05,14.76,16.05,790.0,1291939200.0,UPTREND
COM,2010,12,13,4,50,1,Monday,2010-12-13,16.6,16.83,16.6,16.83,630.0,1292198400.0,UPTREND
COM,2010,12,14,4,50,2,Tuesday,2010-12-14,17.02,17.02,17.02,17.02,170.0,1292284800.0,SIDEWAY
COM,2010,12,17,4,50,5,Friday,2010-12-17,16.18,16.18,16.18,16.18,1040.0,1292544000.0,SIDEWAY
COM,2010,12,21,4,51,2,Tuesday,2010-12-21,16.18,16.23,16.18,16.18,7780.0,1292889600.0,SIDEWAY
COM,2010,12,22,4,51,3,Wednesday,2010-12-22,16.14,16.14,16.14,16.14,2000.0,1292976000.0,SIDEWAY
COM,2010,12,23,4,51,4,Thursday,2010-12-23,16.92,16.92,16.92,16.92,10.0,1293062400.0,SIDEWAY
COM,2010,12,28,4,52,2,Tuesday,2010-12-28,16.37,17.48,16.37,17.48,400.0,1293494400.0,UPTREND
COM,2010,12,30,4,52,4,Thursday,2010-12-30,17.75,17.75,17.75,17.75,10.0,1293667200.0,SIDEWAY
COM,2010,12,31,4,52,5,Friday,2010-12-31,17.75,17.75,17.75,17.75,10.0,1293753600.0,SIDEWAY
COM,2011,1,7,1,1,5,Friday,2011-01-07,17.06,17.06,17.06,17.06,3030.0,1294358400.0,SIDEWAY
COM,2011,1,10,1,2,1,Monday,2011-01-10,16.23,16.97,16.23,16.97,860.0,1294617600.0,UPTREND
COM,2011,1,12,1,2,3,Wednesday,2011-01-12,16.14,16.14,16.14,16.14,80.0,1294790400.0,SIDEWAY
COM,2011,1,13,1,2,4,Thursday,2011-01-13,16.14,16.14,16.14,16.14,220.0,1294876800.0,SIDEWAY
COM,2011,1,14,1,2,5,Friday,2011-01-14,16.14,16.14,16.14,16.14,3500.0,1294963200.0,SIDEWAY
COM,2011,1,17,1,3,1,Monday,2011-01-17,15.68,16.6,15.68,16.6,2010.0,1295222400.0,UPTREND
COM,2011,1,18,1,3,2,Tuesday,2011-01-18,15.77,16.6,15.77,16.6,80.0,1295308800.0,UPTREND
COM,2011,1,19,1,3,3,Wednesday,2011-01-19,17.43,17.43,17.43,17.43,10.0,1295395200.0,SIDEWAY
COM,2011,1,20,1,3,4,Thursday,2011-01-20,16.83,16.83,16.83,16.83,300.0,1295481600.0,SIDEWAY
COM,2011,1,21,1,3,5,Friday,2011-01-21,16.83,16.83,16.83,16.83,30.0,1295568000.0,SIDEWAY
COM,2011,1,24,1,4,1,Monday,2011-01-24,16.14,16.6,16.14,16.14,520.0,1295827200.0,SIDEWAY
COM,2011,1,25,1,4,2,Tuesday,2011-01-25,16.6,16.6,16.51,16.51,30.0,1295913600.0,DOWNTREND
COM,2011,1,26,1,4,3,Wednesday,2011-01-26,16.51,16.51,16.14,16.14,790.0,1296000000.0,DOWNTREND
COM,2011,2,9,1,6,3,Wednesday,2011-02-09,15.36,16.92,15.36,16.92,170.0,1297209600.0,UPTREND
COM,2011,2,10,1,6,4,Thursday,2011-02-10,16.51,16.51,16.51,16.51,100.0,1297296000.0,SIDEWAY
COM,2011,2,11,1,6,5,Friday,2011-02-11,17.2,17.2,17.2,17.2,10.0,1297382400.0,SIDEWAY
COM,2011,2,15,1,7,2,Tuesday,2011-02-15,16.37,17.43,16.37,17.43,20.0,1297728000.0,UPTREND
COM,2011,2,16,1,7,3,Wednesday,2011-02-16,17.43,17.43,17.43,17.43,50.0,1297814400.0,SIDEWAY
COM,2011,2,18,1,7,5,Friday,2011-02-18,16.6,17.29,16.6,17.29,30.0,1297987200.0,UPTREND
COM,2011,2,21,1,8,1,Monday,2011-02-21,16.46,16.46,16.46,16.46,30.0,1298246400.0,SIDEWAY
COM,2011,2,22,1,8,2,Tuesday,2011-02-22,17.27,17.27,17.27,17.27,10.0,1298332800.0,SIDEWAY
COM,2011,2,23,1,8,3,Wednesday,2011-02-23,16.41,16.41,16.41,16.41,410.0,1298419200.0,SIDEWAY
COM,2011,2,24,1,8,4,Thursday,2011-02-24,15.61,15.61,15.61,15.61,30.0,1298505600.0,SIDEWAY
COM,2011,2,28,1,9,1,Monday,2011-02-28,14.19,15.52,14.19,15.52,1030.0,1298851200.0,UPTREND
COM,2011,3,1,1,9,2,Tuesday,2011-03-01,15.52,15.52,14.76,14.76,840.0,1298937600.0,DOWNTREND
COM,2011,3,2,1,9,3,Wednesday,2011-03-02,14.05,14.76,14.05,14.76,40.0,1299024000.0,UPTREND
COM,2011,3,7,1,10,1,Monday,2011-03-07,14.71,14.71,14.71,14.71,10.0,1299456000.0,SIDEWAY
COM,2011,3,8,1,10,2,Tuesday,2011-03-08,14.0,14.0,14.0,14.0,10.0,1299542400.0,SIDEWAY
COM,2011,3,9,1,10,3,Wednesday,2011-03-09,14.66,14.66,14.66,14.66,30.0,1299628800.0,SIDEWAY
COM,2011,3,10,1,10,4,Thursday,2011-03-10,14.66,14.66,14.66,14.66,50.0,1299715200.0,SIDEWAY
COM,2011,3,11,1,10,5,Friday,2011-03-11,15.14,15.14,15.14,15.14,10.0,1299801600.0,SIDEWAY
COM,2011,3,14,1,11,1,Monday,2011-03-14,14.43,14.43,14.43,14.43,50.0,1300060800.0,SIDEWAY
COM,2011,3,15,1,11,2,Tuesday,2011-03-15,14.43,14.43,14.43,14.43,20.0,1300147200.0,SIDEWAY
COM,2011,3,16,1,11,3,Wednesday,2011-03-16,13.72,13.72,13.72,13.72,3430.0,1300233600.0,SIDEWAY
COM,2011,3,17,1,11,4,Thursday,2011-03-17,14.19,14.19,14.19,14.19,110.0,1300320000.0,SIDEWAY
COM,2011,3,18,1,11,5,Friday,2011-03-18,14.9,14.9,14.9,14.9,20.0,1300406400.0,SIDEWAY
COM,2011,3,21,1,12,1,Monday,2011-03-21,14.19,14.9,14.19,14.9,1610.0,1300665600.0,UPTREND
COM,2011,3,23,1,12,3,Wednesday,2011-03-23,14.19,14.66,14.19,14.66,5160.0,1300838400.0,UPTREND
COM,2011,3,24,1,12,4,Thursday,2011-03-24,13.96,14.66,13.96,14.66,70.0,1300924800.0,UPTREND
COM,2011,3,25,1,12,5,Friday,2011-03-25,14.66,15.14,14.66,15.14,3220.0,1301011200.0,UPTREND
COM,2011,3,28,1,13,1,Monday,2011-03-28,15.56,15.56,15.56,15.56,10.0,1301270400.0,SIDEWAY
COM,2011,4,4,2,14,1,Monday,2011-04-04,15.85,15.85,15.85,15.85,2010.0,1301875200.0,SIDEWAY
COM,2011,4,6,2,14,3,Wednesday,2011-04-06,15.85,15.85,15.85,15.85,10.0,1302048000.0,SIDEWAY
COM,2011,4,8,2,14,5,Friday,2011-04-08,15.85,15.85,15.85,15.85,10.0,1302220800.0,SIDEWAY
COM,2011,4,13,2,15,3,Wednesday,2011-04-13,15.09,15.09,15.09,15.09,130.0,1302652800.0,SIDEWAY
COM,2011,4,14,2,15,4,Thursday,2011-04-14,15.14,15.14,15.14,15.14,10.0,1302739200.0,SIDEWAY
COM,2011,4,15,2,15,5,Friday,2011-04-15,14.38,15.14,14.38,15.14,7030.0,1302825600.0,UPTREND
COM,2011,4,19,2,16,2,Tuesday,2011-04-19,14.66,14.66,14.66,14.66,200.0,1303171200.0,SIDEWAY
COM,2011,4,20,2,16,3,Wednesday,2011-04-20,14.14,14.19,14.14,14.19,4010.0,1303257600.0,UPTREND
COM,2011,4,22,2,16,5,Friday,2011-04-22,13.48,13.48,13.48,13.48,1000.0,1303430400.0,SIDEWAY
COM,2011,4,25,2,17,1,Monday,2011-04-25,12.82,12.82,12.82,12.82,530.0,1303689600.0,SIDEWAY
COM,2011,4,26,2,17,2,Tuesday,2011-04-26,12.21,13.43,12.21,13.43,560.0,1303776000.0,UPTREND
COM,2011,4,27,2,17,3,Wednesday,2011-04-27,14.1,14.1,14.1,14.1,110.0,1303862400.0,SIDEWAY
COM,2011,4,28,2,17,4,Thursday,2011-04-28,14.76,14.76,13.43,13.43,40.0,1303948800.0,DOWNTREND
COM,2011,4,29,2,17,5,Friday,2011-04-29,13.72,14.1,13.72,14.1,2360.0,1304035200.0,UPTREND
COM,2011,5,4,2,18,3,Wednesday,2011-05-04,13.72,14.19,13.72,14.19,520.0,1304467200.0,UPTREND
COM,2011,5,6,2,18,5,Friday,2011-05-06,13.48,14.9,13.48,14.9,2740.0,1304640000.0,UPTREND
COM,2011,5,9,2,19,1,Monday,2011-05-09,14.47,14.9,14.43,14.9,8070.0,1304899200.0,UPTREND
COM,2011,5,10,2,19,2,Tuesday,2011-05-10,14.43,15.61,14.43,15.61,8070.0,1304985600.0,UPTREND
COM,2011,5,11,2,19,3,Wednesday,2011-05-11,14.85,16.32,14.85,16.32,4600.0,1305072000.0,UPTREND
COM,2011,5,12,2,19,4,Thursday,2011-05-12,16.56,16.56,15.52,15.52,1010.0,1305158400.0,DOWNTREND
COM,2011,5,16,2,20,1,Monday,2011-05-16,15.52,15.52,15.52,15.52,12840.0,1305504000.0,SIDEWAY
COM,2011,5,17,2,20,2,Tuesday,2011-05-17,15.14,15.14,15.14,15.14,4000.0,1305590400.0,SIDEWAY
COM,2011,5,18,2,20,3,Wednesday,2011-05-18,14.66,15.61,14.66,15.61,20.0,1305676800.0,UPTREND
COM,2011,5,19,2,20,4,Thursday,2011-05-19,15.14,15.52,15.14,15.52,8000.0,1305763200.0,UPTREND
COM,2011,5,24,2,21,2,Tuesday,2011-05-24,14.9,14.9,14.9,14.9,10.0,1306195200.0,SIDEWAY
COM,2011,5,25,2,21,3,Wednesday,2011-05-25,14.9,15.14,14.81,15.14,7680.0,1306281600.0,UPTREND
COM,2011,5,27,2,21,5,Friday,2011-05-27,15.56,15.56,15.56,15.56,10.0,1306454400.0,SIDEWAY
COM,2011,6,2,2,22,4,Thursday,2011-06-02,15.14,15.14,14.95,14.95,5290.0,1306972800.0,DOWNTREND
COM,2011,6,3,2,22,5,Friday,2011-06-03,14.66,15.14,14.66,15.14,1140.0,1307059200.0,UPTREND
COM,2011,6,6,2,23,1,Monday,2011-06-06,14.38,14.38,14.38,14.38,10.0,1307318400.0,SIDEWAY
COM,2011,6,7,2,23,2,Tuesday,2011-06-07,13.72,15.09,13.72,15.09,10020.0,1307404800.0,UPTREND
COM,2011,6,8,2,23,3,Wednesday,2011-06-08,14.66,14.66,14.66,14.66,380.0,1307491200.0,SIDEWAY
COM,2011,6,9,2,23,4,Thursday,2011-06-09,13.96,15.14,13.96,15.14,20.0,1307577600.0,UPTREND
COM,2011,6,10,2,23,5,Friday,2011-06-10,14.66,14.66,14.66,14.66,10.0,1307664000.0,SIDEWAY
COM,2011,6,13,2,24,1,Monday,2011-06-13,14.66,14.66,14.66,14.66,960.0,1307923200.0,SIDEWAY
COM,2011,6,14,2,24,2,Tuesday,2011-06-14,15.14,15.14,15.14,15.14,20.0,1308009600.0,SIDEWAY
COM,2011,6,15,2,24,3,Wednesday,2011-06-15,14.38,14.38,14.38,14.38,10.0,1308096000.0,SIDEWAY
COM,2011,6,16,2,24,4,Thursday,2011-06-16,13.7,13.7,13.7,13.7,10.0,1308182400.0,SIDEWAY
COM,2011,6,21,2,25,2,Tuesday,2011-06-21,13.7,13.99,13.7,13.99,7370.0,1308614400.0,UPTREND
COM,2011,6,22,2,25,3,Wednesday,2011-06-22,13.99,13.99,13.99,13.99,7000.0,1308700800.0,SIDEWAY
COM,2011,6,23,2,25,4,Thursday,2011-06-23,13.99,14.23,13.99,13.99,3020.0,1308787200.0,SIDEWAY
COM,2011,6,24,2,25,5,Friday,2011-06-24,14.48,14.67,13.32,13.32,3080.0,1308873600.0,DOWNTREND
COM,2011,6,27,2,26,1,Monday,2011-06-27,13.08,13.95,13.08,13.95,70.0,1309132800.0,UPTREND
COM,2011,6,28,2,26,2,Tuesday,2011-06-28,13.27,13.27,13.27,13.27,30.0,1309219200.0,SIDEWAY
COM,2011,6,29,2,26,3,Wednesday,2011-06-29,13.9,13.9,13.9,13.9,10.0,1309305600.0,SIDEWAY
COM,2011,6,30,2,26,4,Thursday,2011-06-30,14.57,14.57,14.57,14.57,30.0,1309392000.0,SIDEWAY
COM,2011,7,1,3,26,5,Friday,2011-07-01,13.9,13.9,13.9,13.9,90.0,1309478400.0,SIDEWAY
COM,2011,7,6,3,27,3,Wednesday,2011-07-06,13.27,14.48,13.27,14.48,20.0,1309910400.0,UPTREND
COM,2011,7,12,3,28,2,Tuesday,2011-07-12,14.96,14.96,14.96,14.96,10.0,1310428800.0,SIDEWAY
COM,2011,7,13,3,28,3,Wednesday,2011-07-13,14.96,14.96,14.96,14.96,2100.0,1310515200.0,SIDEWAY
COM,2011,7,15,3,28,5,Friday,2011-07-15,14.96,14.96,14.48,14.96,2030.0,1310688000.0,SIDEWAY
COM,2011,7,18,3,29,1,Monday,2011-07-18,14.48,14.48,14.48,14.48,5870.0,1310947200.0,SIDEWAY
COM,2011,7,20,3,29,3,Wednesday,2011-07-20,14.96,14.96,14.48,14.48,550.0,1311120000.0,DOWNTREND
COM,2011,7,25,3,30,1,Monday,2011-07-25,14.23,14.23,14.23,14.23,3460.0,1311552000.0,SIDEWAY
COM,2011,7,27,3,30,3,Wednesday,2011-07-27,14.33,14.33,14.33,14.33,2000.0,1311724800.0,SIDEWAY
COM,2011,7,28,3,30,4,Thursday,2011-07-28,14.48,14.48,14.48,14.48,100.0,1311811200.0,SIDEWAY
COM,2011,7,29,3,30,5,Friday,2011-07-29,14.23,14.23,14.23,14.23,40.0,1311897600.0,SIDEWAY
COM,2011,8,1,3,31,1,Monday,2011-08-01,13.99,13.99,13.99,13.99,20.0,1312156800.0,SIDEWAY
COM,2011,8,2,3,31,2,Tuesday,2011-08-02,13.99,14.48,13.99,14.48,290.0,1312243200.0,UPTREND
COM,2011,8,5,3,31,5,Friday,2011-08-05,14.48,14.48,14.48,14.48,220.0,1312502400.0,SIDEWAY
COM,2011,8,10,3,32,3,Wednesday,2011-08-10,13.75,14.48,13.75,14.48,260.0,1312934400.0,UPTREND
COM,2011,8,15,3,33,1,Monday,2011-08-15,14.96,14.96,14.96,14.96,30.0,1313366400.0,SIDEWAY
COM,2011,8,17,3,33,3,Wednesday,2011-08-17,14.96,14.96,14.96,14.96,10.0,1313539200.0,SIDEWAY
COM,2011,8,18,3,33,4,Thursday,2011-08-18,14.23,14.23,14.23,14.23,290.0,1313625600.0,SIDEWAY
COM,2011,8,19,3,33,5,Friday,2011-08-19,13.56,14.81,13.56,14.81,30.0,1313712000.0,UPTREND
COM,2011,8,23,3,34,2,Tuesday,2011-08-23,14.09,14.09,14.09,14.09,180.0,1314057600.0,SIDEWAY
COM,2011,8,24,3,34,3,Wednesday,2011-08-24,14.23,14.72,14.23,14.72,210.0,1314144000.0,UPTREND
COM,2011,8,26,3,34,5,Friday,2011-08-26,15.44,15.44,15.2,15.2,1250.0,1314316800.0,DOWNTREND
COM,2011,8,29,3,35,1,Monday,2011-08-29,15.68,15.68,15.68,15.68,20.0,1314576000.0,SIDEWAY
COM,2011,8,30,3,35,2,Tuesday,2011-08-30,16.16,16.16,16.16,16.16,20.0,1314662400.0,SIDEWAY
COM,2011,8,31,3,35,3,Wednesday,2011-08-31,16.41,16.41,16.36,16.36,30.0,1314748800.0,DOWNTREND
COM,2011,9,5,3,36,1,Monday,2011-09-05,16.41,16.65,16.41,16.65,20.0,1315180800.0,UPTREND
COM,2011,9,6,3,36,2,Tuesday,2011-09-06,16.89,16.89,16.89,16.89,10.0,1315267200.0,SIDEWAY
COM,2011,9,7,3,36,3,Wednesday,2011-09-07,17.71,17.71,17.71,17.71,20.0,1315353600.0,SIDEWAY
COM,2011,9,8,3,36,4,Thursday,2011-09-08,18.1,18.1,18.1,18.1,10.0,1315440000.0,SIDEWAY
COM,2011,9,9,3,36,5,Friday,2011-09-09,17.23,17.23,17.23,17.23,610.0,1315526400.0,SIDEWAY
COM,2011,9,12,3,37,1,Monday,2011-09-12,16.41,16.41,16.41,16.41,190.0,1315785600.0,SIDEWAY
COM,2011,9,19,3,38,1,Monday,2011-09-19,16.41,16.41,16.41,16.41,10.0,1316390400.0,SIDEWAY
COM,2011,9,20,3,38,2,Tuesday,2011-09-20,15.59,15.59,15.59,15.59,340.0,1316476800.0,SIDEWAY
COM,2011,9,22,3,38,4,Thursday,2011-09-22,15.44,15.44,14.81,14.81,200.0,1316649600.0,DOWNTREND
COM,2011,9,23,3,38,5,Friday,2011-09-23,14.09,14.09,14.09,14.09,180.0,1316736000.0,SIDEWAY
COM,2011,9,26,3,39,1,Monday,2011-09-26,14.77,14.77,14.77,14.77,10.0,1316995200.0,SIDEWAY
COM,2011,9,27,3,39,2,Tuesday,2011-09-27,15.49,15.49,15.49,15.49,10.0,1317081600.0,SIDEWAY
COM,2011,10,3,4,40,1,Monday,2011-10-03,14.72,16.26,14.72,16.26,500.0,1317600000.0,UPTREND
COM,2011,10,4,4,40,2,Tuesday,2011-10-04,16.65,16.65,16.65,16.65,10.0,1317686400.0,SIDEWAY
COM,2011,10,7,4,40,5,Friday,2011-10-07,15.83,16.41,15.83,16.41,40.0,1317945600.0,UPTREND
COM,2011,10,13,4,41,4,Thursday,2011-10-13,16.89,16.89,16.89,16.89,10.0,1318464000.0,SIDEWAY
COM,2011,10,20,4,42,4,Thursday,2011-10-20,16.07,16.07,16.07,16.07,10.0,1319068800.0,SIDEWAY
COM,2011,10,21,4,42,5,Friday,2011-10-21,15.3,15.3,15.3,15.3,1030.0,1319155200.0,SIDEWAY
COM,2011,10,25,4,43,2,Tuesday,2011-10-25,14.57,14.57,14.57,14.57,180.0,1319500800.0,SIDEWAY
COM,2011,10,26,4,43,3,Wednesday,2011-10-26,14.96,14.96,14.96,14.96,10.0,1319587200.0,SIDEWAY
COM,2011,10,27,4,43,4,Thursday,2011-10-27,15.44,15.44,15.44,15.44,10.0,1319673600.0,SIDEWAY
COM,2011,11,1,4,44,2,Tuesday,2011-11-01,14.72,14.72,14.67,14.67,3020.0,1320105600.0,DOWNTREND
COM,2011,11,3,4,44,4,Thursday,2011-11-03,14.72,14.72,14.72,14.72,100.0,1320278400.0,SIDEWAY
COM,2011,11,4,4,44,5,Friday,2011-11-04,14.72,14.72,13.99,13.99,40.0,1320364800.0,DOWNTREND
COM,2011,11,7,4,45,1,Monday,2011-11-07,14.67,14.67,14.67,14.67,90.0,1320624000.0,SIDEWAY
COM,2011,11,8,4,45,2,Tuesday,2011-11-08,14.19,14.19,13.95,13.95,200.0,1320710400.0,DOWNTREND
COM,2011,11,9,4,45,3,Wednesday,2011-11-09,14.62,14.62,14.62,14.62,10.0,1320796800.0,SIDEWAY
COM,2011,11,11,4,45,5,Friday,2011-11-11,13.99,13.99,13.99,13.99,60.0,1320969600.0,SIDEWAY
COM,2011,11,17,4,46,4,Thursday,2011-11-17,13.99,13.99,13.99,13.99,750.0,1321488000.0,SIDEWAY
COM,2011,11,21,4,47,1,Monday,2011-11-21,13.99,13.99,13.99,13.99,10.0,1321833600.0,SIDEWAY
COM,2011,11,23,4,47,3,Wednesday,2011-11-23,14.48,14.48,14.48,14.48,10.0,1322006400.0,SIDEWAY
COM,2011,11,30,4,48,3,Wednesday,2011-11-30,13.75,13.75,13.75,13.75,30.0,1322611200.0,SIDEWAY
COM,2011,12,1,4,48,4,Thursday,2011-12-01,13.08,13.08,13.08,13.08,220.0,1322697600.0,SIDEWAY
COM,2011,12,2,4,48,5,Friday,2011-12-02,13.7,13.7,13.7,13.7,10.0,1322784000.0,SIDEWAY
COM,2011,12,6,4,49,2,Tuesday,2011-12-06,14.38,14.38,14.38,14.38,130.0,1323129600.0,SIDEWAY
COM,2011,12,7,4,49,3,Wednesday,2011-12-07,15.06,15.06,15.06,15.06,10.0,1323216000.0,SIDEWAY
COM,2011,12,19,4,51,1,Monday,2011-12-19,14.48,14.48,14.48,14.48,10.0,1324252800.0,SIDEWAY
COM,2011,12,20,4,51,2,Tuesday,2011-12-20,13.99,13.99,13.99,13.99,2000.0,1324339200.0,SIDEWAY
COM,2011,12,21,4,51,3,Wednesday,2011-12-21,13.3,13.3,13.3,13.3,2000.0,1324425600.0,SIDEWAY
COM,2011,12,23,4,51,5,Friday,2011-12-23,12.66,12.66,12.66,12.66,1130.0,1324598400.0,SIDEWAY
COM,2011,12,27,4,52,2,Tuesday,2011-12-27,13.26,13.26,13.26,13.26,10.0,1324944000.0,SIDEWAY
COM,2011,12,28,4,52,3,Wednesday,2011-12-28,13.9,13.9,13.9,13.9,10.0,1325030400.0,SIDEWAY
COM,2011,12,29,4,52,4,Thursday,2011-12-29,13.21,13.21,13.21,13.21,20.0,1325116800.0,SIDEWAY
COM,2012,1,3,1,1,2,Tuesday,2012-01-03,13.85,13.85,13.85,13.85,10.0,1325548800.0,SIDEWAY
COM,2012,1,4,1,1,3,Wednesday,2012-01-04,14.29,14.29,14.29,14.29,50.0,1325635200.0,SIDEWAY
COM,2012,1,9,1,2,1,Monday,2012-01-09,14.24,14.29,14.24,14.29,500.0,1326067200.0,UPTREND
COM,2012,1,12,1,2,4,Thursday,2012-01-12,14.29,14.29,13.6,13.6,20.0,1326326400.0,DOWNTREND
COM,2012,1,13,1,2,5,Friday,2012-01-13,12.96,14.24,12.96,14.24,20.0,1326412800.0,UPTREND
COM,2012,1,31,1,5,2,Tuesday,2012-01-31,14.29,14.29,14.29,14.29,20.0,1327968000.0,SIDEWAY
COM,2012,2,1,1,5,3,Wednesday,2012-02-01,14.54,14.54,13.8,13.8,230.0,1328054400.0,DOWNTREND
COM,2012,2,3,1,5,5,Friday,2012-02-03,14.49,14.49,13.11,13.11,50.0,1328227200.0,DOWNTREND
COM,2012,2,6,1,6,1,Monday,2012-02-06,12.52,12.56,12.52,12.52,1170.0,1328486400.0,SIDEWAY
COM,2012,2,7,1,6,2,Tuesday,2012-02-07,12.52,12.52,11.97,11.97,440.0,1328572800.0,DOWNTREND
COM,2012,2,8,1,6,3,Wednesday,2012-02-08,12.32,12.32,12.32,12.32,50.0,1328659200.0,SIDEWAY
COM,2012,2,9,1,6,4,Thursday,2012-02-09,12.91,12.91,12.91,12.91,20.0,1328745600.0,SIDEWAY
COM,2012,2,10,1,6,5,Friday,2012-02-10,13.3,13.3,13.3,13.3,120.0,1328832000.0,SIDEWAY
COM,2012,2,13,1,7,1,Monday,2012-02-13,13.3,13.3,12.76,12.76,220.0,1329091200.0,DOWNTREND
COM,2012,2,14,1,7,2,Tuesday,2012-02-14,12.66,12.66,12.66,12.66,20.0,1329177600.0,SIDEWAY
COM,2012,2,15,1,7,3,Wednesday,2012-02-15,12.07,12.66,12.07,12.66,560.0,1329264000.0,UPTREND
COM,2012,2,16,1,7,4,Thursday,2012-02-16,12.12,12.12,12.12,12.12,30.0,1329350400.0,SIDEWAY
COM,2012,2,17,1,7,5,Friday,2012-02-17,12.32,12.71,12.32,12.71,530.0,1329436800.0,UPTREND
COM,2012,2,20,1,8,1,Monday,2012-02-20,12.71,13.06,12.71,13.06,40.0,1329696000.0,UPTREND
COM,2012,2,21,1,8,2,Tuesday,2012-02-21,12.42,12.42,12.42,12.42,30.0,1329782400.0,SIDEWAY
COM,2012,2,22,1,8,3,Wednesday,2012-02-22,12.91,12.91,12.91,12.91,30.0,1329868800.0,SIDEWAY
COM,2012,2,23,1,8,4,Thursday,2012-02-23,12.56,13.4,12.27,13.4,550.0,1329955200.0,UPTREND
COM,2012,2,24,1,8,5,Friday,2012-02-24,13.4,13.4,13.4,13.4,10.0,1330041600.0,SIDEWAY
COM,2012,2,27,1,9,1,Monday,2012-02-27,12.76,12.76,12.76,12.76,30.0,1330300800.0,SIDEWAY
COM,2012,2,28,1,9,2,Tuesday,2012-02-28,12.76,13.01,12.76,13.01,540.0,1330387200.0,UPTREND
COM,2012,2,29,1,9,3,Wednesday,2012-02-29,12.37,13.01,12.37,12.37,200.0,1330473600.0,SIDEWAY
COM,2012,3,1,1,9,4,Thursday,2012-03-01,11.93,11.93,11.93,11.93,10.0,1330560000.0,SIDEWAY
COM,2012,3,2,1,9,5,Friday,2012-03-02,11.48,12.42,11.48,12.42,840.0,1330646400.0,UPTREND
COM,2012,3,5,1,10,1,Monday,2012-03-05,12.96,12.96,12.32,12.96,4840.0,1330905600.0,SIDEWAY
COM,2012,3,6,1,10,2,Tuesday,2012-03-06,13.45,13.45,13.45,13.45,30.0,1330992000.0,SIDEWAY
COM,2012,3,7,1,10,3,Wednesday,2012-03-07,13.45,13.8,13.3,13.3,150.0,1331078400.0,DOWNTREND
COM,2012,3,8,1,10,4,Thursday,2012-03-08,12.66,13.21,12.66,13.21,220.0,1331164800.0,UPTREND
COM,2012,3,9,1,10,5,Friday,2012-03-09,12.61,12.61,12.56,12.56,910.0,1331251200.0,DOWNTREND
COM,2012,3,12,1,11,1,Monday,2012-03-12,11.97,11.97,11.97,11.97,230.0,1331510400.0,SIDEWAY
COM,2012,3,13,1,11,2,Tuesday,2012-03-13,12.56,12.56,12.56,12.56,500.0,1331596800.0,SIDEWAY
COM,2012,3,14,1,11,3,Wednesday,2012-03-14,12.02,12.07,11.97,12.07,270.0,1331683200.0,UPTREND
COM,2012,3,15,1,11,4,Thursday,2012-03-15,12.07,12.07,12.07,12.07,220.0,1331769600.0,SIDEWAY
COM,2012,3,16,1,11,5,Friday,2012-03-16,11.88,11.88,11.88,11.88,30.0,1331856000.0,SIDEWAY
COM,2012,3,19,1,12,1,Monday,2012-03-19,11.48,12.32,11.48,12.07,470.0,1332115200.0,UPTREND
COM,2012,3,20,1,12,2,Tuesday,2012-03-20,12.32,12.32,12.32,12.32,200.0,1332201600.0,SIDEWAY
COM,2012,3,21,1,12,3,Wednesday,2012-03-21,12.42,12.42,12.42,12.42,20.0,1332288000.0,SIDEWAY
COM,2012,3,22,1,12,4,Thursday,2012-03-22,13.01,13.01,13.01,13.01,200.0,1332374400.0,SIDEWAY
COM,2012,3,23,1,12,5,Friday,2012-03-23,13.01,13.01,12.37,13.01,130.0,1332460800.0,SIDEWAY
COM,2012,3,26,1,13,1,Monday,2012-03-26,12.37,13.01,12.37,12.91,1570.0,1332720000.0,UPTREND
COM,2012,3,29,1,13,4,Thursday,2012-03-29,12.27,12.27,12.27,12.27,100.0,1332979200.0,SIDEWAY
COM,2012,3,30,1,13,5,Friday,2012-03-30,12.52,12.52,12.52,12.52,100.0,1333065600.0,SIDEWAY
COM,2012,4,3,2,14,2,Tuesday,2012-04-03,12.52,12.52,12.52,12.52,100.0,1333411200.0,SIDEWAY
COM,2012,4,4,2,14,3,Wednesday,2012-04-04,11.93,12.07,11.93,12.07,310.0,1333497600.0,UPTREND
COM,2012,4,5,2,14,4,Thursday,2012-04-05,12.07,12.07,12.07,12.07,50.0,1333584000.0,SIDEWAY
COM,2012,4,6,2,14,5,Friday,2012-04-06,12.27,12.27,11.53,11.53,400.0,1333670400.0,DOWNTREND
COM,2012,4,9,2,15,1,Monday,2012-04-09,11.53,11.83,11.53,11.83,590.0,1333929600.0,UPTREND
COM,2012,4,10,2,15,2,Tuesday,2012-04-10,11.78,11.78,11.23,11.23,1670.0,1334016000.0,DOWNTREND
COM,2012,4,11,2,15,3,Wednesday,2012-04-11,11.48,11.48,11.48,11.48,70.0,1334102400.0,SIDEWAY
COM,2012,4,12,2,15,4,Thursday,2012-04-12,12.02,12.02,12.02,12.02,450.0,1334188800.0,SIDEWAY
COM,2012,4,13,2,15,5,Friday,2012-04-13,11.43,11.43,11.43,11.43,270.0,1334275200.0,SIDEWAY
COM,2012,4,16,2,16,1,Monday,2012-04-16,11.63,11.83,11.63,11.83,370.0,1334534400.0,UPTREND
COM,2012,4,17,2,16,2,Tuesday,2012-04-17,11.83,12.32,11.83,12.32,70.0,1334620800.0,UPTREND
COM,2012,4,18,2,16,3,Wednesday,2012-04-18,11.73,12.07,11.73,11.73,710.0,1334707200.0,SIDEWAY
COM,2012,4,19,2,16,4,Thursday,2012-04-19,11.58,11.73,11.19,11.23,890.0,1334793600.0,DOWNTREND
COM,2012,4,20,2,16,5,Friday,2012-04-20,11.43,11.78,10.69,11.78,1430.0,1334880000.0,UPTREND
COM,2012,4,23,2,17,1,Monday,2012-04-23,12.32,12.32,12.32,12.32,1310.0,1335139200.0,SIDEWAY
COM,2012,4,24,2,17,2,Tuesday,2012-04-24,11.78,12.47,11.73,12.47,210.0,1335225600.0,UPTREND
COM,2012,4,25,2,17,3,Wednesday,2012-04-25,12.32,12.32,12.32,12.32,1000.0,1335312000.0,SIDEWAY
COM,2012,4,27,2,17,5,Friday,2012-04-27,11.73,12.32,11.73,12.32,690.0,1335484800.0,UPTREND
COM,2012,5,2,2,18,3,Wednesday,2012-05-02,12.32,12.32,11.83,11.83,200.0,1335916800.0,DOWNTREND
COM,2012,5,3,2,18,4,Thursday,2012-05-03,12.32,12.32,12.32,12.32,1310.0,1336003200.0,SIDEWAY
COM,2012,5,4,2,18,5,Friday,2012-05-04,12.07,12.07,12.07,12.07,10.0,1336089600.0,SIDEWAY
COM,2012,5,7,2,19,1,Monday,2012-05-07,12.07,12.07,12.07,12.07,10.0,1336348800.0,SIDEWAY
COM,2012,5,8,2,19,2,Tuesday,2012-05-08,11.83,11.83,11.48,11.83,1820.0,1336435200.0,SIDEWAY
COM,2012,5,9,2,19,3,Wednesday,2012-05-09,12.07,12.07,12.02,12.02,360.0,1336521600.0,DOWNTREND
COM,2012,5,11,2,19,5,Friday,2012-05-11,12.12,12.12,12.12,12.12,140.0,1336694400.0,SIDEWAY
COM,2012,5,14,2,20,1,Monday,2012-05-14,11.53,12.27,11.53,12.27,110.0,1336953600.0,UPTREND
COM,2012,5,15,2,20,2,Tuesday,2012-05-15,11.68,12.32,11.68,12.32,1030.0,1337040000.0,UPTREND
COM,2012,5,16,2,20,3,Wednesday,2012-05-16,12.32,12.32,12.22,12.32,3220.0,1337126400.0,SIDEWAY
COM,2012,5,17,2,20,4,Thursday,2012-05-17,12.32,12.32,12.27,12.27,1540.0,1337212800.0,DOWNTREND
COM,2012,5,18,2,20,5,Friday,2012-05-18,12.27,12.27,12.22,12.22,1700.0,1337299200.0,DOWNTREND
COM,2012,5,21,2,21,1,Monday,2012-05-21,12.22,12.37,12.22,12.37,3000.0,1337558400.0,UPTREND
COM,2012,5,22,2,21,2,Tuesday,2012-05-22,12.32,12.37,12.32,12.32,3670.0,1337644800.0,SIDEWAY
COM,2012,5,23,2,21,3,Wednesday,2012-05-23,12.32,12.91,12.32,12.81,3270.0,1337731200.0,UPTREND
COM,2012,5,24,2,21,4,Thursday,2012-05-24,13.26,13.26,13.26,13.26,30.0,1337817600.0,SIDEWAY
COM,2012,5,28,2,22,1,Monday,2012-05-28,13.26,13.26,13.11,13.11,690.0,1338163200.0,DOWNTREND
COM,2012,5,29,2,22,2,Tuesday,2012-05-29,13.11,13.21,13.06,13.21,4430.0,1338249600.0,UPTREND
COM,2012,5,30,2,22,3,Wednesday,2012-05-30,13.5,13.5,13.5,13.5,30.0,1338336000.0,SIDEWAY
COM,2012,5,31,2,22,4,Thursday,2012-05-31,13.06,13.8,13.06,13.8,2810.0,1338422400.0,UPTREND
COM,2012,6,1,2,22,5,Friday,2012-06-01,13.8,13.8,13.8,13.8,5050.0,1338508800.0,SIDEWAY
COM,2012,6,4,2,23,1,Monday,2012-06-04,14.19,14.19,13.11,13.11,520.0,1338768000.0,DOWNTREND
COM,2012,6,5,2,23,2,Tuesday,2012-06-05,13.55,13.55,13.55,13.55,20.0,1338854400.0,SIDEWAY
COM,2012,6,7,2,23,4,Thursday,2012-06-07,13.8,13.8,13.8,13.8,220.0,1339027200.0,SIDEWAY
COM,2012,6,8,2,23,5,Friday,2012-06-08,14.19,14.19,14.19,14.19,30.0,1339113600.0,SIDEWAY
COM,2012,6,11,2,24,1,Monday,2012-06-11,14.44,14.73,14.44,14.73,30.0,1339372800.0,UPTREND
COM,2012,6,13,2,24,3,Wednesday,2012-06-13,14.04,14.73,14.04,14.73,1520.0,1339545600.0,UPTREND
COM,2012,6,14,2,24,4,Thursday,2012-06-14,14.04,14.04,14.04,14.04,3860.0,1339632000.0,SIDEWAY
COM,2012,6,15,2,24,5,Friday,2012-06-15,14.73,14.73,14.04,14.68,40.0,1339718400.0,DOWNTREND
COM,2012,6,18,2,25,1,Monday,2012-06-18,13.99,13.99,13.99,13.99,1000.0,1339977600.0,SIDEWAY
COM,2012,6,19,2,25,2,Tuesday,2012-06-19,13.33,14.45,13.33,14.45,30.0,1340064000.0,UPTREND
COM,2012,6,20,2,25,3,Wednesday,2012-06-20,14.45,14.45,14.45,14.45,10860.0,1340150400.0,SIDEWAY
COM,2012,6,21,2,25,4,Thursday,2012-06-21,15.16,15.16,14.45,15.16,40.0,1340236800.0,SIDEWAY
COM,2012,6,22,2,25,5,Friday,2012-06-22,15.16,15.78,15.16,15.78,60.0,1340323200.0,UPTREND
COM,2012,6,26,2,26,2,Tuesday,2012-06-26,15.06,15.06,15.06,15.06,5000.0,1340668800.0,SIDEWAY
COM,2012,6,27,2,26,3,Wednesday,2012-06-27,14.4,14.4,14.4,14.4,210.0,1340755200.0,SIDEWAY
COM,2012,6,28,2,26,4,Thursday,2012-06-28,14.3,14.3,14.3,14.3,150.0,1340841600.0,SIDEWAY
COM,2012,7,3,3,27,2,Tuesday,2012-07-03,15.01,15.01,15.01,15.01,20.0,1341273600.0,SIDEWAY
COM,2012,7,4,3,27,3,Wednesday,2012-07-04,15.01,15.01,14.76,14.76,1810.0,1341360000.0,DOWNTREND
COM,2012,7,9,3,28,1,Monday,2012-07-09,15.01,15.01,15.01,15.01,10.0,1341792000.0,SIDEWAY
COM,2012,7,10,3,28,2,Tuesday,2012-07-10,15.72,15.72,14.5,14.5,5430.0,1341878400.0,DOWNTREND
COM,2012,7,11,3,28,3,Wednesday,2012-07-11,14.35,14.35,14.35,14.35,20.0,1341964800.0,SIDEWAY
COM,2012,7,12,3,28,4,Thursday,2012-07-12,14.96,14.96,14.96,14.96,10.0,1342051200.0,SIDEWAY
COM,2012,7,13,3,28,5,Friday,2012-07-13,15.16,15.16,15.16,15.16,10.0,1342137600.0,SIDEWAY
COM,2012,7,16,3,29,1,Monday,2012-07-16,14.76,14.76,14.55,14.55,420.0,1342396800.0,DOWNTREND
COM,2012,7,17,3,29,2,Tuesday,2012-07-17,14.55,14.91,14.55,14.91,140.0,1342483200.0,UPTREND
COM,2012,7,18,3,29,3,Wednesday,2012-07-18,14.55,14.55,14.55,14.55,10.0,1342569600.0,SIDEWAY
COM,2012,7,20,3,29,5,Friday,2012-07-20,14.61,14.61,14.61,14.61,310.0,1342742400.0,SIDEWAY
COM,2012,7,23,3,30,1,Monday,2012-07-23,14.55,14.55,14.5,14.5,240.0,1343001600.0,DOWNTREND
COM,2012,7,24,3,30,2,Tuesday,2012-07-24,14.45,14.5,14.25,14.5,240.0,1343088000.0,UPTREND
COM,2012,7,25,3,30,3,Wednesday,2012-07-25,14.25,14.25,14.04,14.04,1230.0,1343174400.0,DOWNTREND
COM,2012,7,26,3,30,4,Thursday,2012-07-26,14.25,14.25,14.25,14.25,10.0,1343260800.0,SIDEWAY
COM,2012,7,27,3,30,5,Friday,2012-07-27,13.99,14.66,13.74,14.66,7210.0,1343347200.0,UPTREND
COM,2012,7,30,3,31,1,Monday,2012-07-30,14.25,14.66,14.25,14.66,9500.0,1343606400.0,UPTREND
COM,2012,7,31,3,31,2,Tuesday,2012-07-31,14.66,14.76,14.55,14.66,13290.0,1343692800.0,SIDEWAY
COM,2012,8,1,3,31,3,Wednesday,2012-08-01,14.66,14.66,14.66,14.66,4510.0,1343779200.0,SIDEWAY
COM,2012,8,2,3,31,4,Thursday,2012-08-02,14.76,14.76,14.76,14.76,10.0,1343865600.0,SIDEWAY
COM,2012,8,6,3,32,1,Monday,2012-08-06,14.5,14.76,14.5,14.76,280.0,1344211200.0,UPTREND
COM,2012,8,7,3,32,2,Tuesday,2012-08-07,14.71,14.76,14.71,14.76,22970.0,1344297600.0,UPTREND
COM,2012,8,8,3,32,3,Wednesday,2012-08-08,14.76,14.76,14.61,14.76,6920.0,1344384000.0,SIDEWAY
COM,2012,8,9,3,32,4,Thursday,2012-08-09,14.61,14.76,14.5,14.76,23880.0,1344470400.0,UPTREND
COM,2012,8,10,3,32,5,Friday,2012-08-10,14.76,14.96,14.76,14.96,5710.0,1344556800.0,UPTREND
COM,2012,8,13,3,33,1,Monday,2012-08-13,14.91,15.01,14.81,14.91,480.0,1344816000.0,SIDEWAY
COM,2012,8,14,3,33,2,Tuesday,2012-08-14,14.96,15.16,14.76,15.16,15200.0,1344902400.0,UPTREND
COM,2012,8,15,3,33,3,Wednesday,2012-08-15,14.91,14.91,14.91,14.91,17000.0,1344988800.0,SIDEWAY
COM,2012,8,16,3,33,4,Thursday,2012-08-16,14.91,15.57,14.91,15.57,45600.0,1345075200.0,UPTREND
COM,2012,8,17,3,33,5,Friday,2012-08-17,15.11,15.57,15.11,15.22,350.0,1345161600.0,UPTREND
COM,2012,8,20,3,34,1,Monday,2012-08-20,15.93,15.93,15.93,15.93,10.0,1345420800.0,SIDEWAY
COM,2012,8,21,3,34,2,Tuesday,2012-08-21,16.03,16.03,16.03,16.03,10.0,1345507200.0,SIDEWAY
COM,2012,8,23,3,34,4,Thursday,2012-08-23,15.27,15.27,15.27,15.27,10.0,1345680000.0,SIDEWAY
COM,2012,8,24,3,34,5,Friday,2012-08-24,14.5,14.5,14.5,14.5,2990.0,1345766400.0,SIDEWAY
COM,2012,8,27,3,35,1,Monday,2012-08-27,13.79,15.06,13.79,15.06,2020.0,1346025600.0,UPTREND
COM,2012,8,28,3,35,2,Tuesday,2012-08-28,15.27,15.78,14.35,14.76,5480.0,1346112000.0,DOWNTREND
COM,2012,8,29,3,35,3,Wednesday,2012-08-29,14.5,15.37,14.5,15.37,1880.0,1346198400.0,UPTREND
COM,2012,8,30,3,35,4,Thursday,2012-08-30,14.76,14.76,14.61,14.61,1280.0,1346284800.0,DOWNTREND
COM,2012,8,31,3,35,5,Friday,2012-08-31,14.76,14.76,14.76,14.76,20.0,1346371200.0,SIDEWAY
COM,2012,9,6,3,36,4,Thursday,2012-09-06,14.1,14.1,14.1,14.1,30.0,1346889600.0,SIDEWAY
COM,2012,9,7,3,36,5,Friday,2012-09-07,14.1,14.5,14.1,14.5,2010.0,1346976000.0,UPTREND
COM,2012,9,10,3,37,1,Monday,2012-09-10,14.76,14.76,14.76,14.76,10.0,1347235200.0,SIDEWAY
COM,2012,9,11,3,37,2,Tuesday,2012-09-11,15.47,15.47,15.47,15.47,10.0,1347321600.0,SIDEWAY
COM,2012,9,14,3,37,5,Friday,2012-09-14,14.76,14.76,14.76,14.76,94660.0,1347580800.0,SIDEWAY
COM,2012,9,17,3,38,1,Monday,2012-09-17,14.76,15.16,14.55,14.76,22350.0,1347840000.0,SIDEWAY
COM,2012,9,19,3,38,3,Wednesday,2012-09-19,14.76,14.76,14.76,14.76,16450.0,1348012800.0,SIDEWAY
COM,2012,9,20,3,38,4,Thursday,2012-09-20,14.76,14.76,14.76,14.76,1540.0,1348099200.0,SIDEWAY
COM,2012,10,1,4,40,1,Monday,2012-10-01,14.34,14.34,14.34,14.34,50.0,1349049600.0,SIDEWAY
COM,2012,10,2,4,40,2,Tuesday,2012-10-02,14.6,14.6,14.6,14.6,10.0,1349136000.0,SIDEWAY
COM,2012,10,5,4,40,5,Friday,2012-10-05,14.86,14.86,14.86,14.86,10.0,1349395200.0,SIDEWAY
COM,2012,10,8,4,41,1,Monday,2012-10-08,14.6,14.6,14.13,14.13,90.0,1349654400.0,DOWNTREND
COM,2012,10,10,4,41,3,Wednesday,2012-10-10,13.92,13.92,13.92,13.92,200.0,1349827200.0,SIDEWAY
COM,2012,10,11,4,41,4,Thursday,2012-10-11,13.66,13.66,13.66,13.66,20.0,1349913600.0,SIDEWAY
COM,2012,10,12,4,41,5,Friday,2012-10-12,13.66,13.66,13.66,13.66,30.0,1350000000.0,SIDEWAY
COM,2012,10,16,4,42,2,Tuesday,2012-10-16,14.08,14.08,14.08,14.08,10.0,1350345600.0,SIDEWAY
COM,2012,10,24,4,43,3,Wednesday,2012-10-24,14.08,14.08,14.08,14.08,10.0,1351036800.0,SIDEWAY
COM,2012,10,25,4,43,4,Thursday,2012-10-25,14.08,14.08,14.08,14.08,5900.0,1351123200.0,SIDEWAY
COM,2012,10,26,4,43,5,Friday,2012-10-26,13.61,14.08,13.56,14.08,510.0,1351209600.0,UPTREND
COM,2012,10,29,4,44,1,Monday,2012-10-29,14.29,14.29,14.29,14.29,10.0,1351468800.0,SIDEWAY
COM,2012,10,30,4,44,2,Tuesday,2012-10-30,13.82,14.44,13.82,14.44,4960.0,1351555200.0,UPTREND
COM,2012,11,8,4,45,4,Thursday,2012-11-08,14.08,14.08,14.08,14.08,10.0,1352332800.0,SIDEWAY
COM,2012,11,13,4,46,2,Tuesday,2012-11-13,13.82,14.08,13.82,14.08,110.0,1352764800.0,UPTREND
COM,2012,11,15,4,46,4,Thursday,2012-11-15,14.08,14.08,14.08,14.08,6360.0,1352937600.0,SIDEWAY
COM,2012,11,16,4,46,5,Friday,2012-11-16,14.08,14.08,14.08,14.08,1000.0,1353024000.0,SIDEWAY
COM,2012,11,19,4,47,1,Monday,2012-11-19,14.08,14.08,14.08,14.08,80.0,1353283200.0,SIDEWAY
COM,2012,11,21,4,47,3,Wednesday,2012-11-21,14.08,14.08,14.08,14.08,2000.0,1353456000.0,SIDEWAY
COM,2012,11,22,4,47,4,Thursday,2012-11-22,14.08,14.08,14.08,14.08,350.0,1353542400.0,SIDEWAY
COM,2012,11,23,4,47,5,Friday,2012-11-23,14.08,14.08,14.08,14.08,370.0,1353628800.0,SIDEWAY
COM,2012,11,26,4,48,1,Monday,2012-11-26,13.82,14.18,13.82,14.18,210.0,1353888000.0,UPTREND
COM,2012,11,28,4,48,3,Wednesday,2012-11-28,14.08,14.08,14.08,14.08,9000.0,1354060800.0,SIDEWAY
COM,2012,12,5,4,49,3,Wednesday,2012-12-05,14.08,14.08,14.08,14.08,220.0,1354665600.0,SIDEWAY
COM,2012,12,6,4,49,4,Thursday,2012-12-06,14.08,14.08,14.08,14.08,3500.0,1354752000.0,SIDEWAY
COM,2012,12,7,4,49,5,Friday,2012-12-07,14.08,14.08,14.08,14.08,2850.0,1354838400.0,SIDEWAY
COM,2012,12,10,4,50,1,Monday,2012-12-10,14.08,14.08,14.08,14.08,150.0,1355097600.0,SIDEWAY
COM,2012,12,11,4,50,2,Tuesday,2012-12-11,13.4,13.4,13.4,13.4,600.0,1355184000.0,SIDEWAY
COM,2012,12,14,4,50,5,Friday,2012-12-14,13.92,13.92,13.92,13.92,10.0,1355443200.0,SIDEWAY
COM,2012,12,19,4,51,3,Wednesday,2012-12-19,14.5,14.5,14.5,14.5,10.0,1355875200.0,SIDEWAY
COM,2012,12,21,4,51,5,Friday,2012-12-21,15.12,15.12,15.12,15.12,10.0,1356048000.0,SIDEWAY
COM,2012,12,24,4,52,1,Monday,2012-12-24,14.6,15.64,14.6,15.64,320.0,1356307200.0,UPTREND
COM,2012,12,28,4,52,5,Friday,2012-12-28,14.86,14.86,14.86,14.86,100.0,1356652800.0,SIDEWAY
COM,2013,1,2,1,1,3,Wednesday,2013-01-02,14.86,14.86,14.39,14.86,610.0,1357084800.0,SIDEWAY
COM,2013,1,3,1,1,4,Thursday,2013-01-03,14.34,14.34,14.34,14.34,100.0,1357171200.0,SIDEWAY
COM,2013,1,4,1,1,5,Friday,2013-01-04,14.08,14.08,14.08,14.08,200.0,1357257600.0,SIDEWAY
COM,2013,1,8,1,2,2,Tuesday,2013-01-08,13.56,14.34,13.56,14.34,1210.0,1357603200.0,UPTREND
COM,2013,1,10,1,2,4,Thursday,2013-01-10,13.71,13.71,13.71,13.71,40.0,1357776000.0,SIDEWAY
COM,2013,1,11,1,2,5,Friday,2013-01-11,13.71,14.08,13.71,14.08,510.0,1357862400.0,UPTREND
COM,2013,1,14,1,3,1,Monday,2013-01-14,14.08,14.08,14.08,14.08,600.0,1358121600.0,SIDEWAY
COM,2013,1,16,1,3,3,Wednesday,2013-01-16,14.08,14.08,13.56,13.56,600.0,1358294400.0,DOWNTREND
COM,2013,1,17,1,3,4,Thursday,2013-01-17,13.04,14.5,13.04,14.5,1010.0,1358380800.0,UPTREND
COM,2013,1,18,1,3,5,Friday,2013-01-18,13.56,14.6,13.56,14.6,980.0,1358467200.0,UPTREND
COM,2013,1,23,1,4,3,Wednesday,2013-01-23,14.71,14.71,14.71,14.71,100.0,1358899200.0,SIDEWAY
COM,2013,1,24,1,4,4,Thursday,2013-01-24,14.76,14.81,14.71,14.81,7490.0,1358985600.0,UPTREND
COM,2013,1,25,1,4,5,Friday,2013-01-25,15.12,15.12,15.12,15.12,30.0,1359072000.0,SIDEWAY
COM,2013,1,28,1,5,1,Monday,2013-01-28,15.75,15.75,15.75,15.75,20.0,1359331200.0,SIDEWAY
COM,2013,2,1,1,5,5,Friday,2013-02-01,16.16,16.16,16.16,16.16,20.0,1359676800.0,SIDEWAY
COM,2013,2,6,1,6,3,Wednesday,2013-02-06,16.69,16.69,16.69,16.69,100.0,1360108800.0,SIDEWAY
COM,2013,2,18,1,8,1,Monday,2013-02-18,16.69,17.83,16.69,17.83,50.0,1361145600.0,UPTREND
COM,2013,2,19,1,8,2,Tuesday,2013-02-19,17.21,17.21,17.21,17.21,20.0,1361232000.0,SIDEWAY
COM,2013,2,20,1,8,3,Wednesday,2013-02-20,16.69,17.26,16.01,17.26,170.0,1361318400.0,UPTREND
COM,2013,2,21,1,8,4,Thursday,2013-02-21,17.21,17.21,16.69,16.69,40.0,1361404800.0,DOWNTREND
COM,2013,2,22,1,8,5,Friday,2013-02-22,15.54,15.59,15.54,15.54,390.0,1361491200.0,SIDEWAY
COM,2013,2,25,1,9,1,Monday,2013-02-25,15.91,15.91,15.91,15.91,20.0,1361750400.0,SIDEWAY
COM,2013,2,26,1,9,2,Tuesday,2013-02-26,16.44,16.44,16.44,16.44,20.0,1361836800.0,SIDEWAY
COM,2013,3,5,1,10,2,Tuesday,2013-03-05,15.33,16.18,15.33,15.49,15490.0,1362441600.0,UPTREND
COM,2013,3,6,1,10,3,Wednesday,2013-03-06,15.8,15.8,15.8,15.8,1000.0,1362528000.0,SIDEWAY
COM,2013,3,8,1,10,5,Friday,2013-03-08,16.86,16.86,16.86,16.86,1190.0,1362700800.0,SIDEWAY
COM,2013,3,13,1,11,3,Wednesday,2013-03-13,16.49,16.71,15.7,16.71,50.0,1363132800.0,UPTREND
COM,2013,3,14,1,11,4,Thursday,2013-03-14,15.54,15.54,15.54,15.54,600.0,1363219200.0,SIDEWAY
COM,2013,3,18,1,12,1,Monday,2013-03-18,15.65,16.71,15.65,16.71,8190.0,1363564800.0,UPTREND
COM,2013,3,19,1,12,2,Tuesday,2013-03-19,15.65,15.8,15.65,15.8,910.0,1363651200.0,UPTREND
COM,2013,3,20,1,12,3,Wednesday,2013-03-20,16.39,16.71,16.39,16.71,6810.0,1363737600.0,UPTREND
COM,2013,3,21,1,12,4,Thursday,2013-03-21,15.65,17.29,15.65,17.29,890.0,1363824000.0,UPTREND
COM,2013,3,25,1,13,1,Monday,2013-03-25,16.18,16.18,16.12,16.12,15900.0,1364169600.0,DOWNTREND
COM,2013,3,26,1,13,2,Tuesday,2013-03-26,16.71,16.71,16.71,16.71,500.0,1364256000.0,SIDEWAY
COM,2013,3,27,1,13,3,Wednesday,2013-03-27,15.91,15.91,15.91,15.91,580.0,1364342400.0,SIDEWAY
COM,2013,3,28,1,13,4,Thursday,2013-03-28,15.91,15.91,15.65,15.65,1350.0,1364428800.0,DOWNTREND
COM,2013,3,29,1,13,5,Friday,2013-03-29,15.38,15.96,15.38,15.96,330.0,1364515200.0,UPTREND
COM,2013,4,1,2,14,1,Monday,2013-04-01,15.65,15.65,15.65,15.65,1000.0,1364774400.0,SIDEWAY
COM,2013,4,2,2,14,2,Tuesday,2013-04-02,15.7,15.91,15.7,15.91,4030.0,1364860800.0,UPTREND
COM,2013,4,3,2,14,3,Wednesday,2013-04-03,15.7,15.8,15.7,15.8,6300.0,1364947200.0,UPTREND
COM,2013,4,4,2,14,4,Thursday,2013-04-04,15.8,15.8,15.75,15.75,3500.0,1365033600.0,DOWNTREND
COM,2013,4,5,2,14,5,Friday,2013-04-05,15.8,15.8,15.8,15.8,510.0,1365120000.0,SIDEWAY
COM,2013,4,9,2,15,2,Tuesday,2013-04-09,15.8,15.8,15.8,15.8,50.0,1365465600.0,SIDEWAY
COM,2013,4,11,2,15,4,Thursday,2013-04-11,15.8,15.8,15.8,15.8,110.0,1365638400.0,SIDEWAY
COM,2013,4,12,2,15,5,Friday,2013-04-12,15.38,15.8,15.38,15.8,4870.0,1365724800.0,UPTREND
COM,2013,4,15,2,16,1,Monday,2013-04-15,16.18,16.18,16.18,16.18,11160.0,1365984000.0,SIDEWAY
COM,2013,4,17,2,16,3,Wednesday,2013-04-17,15.06,15.06,15.06,15.06,10.0,1366156800.0,SIDEWAY
COM,2013,5,2,2,18,4,Thursday,2013-05-02,15.06,15.06,15.06,15.06,10.0,1367452800.0,SIDEWAY
COM,2013,5,6,2,19,1,Monday,2013-05-06,15.91,15.91,15.91,15.91,10.0,1367798400.0,SIDEWAY
COM,2013,5,8,2,19,3,Wednesday,2013-05-08,14.85,14.85,14.85,14.85,2000.0,1367971200.0,SIDEWAY
COM,2013,5,9,2,19,4,Thursday,2013-05-09,14.74,15.86,14.64,15.86,730.0,1368057600.0,UPTREND
COM,2013,5,10,2,19,5,Friday,2013-05-10,16.92,16.92,16.92,16.92,10.0,1368144000.0,SIDEWAY
COM,2013,5,16,2,20,4,Thursday,2013-05-16,18.03,18.03,18.03,18.03,10.0,1368662400.0,SIDEWAY
COM,2013,5,22,2,21,3,Wednesday,2013-05-22,16.81,16.81,16.81,16.81,10.0,1369180800.0,SIDEWAY
COM,2013,5,23,2,21,4,Thursday,2013-05-23,15.65,15.65,15.65,15.65,10.0,1369267200.0,SIDEWAY
COM,2013,5,24,2,21,5,Friday,2013-05-24,14.64,14.69,14.64,14.64,2080.0,1369353600.0,SIDEWAY
COM,2013,5,27,2,22,1,Monday,2013-05-27,14.59,14.85,14.59,14.85,2030.0,1369612800.0,UPTREND
COM,2013,5,28,2,22,2,Tuesday,2013-05-28,13.84,15.86,13.84,15.86,250.0,1369699200.0,UPTREND
COM,2013,5,29,2,22,3,Wednesday,2013-05-29,14.8,16.71,14.8,16.71,630.0,1369785600.0,UPTREND
COM,2013,5,30,2,22,4,Thursday,2013-05-30,16.44,16.44,16.44,16.44,90.0,1369872000.0,SIDEWAY
COM,2013,5,31,2,22,5,Friday,2013-05-31,15.33,15.33,15.33,15.33,100.0,1369958400.0,SIDEWAY
COM,2013,6,4,2,23,2,Tuesday,2013-06-04,15.91,15.91,15.91,15.91,10.0,1370304000.0,SIDEWAY
COM,2013,6,5,2,23,3,Wednesday,2013-06-05,16.44,16.44,14.85,16.44,120.0,1370390400.0,SIDEWAY
COM,2013,6,10,2,24,1,Monday,2013-06-10,15.38,15.38,15.38,15.38,80.0,1370822400.0,SIDEWAY
COM,2013,6,11,2,24,2,Tuesday,2013-06-11,14.32,14.32,14.32,14.32,10.0,1370908800.0,SIDEWAY
COM,2013,6,12,2,24,3,Wednesday,2013-06-12,14.32,14.32,14.32,14.32,1030.0,1370995200.0,SIDEWAY
COM,2013,6,14,2,24,5,Friday,2013-06-14,15.27,15.27,15.27,15.27,10.0,1371168000.0,SIDEWAY
COM,2013,6,18,2,25,2,Tuesday,2013-06-18,15.65,15.65,15.65,15.65,10.0,1371513600.0,SIDEWAY
COM,2013,6,20,2,25,4,Thursday,2013-06-20,14.64,14.64,14.64,14.64,1420.0,1371686400.0,SIDEWAY
COM,2013,6,24,2,26,1,Monday,2013-06-24,13.79,13.79,13.79,13.79,30.0,1372032000.0,SIDEWAY
COM,2013,6,25,2,26,2,Tuesday,2013-06-25,12.89,12.89,12.89,12.89,10.0,1372118400.0,SIDEWAY
COM,2013,6,26,2,26,3,Wednesday,2013-06-26,13.79,13.79,13.79,13.79,10.0,1372204800.0,SIDEWAY
COM,2013,6,27,2,26,4,Thursday,2013-06-27,14.74,14.74,14.74,14.74,30.0,1372291200.0,SIDEWAY
COM,2013,6,28,2,26,5,Friday,2013-06-28,13.74,13.74,13.74,13.74,70.0,1372377600.0,SIDEWAY
COM,2013,7,1,3,27,1,Monday,2013-07-01,14.69,14.69,12.78,12.78,220.0,1372636800.0,DOWNTREND
COM,2013,7,4,3,27,4,Thursday,2013-07-04,13.63,13.63,13.63,13.63,480.0,1372896000.0,SIDEWAY
COM,2013,7,5,3,27,5,Friday,2013-07-05,14.53,14.53,14.53,14.53,20.0,1372982400.0,SIDEWAY
COM,2013,7,10,3,28,3,Wednesday,2013-07-10,15.49,15.54,15.49,15.54,70.0,1373414400.0,UPTREND
COM,2013,7,11,3,28,4,Thursday,2013-07-11,15.54,16.6,15.54,16.6,160.0,1373500800.0,UPTREND
COM,2013,7,15,3,29,1,Monday,2013-07-15,16.6,16.6,16.6,16.6,140.0,1373846400.0,SIDEWAY
COM,2013,7,18,3,29,4,Thursday,2013-07-18,15.65,15.65,15.65,15.65,1000.0,1374105600.0,SIDEWAY
COM,2013,7,23,3,30,2,Tuesday,2013-07-23,14.85,15.33,14.85,15.33,110.0,1374537600.0,UPTREND
COM,2013,7,24,3,30,3,Wednesday,2013-07-24,14.59,14.59,14.59,14.59,40.0,1374624000.0,SIDEWAY
COM,2013,7,25,3,30,4,Thursday,2013-07-25,13.79,13.79,13.79,13.79,190.0,1374710400.0,SIDEWAY
COM,2013,7,30,3,31,2,Tuesday,2013-07-30,13.05,13.05,13.05,13.05,10.0,1375142400.0,SIDEWAY
COM,2013,8,6,3,32,2,Tuesday,2013-08-06,13.95,13.95,12.14,12.14,400.0,1375747200.0,DOWNTREND
COM,2013,8,9,3,32,5,Friday,2013-08-09,12.99,12.99,12.99,12.99,160.0,1376006400.0,SIDEWAY
COM,2013,8,12,3,33,1,Monday,2013-08-12,13.77,13.77,13.77,13.77,50.0,1376265600.0,SIDEWAY
COM,2013,8,13,3,33,2,Tuesday,2013-08-13,14.38,14.38,14.38,14.38,10.0,1376352000.0,SIDEWAY
COM,2013,8,14,3,33,3,Wednesday,2013-08-14,13.55,14.38,13.55,14.38,20.0,1376438400.0,UPTREND
COM,2013,8,15,3,33,4,Thursday,2013-08-15,14.65,14.65,14.65,14.65,10.0,1376524800.0,SIDEWAY
COM,2013,8,19,3,34,1,Monday,2013-08-19,14.27,14.38,14.27,14.38,220.0,1376870400.0,UPTREND
COM,2013,8,21,3,34,3,Wednesday,2013-08-21,15.37,15.37,15.37,15.37,10.0,1377043200.0,SIDEWAY
COM,2013,8,26,3,35,1,Monday,2013-08-26,14.32,14.32,14.32,14.32,6000.0,1377475200.0,SIDEWAY
COM,2013,8,27,3,35,2,Tuesday,2013-08-27,14.93,14.93,14.93,14.93,1000.0,1377561600.0,SIDEWAY
COM,2013,8,29,3,35,4,Thursday,2013-08-29,13.93,13.93,13.93,13.93,1030.0,1377734400.0,SIDEWAY
COM,2013,8,30,3,35,5,Friday,2013-08-30,14.38,14.87,14.38,14.87,330.0,1377820800.0,UPTREND
COM,2013,9,4,3,36,3,Wednesday,2013-09-04,14.93,14.93,14.93,14.93,2850.0,1378252800.0,SIDEWAY
COM,2013,9,9,3,37,1,Monday,2013-09-09,15.92,15.92,15.92,15.92,10.0,1378684800.0,SIDEWAY
COM,2013,9,13,3,37,5,Friday,2013-09-13,14.93,14.93,14.93,14.93,250.0,1379030400.0,SIDEWAY
COM,2013,9,16,3,38,1,Monday,2013-09-16,13.93,14.93,13.93,14.93,360.0,1379289600.0,UPTREND
COM,2013,9,23,3,39,1,Monday,2013-09-23,15.92,15.92,15.92,15.92,10.0,1379894400.0,SIDEWAY
COM,2013,9,24,3,39,2,Tuesday,2013-09-24,14.82,14.93,14.82,14.93,1250.0,1379980800.0,UPTREND
COM,2013,9,30,3,40,1,Monday,2013-09-30,15.48,15.48,15.48,15.48,10.0,1380499200.0,SIDEWAY
COM,2013,10,1,4,40,2,Tuesday,2013-10-01,15.76,15.76,15.76,15.76,10.0,1380585600.0,SIDEWAY
COM,2013,10,3,4,40,4,Thursday,2013-10-03,15.48,15.48,15.48,15.48,100.0,1380758400.0,SIDEWAY
COM,2013,10,7,4,41,1,Monday,2013-10-07,14.43,15.48,14.43,15.48,740.0,1381104000.0,UPTREND
COM,2013,10,11,4,41,5,Friday,2013-10-11,15.21,15.26,15.21,15.21,410.0,1381449600.0,SIDEWAY
COM,2013,10,18,4,42,5,Friday,2013-10-18,14.15,14.15,14.15,14.15,500.0,1382054400.0,SIDEWAY
COM,2013,10,22,4,43,2,Tuesday,2013-10-22,13.38,13.38,13.38,13.38,930.0,1382400000.0,SIDEWAY
COM,2013,10,23,4,43,3,Wednesday,2013-10-23,13.27,13.27,12.5,12.5,1720.0,1382486400.0,DOWNTREND
COM,2013,10,25,4,43,5,Friday,2013-10-25,13.32,13.32,13.32,13.32,920.0,1382659200.0,SIDEWAY
COM,2013,10,28,4,44,1,Monday,2013-10-28,13.82,13.82,12.77,12.77,870.0,1382918400.0,DOWNTREND
COM,2013,10,29,4,44,2,Tuesday,2013-10-29,13.27,13.27,12.88,12.88,1020.0,1383004800.0,DOWNTREND
COM,2013,11,5,4,45,2,Tuesday,2013-11-05,12.72,12.72,12.72,12.72,20.0,1383609600.0,SIDEWAY
COM,2013,11,7,4,45,4,Thursday,2013-11-07,13.55,13.55,13.55,13.55,20.0,1383782400.0,SIDEWAY
COM,2013,11,8,4,45,5,Friday,2013-11-08,14.49,14.49,14.49,14.49,10.0,1383868800.0,SIDEWAY
COM,2013,11,11,4,46,1,Monday,2013-11-11,15.43,15.48,15.43,15.48,70.0,1384128000.0,UPTREND
COM,2013,11,12,4,46,2,Tuesday,2013-11-12,16.04,16.31,16.04,16.04,160530.0,1384214400.0,SIDEWAY
COM,2013,11,13,4,46,3,Wednesday,2013-11-13,14.93,16.59,14.93,16.59,8620.0,1384300800.0,UPTREND
COM,2013,11,18,4,47,1,Monday,2013-11-18,16.04,16.04,16.04,16.04,4360.0,1384732800.0,SIDEWAY
COM,2013,11,22,4,47,5,Friday,2013-11-22,15.48,15.48,15.48,15.48,9080.0,1385078400.0,SIDEWAY
COM,2013,11,26,4,48,2,Tuesday,2013-11-26,14.43,14.43,14.43,14.43,420.0,1385424000.0,SIDEWAY
COM,2013,12,3,4,49,2,Tuesday,2013-12-03,13.49,15.21,13.49,13.49,230.0,1386028800.0,SIDEWAY
COM,2013,12,4,4,49,3,Wednesday,2013-12-04,14.43,14.43,12.88,14.43,30.0,1386115200.0,SIDEWAY
COM,2013,12,5,4,49,4,Thursday,2013-12-05,14.38,14.38,14.38,14.38,1010.0,1386201600.0,SIDEWAY
COM,2013,12,6,4,49,5,Friday,2013-12-06,14.93,14.93,14.93,14.93,1000.0,1386288000.0,SIDEWAY
COM,2013,12,9,4,50,1,Monday,2013-12-09,15.43,15.48,15.43,15.48,20.0,1386547200.0,UPTREND
COM,2013,12,10,4,50,2,Tuesday,2013-12-10,16.04,16.53,15.92,15.92,54430.0,1386633600.0,DOWNTREND
COM,2013,12,11,4,50,3,Wednesday,2013-12-11,16.31,16.59,16.31,16.59,38640.0,1386720000.0,UPTREND
COM,2013,12,16,4,51,1,Monday,2013-12-16,16.86,17.14,16.86,17.14,1000.0,1387152000.0,UPTREND
COM,2013,12,23,4,52,1,Monday,2013-12-23,15.98,15.98,15.98,15.98,10.0,1387756800.0,SIDEWAY
COM,2013,12,26,4,52,4,Thursday,2013-12-26,16.04,16.04,16.04,16.04,1830.0,1388016000.0,SIDEWAY
COM,2013,12,27,4,52,5,Friday,2013-12-27,15.48,15.48,15.48,15.48,190.0,1388102400.0,SIDEWAY
COM,2013,12,30,4,1,1,Monday,2013-12-30,15.48,15.48,15.48,15.48,10.0,1388361600.0,SIDEWAY
COM,2013,12,31,4,1,2,Tuesday,2013-12-31,14.93,14.93,14.93,14.93,290.0,1388448000.0,SIDEWAY
COM,2014,1,2,1,1,4,Thursday,2014-01-02,15.92,15.92,15.92,15.92,10.0,1388620800.0,SIDEWAY
COM,2014,1,8,1,2,3,Wednesday,2014-01-08,15.92,15.92,15.92,15.92,480.0,1389139200.0,SIDEWAY
COM,2014,1,13,1,3,1,Monday,2014-01-13,14.82,14.82,14.82,14.82,10.0,1389571200.0,SIDEWAY
COM,2014,1,21,1,4,2,Tuesday,2014-01-21,13.82,14.93,13.82,14.93,70.0,1390262400.0,UPTREND
COM,2014,1,22,1,4,3,Wednesday,2014-01-22,14.93,14.93,14.93,14.93,3000.0,1390348800.0,SIDEWAY
COM,2014,1,24,1,4,5,Friday,2014-01-24,14.93,14.93,14.93,14.93,50.0,1390521600.0,SIDEWAY
COM,2014,2,10,1,7,1,Monday,2014-02-10,14.93,15.92,14.93,15.92,1080.0,1391990400.0,UPTREND
COM,2014,2,12,1,7,3,Wednesday,2014-02-12,14.82,15.54,14.82,15.54,30.0,1392163200.0,UPTREND
COM,2014,2,13,1,7,4,Thursday,2014-02-13,15.59,15.59,15.59,15.59,10.0,1392249600.0,SIDEWAY
COM,2014,2,14,1,7,5,Friday,2014-02-14,15.65,15.65,15.65,15.65,10.0,1392336000.0,SIDEWAY
COM,2014,2,17,1,8,1,Monday,2014-02-17,16.7,16.7,16.7,16.7,10.0,1392595200.0,SIDEWAY
COM,2014,2,18,1,8,2,Tuesday,2014-02-18,15.54,16.59,15.54,15.54,1290.0,1392681600.0,SIDEWAY
COM,2014,2,19,1,8,3,Wednesday,2014-02-19,15.48,15.48,15.48,15.48,10.0,1392768000.0,SIDEWAY
COM,2014,2,21,1,8,5,Friday,2014-02-21,15.48,15.48,15.48,15.48,4170.0,1392940800.0,SIDEWAY
COM,2014,2,24,1,9,1,Monday,2014-02-24,15.48,15.48,15.48,15.48,310.0,1393200000.0,SIDEWAY
COM,2014,2,25,1,9,2,Tuesday,2014-02-25,15.48,15.98,15.48,15.98,970.0,1393286400.0,UPTREND
COM,2014,2,26,1,9,3,Wednesday,2014-02-26,14.93,14.93,14.87,14.87,130.0,1393372800.0,DOWNTREND
COM,2014,2,27,1,9,4,Thursday,2014-02-27,15.76,15.81,15.76,15.81,810.0,1393459200.0,UPTREND
COM,2014,2,28,1,9,5,Friday,2014-02-28,16.37,16.37,16.37,16.37,10.0,1393545600.0,SIDEWAY
COM,2014,3,3,1,10,1,Monday,2014-03-03,17.09,17.09,16.37,17.09,2750.0,1393804800.0,SIDEWAY
COM,2014,3,4,1,10,2,Tuesday,2014-03-04,17.14,17.14,16.59,17.14,250.0,1393891200.0,SIDEWAY
COM,2014,3,5,1,10,3,Wednesday,2014-03-05,17.64,17.64,17.14,17.14,140.0,1393977600.0,DOWNTREND
COM,2014,3,6,1,10,4,Thursday,2014-03-06,16.59,17.25,16.59,17.25,40.0,1394064000.0,UPTREND
COM,2014,3,7,1,10,5,Friday,2014-03-07,16.91,18.43,16.91,18.04,5260.0,1394150400.0,UPTREND
COM,2014,3,10,1,11,1,Monday,2014-03-10,18.04,18.6,18.04,18.04,5100.0,1394409600.0,SIDEWAY
COM,2014,3,11,1,11,2,Tuesday,2014-03-11,18.83,18.83,16.8,18.77,320.0,1394496000.0,DOWNTREND
COM,2014,3,12,1,11,3,Wednesday,2014-03-12,20.07,20.07,17.59,19.17,1110.0,1394582400.0,DOWNTREND
COM,2014,3,13,1,11,4,Thursday,2014-03-13,19.45,19.73,19.11,19.11,150.0,1394668800.0,DOWNTREND
COM,2014,3,14,1,11,5,Friday,2014-03-14,19.73,19.73,19.17,19.17,1190.0,1394755200.0,DOWNTREND
COM,2014,3,18,1,12,2,Tuesday,2014-03-18,19.17,19.34,18.6,18.66,1370.0,1395100800.0,DOWNTREND
COM,2014,3,19,1,12,3,Wednesday,2014-03-19,18.04,18.6,18.04,18.6,1810.0,1395187200.0,UPTREND
COM,2014,3,20,1,12,4,Thursday,2014-03-20,18.6,18.6,17.48,18.6,1390.0,1395273600.0,SIDEWAY
COM,2014,3,21,1,12,5,Friday,2014-03-21,18.6,18.6,18.6,18.6,5350.0,1395360000.0,SIDEWAY
COM,2014,3,24,1,13,1,Monday,2014-03-24,18.6,18.72,18.6,18.72,70.0,1395619200.0,UPTREND
COM,2014,3,25,1,13,2,Tuesday,2014-03-25,19.73,19.73,18.72,18.72,4610.0,1395705600.0,DOWNTREND
COM,2014,3,26,1,13,3,Wednesday,2014-03-26,19.73,19.79,19.73,19.73,440.0,1395792000.0,SIDEWAY
COM,2014,3,27,1,13,4,Thursday,2014-03-27,19.73,19.73,19.73,19.73,920.0,1395878400.0,SIDEWAY
COM,2014,4,3,2,14,4,Thursday,2014-04-03,18.6,18.6,18.6,18.6,18510.0,1396483200.0,SIDEWAY
COM,2014,4,4,2,14,5,Friday,2014-04-04,17.31,19.17,17.31,19.17,1050.0,1396569600.0,UPTREND
COM,2014,4,10,2,15,4,Thursday,2014-04-10,19.17,19.17,19.17,19.17,2500.0,1397088000.0,SIDEWAY
COM,2014,4,11,2,15,5,Friday,2014-04-11,19.17,19.17,19.17,19.17,200.0,1397174400.0,SIDEWAY
COM,2014,4,18,2,16,5,Friday,2014-04-18,19.17,19.17,18.6,18.6,1510.0,1397779200.0,DOWNTREND
COM,2014,4,21,2,17,1,Monday,2014-04-21,19.17,19.17,19.17,19.17,50.0,1398038400.0,SIDEWAY
COM,2014,4,22,2,17,2,Tuesday,2014-04-22,19.17,19.17,17.87,19.17,20.0,1398124800.0,SIDEWAY
COM,2014,4,23,2,17,3,Wednesday,2014-04-23,18.89,18.89,18.89,18.89,1700.0,1398211200.0,SIDEWAY
COM,2014,4,24,2,17,4,Thursday,2014-04-24,18.6,18.6,18.6,18.6,370.0,1398297600.0,SIDEWAY
COM,2014,4,25,2,17,5,Friday,2014-04-25,18.89,18.89,18.89,18.89,90.0,1398384000.0,SIDEWAY
COM,2014,4,28,2,18,1,Monday,2014-04-28,18.89,18.89,18.89,18.89,1200.0,1398643200.0,SIDEWAY
COM,2014,4,29,2,18,2,Tuesday,2014-04-29,18.89,18.89,18.89,18.89,820.0,1398729600.0,SIDEWAY
COM,2014,5,6,2,19,2,Tuesday,2014-05-06,18.6,18.6,18.6,18.6,1500.0,1399334400.0,SIDEWAY
COM,2014,5,7,2,19,3,Wednesday,2014-05-07,18.6,18.6,18.6,18.6,4130.0,1399420800.0,SIDEWAY
COM,2014,5,9,2,19,5,Friday,2014-05-09,18.32,18.32,18.32,18.32,10.0,1399593600.0,SIDEWAY
COM,2014,5,15,2,20,4,Thursday,2014-05-15,18.04,18.04,18.04,18.04,100.0,1400112000.0,SIDEWAY
COM,2014,5,21,2,21,3,Wednesday,2014-05-21,18.6,18.6,18.6,18.6,200.0,1400630400.0,SIDEWAY
COM,2014,5,22,2,21,4,Thursday,2014-05-22,18.04,18.04,18.04,18.04,1090.0,1400716800.0,SIDEWAY
COM,2014,5,23,2,21,5,Friday,2014-05-23,18.04,18.04,18.04,18.04,700.0,1400803200.0,SIDEWAY
COM,2014,5,27,2,22,2,Tuesday,2014-05-27,18.04,18.04,18.04,18.04,20.0,1401148800.0,SIDEWAY
COM,2014,5,28,2,22,3,Wednesday,2014-05-28,18.04,18.04,18.04,18.04,60.0,1401235200.0,SIDEWAY
COM,2014,6,2,2,23,1,Monday,2014-06-02,18.04,18.04,18.04,18.04,2500.0,1401667200.0,SIDEWAY
COM,2014,6,5,2,23,4,Thursday,2014-06-05,19.17,19.17,18.04,18.04,510.0,1401926400.0,DOWNTREND
COM,2014,6,12,2,24,4,Thursday,2014-06-12,18.04,18.04,16.91,16.91,1850.0,1402531200.0,DOWNTREND
COM,2014,6,26,2,26,4,Thursday,2014-06-26,18.1,18.1,18.1,18.1,10.0,1403740800.0,SIDEWAY
COM,2014,7,2,3,27,3,Wednesday,2014-07-02,18.6,18.6,18.6,18.6,300.0,1404259200.0,SIDEWAY
COM,2014,7,3,3,27,4,Thursday,2014-07-03,19.73,19.73,19.73,19.73,10.0,1404345600.0,SIDEWAY
COM,2014,7,4,3,27,5,Friday,2014-07-04,18.38,18.38,18.38,18.38,10.0,1404432000.0,SIDEWAY
COM,2014,7,7,3,28,1,Monday,2014-07-07,17.14,17.14,17.14,17.14,10.0,1404691200.0,SIDEWAY
COM,2014,7,8,3,28,2,Tuesday,2014-07-08,17.14,17.14,16.91,16.91,840.0,1404777600.0,DOWNTREND
COM,2014,7,9,3,28,3,Wednesday,2014-07-09,16.91,17.48,16.91,17.48,1730.0,1404864000.0,UPTREND
COM,2014,7,14,3,29,1,Monday,2014-07-14,16.35,16.35,16.35,16.35,10.0,1405296000.0,SIDEWAY
COM,2014,7,15,3,29,2,Tuesday,2014-07-15,17.42,17.48,17.42,17.48,630.0,1405382400.0,UPTREND
COM,2014,7,17,3,29,4,Thursday,2014-07-17,18.6,18.6,18.6,18.6,50.0,1405555200.0,SIDEWAY
COM,2014,7,28,3,31,1,Monday,2014-07-28,18.6,18.6,18.6,18.6,60.0,1406505600.0,SIDEWAY
COM,2014,7,29,3,31,2,Tuesday,2014-07-29,19.73,19.73,19.73,19.73,10.0,1406592000.0,SIDEWAY
COM,2014,7,30,3,31,3,Wednesday,2014-07-30,19.45,19.73,19.45,19.73,40.0,1406678400.0,UPTREND
COM,2014,7,31,3,31,4,Thursday,2014-07-31,19.73,19.73,19.17,19.17,1050.0,1406764800.0,DOWNTREND
COM,2014,8,8,3,32,5,Friday,2014-08-08,19.17,19.17,19.17,19.17,90.0,1407456000.0,SIDEWAY
COM,2014,8,13,3,33,3,Wednesday,2014-08-13,18.6,18.6,18.6,18.6,8020.0,1407888000.0,SIDEWAY
COM,2014,8,14,3,33,4,Thursday,2014-08-14,19.17,19.17,19.17,19.17,90.0,1407974400.0,SIDEWAY
COM,2014,8,18,3,34,1,Monday,2014-08-18,20.33,20.33,19.75,19.75,1210.0,1408320000.0,DOWNTREND
COM,2014,8,19,3,34,2,Tuesday,2014-08-19,18.41,20.91,18.41,20.33,5200.0,1408406400.0,UPTREND
COM,2014,8,20,3,34,3,Wednesday,2014-08-20,20.33,20.33,20.33,20.33,800.0,1408492800.0,SIDEWAY
COM,2014,8,25,3,35,1,Monday,2014-08-25,18.93,18.93,18.93,18.93,10.0,1408924800.0,SIDEWAY
COM,2014,8,26,3,35,2,Tuesday,2014-08-26,18.93,19.69,18.93,19.69,210.0,1409011200.0,UPTREND
COM,2014,8,28,3,35,4,Thursday,2014-08-28,19.46,20.27,19.46,20.27,60.0,1409184000.0,UPTREND
COM,2014,8,29,3,35,5,Friday,2014-08-29,21.61,21.61,21.61,21.61,10.0,1409270400.0,SIDEWAY
COM,2014,9,3,3,36,3,Wednesday,2014-09-03,20.91,20.91,20.1,20.1,770.0,1409702400.0,DOWNTREND
COM,2014,9,4,3,36,4,Thursday,2014-09-04,19.86,19.86,19.57,19.75,70.0,1409788800.0,DOWNTREND
COM,2014,9,5,3,36,5,Friday,2014-09-05,20.33,20.33,20.33,20.33,1640.0,1409875200.0,SIDEWAY
COM,2014,9,8,3,37,1,Monday,2014-09-08,20.33,20.91,20.04,20.91,7410.0,1410134400.0,UPTREND
COM,2014,9,9,3,37,2,Tuesday,2014-09-09,20.5,20.5,20.5,20.5,10.0,1410220800.0,SIDEWAY
COM,2014,9,10,3,37,3,Wednesday,2014-09-10,20.33,20.5,20.33,20.5,230.0,1410307200.0,UPTREND
COM,2014,9,15,3,38,1,Monday,2014-09-15,20.33,20.33,20.33,20.33,100.0,1410739200.0,SIDEWAY
COM,2014,9,16,3,38,2,Tuesday,2014-09-16,20.33,20.45,20.33,20.45,920.0,1410825600.0,UPTREND
COM,2014,9,17,3,38,3,Wednesday,2014-09-17,21.61,21.61,21.61,21.61,10.0,1410912000.0,SIDEWAY
COM,2014,9,18,3,38,4,Thursday,2014-09-18,21.2,21.2,20.39,20.39,5620.0,1410998400.0,DOWNTREND
COM,2014,9,22,3,39,1,Monday,2014-09-22,20.39,20.39,20.39,20.39,2260.0,1411344000.0,SIDEWAY
COM,2014,9,23,3,39,2,Tuesday,2014-09-23,21.2,21.2,21.2,21.2,10.0,1411430400.0,SIDEWAY
COM,2014,9,24,3,39,3,Wednesday,2014-09-24,22.54,22.54,22.54,22.54,10.0,1411516800.0,SIDEWAY
COM,2014,9,25,3,39,4,Thursday,2014-09-25,21.2,21.2,21.14,21.14,40.0,1411603200.0,DOWNTREND
COM,2014,9,26,3,39,5,Friday,2014-09-26,20.91,20.91,19.75,19.75,110.0,1411689600.0,DOWNTREND
COM,2014,9,29,3,40,1,Monday,2014-09-29,20.91,20.91,20.91,20.91,10.0,1411948800.0,SIDEWAY
COM,2014,9,30,3,40,2,Tuesday,2014-09-30,21.49,21.49,20.33,20.33,6510.0,1412035200.0,DOWNTREND
COM,2014,10,1,4,40,3,Wednesday,2014-10-01,21.2,21.49,21.2,21.49,210.0,1412121600.0,UPTREND
COM,2014,10,2,4,40,4,Thursday,2014-10-02,20.33,20.33,20.33,20.33,20.0,1412208000.0,SIDEWAY
COM,2014,10,3,4,40,5,Friday,2014-10-03,21.49,21.49,21.49,21.49,10.0,1412294400.0,SIDEWAY
COM,2014,10,7,4,41,2,Tuesday,2014-10-07,20.39,20.39,20.39,20.39,1060.0,1412640000.0,SIDEWAY
COM,2014,10,8,4,41,3,Wednesday,2014-10-08,20.91,20.91,20.91,20.91,4000.0,1412726400.0,SIDEWAY
COM,2014,10,10,4,41,5,Friday,2014-10-10,20.33,20.91,20.33,20.91,330.0,1412899200.0,UPTREND
COM,2014,10,14,4,42,2,Tuesday,2014-10-14,20.91,20.91,20.91,20.91,10.0,1413244800.0,SIDEWAY
COM,2014,10,22,4,43,3,Wednesday,2014-10-22,20.91,20.91,20.91,20.91,110.0,1413936000.0,SIDEWAY
COM,2014,10,29,4,44,3,Wednesday,2014-10-29,20.91,20.91,20.91,20.91,10.0,1414540800.0,SIDEWAY
COM,2014,11,3,4,45,1,Monday,2014-11-03,21.49,22.07,21.49,22.07,110.0,1414972800.0,UPTREND
COM,2014,11,4,4,45,2,Tuesday,2014-11-04,21.49,21.49,21.49,21.49,100.0,1415059200.0,SIDEWAY
COM,2014,11,14,4,46,5,Friday,2014-11-14,21.78,22.07,21.78,22.07,180.0,1415923200.0,UPTREND
COM,2014,11,17,4,47,1,Monday,2014-11-17,22.07,22.07,22.07,22.07,100.0,1416182400.0,SIDEWAY
COM,2014,11,18,4,47,2,Tuesday,2014-11-18,23.23,23.23,23.23,23.23,90.0,1416268800.0,SIDEWAY
COM,2014,11,20,4,47,4,Thursday,2014-11-20,23.76,23.76,23.76,23.76,10.0,1416441600.0,SIDEWAY
COM,2014,11,21,4,47,5,Friday,2014-11-21,22.65,22.65,22.65,22.65,2040.0,1416528000.0,SIDEWAY
COM,2014,11,24,4,48,1,Monday,2014-11-24,21.49,21.49,21.49,21.49,110.0,1416787200.0,SIDEWAY
COM,2014,11,25,4,48,2,Tuesday,2014-11-25,20.91,20.91,20.91,20.91,580.0,1416873600.0,SIDEWAY
COM,2014,11,26,4,48,3,Wednesday,2014-11-26,20.33,20.33,20.33,20.33,20.0,1416960000.0,SIDEWAY
COM,2014,12,1,4,49,1,Monday,2014-12-01,21.72,21.72,21.72,21.72,1800.0,1417392000.0,SIDEWAY
COM,2014,12,10,4,50,3,Wednesday,2014-12-10,20.33,20.33,20.33,20.33,10.0,1418169600.0,SIDEWAY
COM,2014,12,11,4,50,4,Thursday,2014-12-11,21.66,21.66,19.17,19.17,110.0,1418256000.0,DOWNTREND
COM,2014,12,12,4,50,5,Friday,2014-12-12,19.75,19.75,19.75,19.75,40.0,1418342400.0,SIDEWAY
COM,2014,12,24,4,52,3,Wednesday,2014-12-24,18.41,18.41,18.41,18.41,10.0,1419379200.0,SIDEWAY
COM,2014,12,29,4,1,1,Monday,2014-12-29,17.13,17.13,17.13,17.13,10.0,1419811200.0,SIDEWAY
COM,2015,1,12,1,3,1,Monday,2015-01-12,18.3,18.3,18.3,18.3,10.0,1421020800.0,SIDEWAY
COM,2015,1,13,1,3,2,Tuesday,2015-01-13,19.57,19.57,19.57,19.57,10.0,1421107200.0,SIDEWAY
COM,2015,1,14,1,3,3,Wednesday,2015-01-14,20.91,20.91,20.91,20.91,10.0,1421193600.0,SIDEWAY
COM,2015,1,15,1,3,4,Thursday,2015-01-15,20.33,20.33,20.33,20.33,20.0,1421280000.0,SIDEWAY
COM,2015,1,16,1,3,5,Friday,2015-01-16,21.49,21.49,21.49,21.49,10.0,1421366400.0,SIDEWAY
COM,2015,1,22,1,4,4,Thursday,2015-01-22,20.97,20.97,20.97,20.97,250.0,1421884800.0,SIDEWAY
COM,2015,1,23,1,4,5,Friday,2015-01-23,19.98,20.73,19.98,20.73,20.0,1421971200.0,UPTREND
COM,2015,1,26,1,5,1,Monday,2015-01-26,19.75,19.75,19.75,19.75,10.0,1422230400.0,SIDEWAY
COM,2015,2,2,1,6,1,Monday,2015-02-02,18.41,18.41,18.41,18.41,1360.0,1422835200.0,SIDEWAY
COM,2015,2,3,1,6,2,Tuesday,2015-02-03,18.88,19.69,18.88,19.69,20.0,1422921600.0,UPTREND
COM,2015,2,5,1,6,4,Thursday,2015-02-05,19.69,21.03,18.35,20.91,70.0,1423094400.0,UPTREND
COM,2015,2,6,1,6,5,Friday,2015-02-06,21.32,21.32,21.32,21.32,20.0,1423180800.0,SIDEWAY
COM,2015,2,9,1,7,1,Monday,2015-02-09,22.8,22.8,22.8,22.8,30.0,1423440000.0,SIDEWAY
COM,2015,2,10,1,7,2,Tuesday,2015-02-10,21.26,21.85,21.26,21.85,200.0,1423526400.0,UPTREND
COM,2015,2,11,1,7,3,Wednesday,2015-02-11,21.61,22.8,21.61,22.8,20.0,1423612800.0,UPTREND
COM,2015,2,13,1,7,5,Friday,2015-02-13,21.85,23.39,21.85,23.39,220.0,1423785600.0,UPTREND
COM,2015,2,24,1,9,2,Tuesday,2015-02-24,21.79,24.81,21.79,24.81,990.0,1424736000.0,UPTREND
COM,2015,2,25,1,9,3,Wednesday,2015-02-25,23.09,26.35,23.09,26.35,210.0,1424822400.0,UPTREND
COM,2015,2,26,1,9,4,Thursday,2015-02-26,24.57,26.11,24.51,26.11,70.0,1424908800.0,UPTREND
COM,2015,2,27,1,9,5,Friday,2015-02-27,24.34,25.82,24.34,25.82,20.0,1424995200.0,UPTREND
COM,2015,3,2,1,10,1,Monday,2015-03-02,24.1,24.1,24.1,24.1,110.0,1425254400.0,SIDEWAY
COM,2015,3,3,1,10,2,Tuesday,2015-03-03,25.34,25.34,25.34,25.34,90.0,1425340800.0,SIDEWAY
COM,2015,3,4,1,10,3,Wednesday,2015-03-04,23.63,24.87,23.63,24.87,30.0,1425427200.0,UPTREND
COM,2015,3,5,1,10,4,Thursday,2015-03-05,23.15,23.74,23.15,23.74,80.0,1425513600.0,UPTREND
COM,2015,3,12,1,11,4,Thursday,2015-03-12,23.09,23.09,22.8,22.8,20.0,1426118400.0,DOWNTREND
COM,2015,3,16,1,12,1,Monday,2015-03-16,24.28,24.28,24.28,24.28,390.0,1426464000.0,SIDEWAY
COM,2015,3,17,1,12,2,Tuesday,2015-03-17,23.8,24.87,22.8,24.87,80.0,1426550400.0,UPTREND
COM,2015,3,20,1,12,5,Friday,2015-03-20,23.63,23.63,23.39,23.39,20.0,1426809600.0,DOWNTREND
COM,2015,3,25,1,13,3,Wednesday,2015-03-25,22.09,23.21,21.91,23.21,490.0,1427241600.0,UPTREND
COM,2015,3,30,1,14,1,Monday,2015-03-30,23.03,23.03,23.03,23.03,10.0,1427673600.0,SIDEWAY
COM,2015,3,31,1,14,2,Tuesday,2015-03-31,22.98,23.45,22.98,23.45,20.0,1427760000.0,UPTREND
COM,2015,4,1,2,14,3,Wednesday,2015-04-01,21.97,23.51,21.97,23.51,20.0,1427846400.0,UPTREND
COM,2015,4,2,2,14,4,Thursday,2015-04-02,23.03,23.03,22.8,22.8,20.0,1427932800.0,DOWNTREND
COM,2015,4,3,2,14,5,Friday,2015-04-03,22.56,22.56,21.49,21.49,790.0,1428019200.0,DOWNTREND
COM,2015,4,6,2,15,1,Monday,2015-04-06,21.61,21.79,21.61,21.79,70.0,1428278400.0,UPTREND
COM,2015,4,7,2,15,2,Tuesday,2015-04-07,21.61,21.61,21.61,21.61,20.0,1428364800.0,SIDEWAY
COM,2015,4,8,2,15,3,Wednesday,2015-04-08,21.61,21.61,21.61,21.61,40.0,1428451200.0,SIDEWAY
COM,2015,5,5,2,19,2,Tuesday,2015-05-05,21.02,21.02,21.02,21.02,120.0,1430784000.0,SIDEWAY
COM,2015,5,13,2,20,3,Wednesday,2015-05-13,21.49,22.44,19.6,22.44,1530.0,1431475200.0,UPTREND
COM,2015,5,15,2,20,5,Friday,2015-05-15,22.98,22.98,22.44,22.44,20.0,1431648000.0,DOWNTREND
COM,2015,5,18,2,21,1,Monday,2015-05-18,22.32,22.91,20.9,20.9,210.0,1431907200.0,DOWNTREND
COM,2015,5,19,2,21,2,Tuesday,2015-05-19,21.32,21.32,21.32,21.32,10.0,1431993600.0,SIDEWAY
COM,2015,5,22,2,21,5,Friday,2015-05-22,20.66,20.66,19.84,19.84,320.0,1432252800.0,DOWNTREND
COM,2015,6,8,2,24,1,Monday,2015-06-08,18.59,19.84,18.59,19.84,1410.0,1433721600.0,UPTREND
COM,2015,6,9,2,24,2,Tuesday,2015-06-09,19.84,21.14,18.47,18.53,370.0,1433808000.0,DOWNTREND
COM,2015,6,10,2,24,3,Wednesday,2015-06-10,19.78,19.78,19.78,19.78,10.0,1433894400.0,SIDEWAY
COM,2015,6,11,2,24,4,Thursday,2015-06-11,19.6,21.08,19.6,21.08,520.0,1433980800.0,UPTREND
COM,2015,6,12,2,24,5,Friday,2015-06-12,20.66,20.66,19.66,19.84,1700.0,1434067200.0,DOWNTREND
COM,2015,6,15,2,25,1,Monday,2015-06-15,19.6,19.6,19.6,19.6,10.0,1434326400.0,SIDEWAY
COM,2015,6,16,2,25,2,Tuesday,2015-06-16,19.6,19.6,19.6,19.6,60.0,1434412800.0,SIDEWAY
COM,2015,6,17,2,25,3,Wednesday,2015-06-17,19.6,19.6,19.6,19.6,370.0,1434499200.0,SIDEWAY
COM,2015,6,18,2,25,4,Thursday,2015-06-18,19.84,20.13,19.84,20.13,610.0,1434585600.0,UPTREND
COM,2015,6,19,2,25,5,Friday,2015-06-19,19.84,20.37,19.84,20.37,910.0,1434672000.0,UPTREND
COM,2015,6,22,2,26,1,Monday,2015-06-22,20.01,20.13,19.95,20.13,350.0,1434931200.0,UPTREND
COM,2015,6,23,2,26,2,Tuesday,2015-06-23,20.37,20.84,20.37,20.84,30.0,1435017600.0,UPTREND
COM,2015,6,24,2,26,3,Wednesday,2015-06-24,20.43,20.43,20.43,20.43,80.0,1435104000.0,SIDEWAY
COM,2015,6,25,2,26,4,Thursday,2015-06-25,20.66,20.66,20.66,20.66,10.0,1435190400.0,SIDEWAY
COM,2015,6,26,2,26,5,Friday,2015-06-26,21.32,21.32,21.32,21.32,10.0,1435276800.0,SIDEWAY
COM,2015,7,1,3,27,3,Wednesday,2015-07-01,22.09,22.09,22.09,22.09,50.0,1435708800.0,SIDEWAY
COM,2015,7,2,3,27,4,Thursday,2015-07-02,22.32,22.56,20.61,21.38,1010.0,1435795200.0,DOWNTREND
COM,2015,7,3,3,27,5,Friday,2015-07-03,20.61,21.38,20.61,21.38,510.0,1435881600.0,UPTREND
COM,2015,7,6,3,28,1,Monday,2015-07-06,21.14,21.14,21.14,21.14,100.0,1436140800.0,SIDEWAY
COM,2015,7,7,3,28,2,Tuesday,2015-07-07,21.82,21.82,21.82,21.82,10.0,1436227200.0,SIDEWAY
COM,2015,7,9,3,28,4,Thursday,2015-07-09,21.63,21.63,21.63,21.63,4000.0,1436400000.0,SIDEWAY
COM,2015,7,10,3,28,5,Friday,2015-07-10,21.63,21.82,21.57,21.57,6900.0,1436486400.0,DOWNTREND
COM,2015,7,14,3,29,2,Tuesday,2015-07-14,21.63,21.63,21.63,21.63,2160.0,1436832000.0,SIDEWAY
COM,2015,7,15,3,29,3,Wednesday,2015-07-15,21.63,21.63,21.63,21.63,2700.0,1436918400.0,SIDEWAY
COM,2015,7,20,3,30,1,Monday,2015-07-20,21.63,21.63,21.63,21.63,850.0,1437350400.0,SIDEWAY
COM,2015,7,24,3,30,5,Friday,2015-07-24,21.63,21.63,21.63,21.63,480.0,1437696000.0,SIDEWAY
COM,2015,7,28,3,31,2,Tuesday,2015-07-28,21.63,21.94,21.63,21.94,1010.0,1438041600.0,UPTREND
COM,2015,7,31,3,31,5,Friday,2015-07-31,21.63,21.63,21.63,21.63,80.0,1438300800.0,SIDEWAY
COM,2015,8,4,3,32,2,Tuesday,2015-08-04,21.63,21.63,21.63,21.63,30.0,1438646400.0,SIDEWAY
COM,2015,8,5,3,32,3,Wednesday,2015-08-05,21.63,21.63,21.63,21.63,50.0,1438732800.0,SIDEWAY
COM,2015,8,12,3,33,3,Wednesday,2015-08-12,21.02,21.02,20.83,20.83,250.0,1439337600.0,DOWNTREND
COM,2015,8,13,3,33,4,Thursday,2015-08-13,19.78,19.78,19.78,19.78,30.0,1439424000.0,SIDEWAY
COM,2015,8,17,3,34,1,Monday,2015-08-17,21.14,21.14,21.14,21.14,10.0,1439769600.0,SIDEWAY
COM,2015,8,18,3,34,2,Tuesday,2015-08-18,20.71,20.71,20.71,20.71,70.0,1439856000.0,SIDEWAY
COM,2015,8,21,3,34,5,Friday,2015-08-21,20.71,20.71,20.71,20.71,30.0,1440115200.0,SIDEWAY
COM,2015,8,24,3,35,1,Monday,2015-08-24,22.13,22.13,22.13,22.13,30.0,1440374400.0,SIDEWAY
COM,2015,8,27,3,35,4,Thursday,2015-08-27,21.02,21.02,21.02,21.02,20.0,1440633600.0,SIDEWAY
COM,2015,8,31,3,36,1,Monday,2015-08-31,22.25,22.25,22.25,22.25,200.0,1440979200.0,SIDEWAY
COM,2015,9,3,3,36,4,Thursday,2015-09-03,20.71,22.62,20.71,22.25,1710.0,1441238400.0,UPTREND
COM,2015,9,4,3,36,5,Friday,2015-09-04,22.25,22.25,22.25,22.25,140.0,1441324800.0,SIDEWAY
COM,2015,9,7,3,37,1,Monday,2015-09-07,20.71,20.71,20.71,20.71,10.0,1441584000.0,SIDEWAY
COM,2015,9,8,3,37,2,Tuesday,2015-09-08,22.13,22.13,19.47,19.47,20.0,1441670400.0,DOWNTREND
COM,2015,9,9,3,37,3,Wednesday,2015-09-09,19.47,19.47,19.47,19.47,10.0,1441756800.0,SIDEWAY
COM,2015,9,10,3,37,4,Thursday,2015-09-10,20.83,20.83,20.83,20.83,20.0,1441843200.0,SIDEWAY
COM,2015,9,11,3,37,5,Friday,2015-09-11,19.47,22.19,19.47,22.19,340.0,1441929600.0,UPTREND
COM,2015,9,14,3,38,1,Monday,2015-09-14,22.56,23.73,22.56,23.73,40.0,1442188800.0,UPTREND
COM,2015,9,15,3,38,2,Tuesday,2015-09-15,22.13,22.5,22.13,22.5,170.0,1442275200.0,UPTREND
COM,2015,9,16,3,38,3,Wednesday,2015-09-16,20.95,23.92,20.95,23.92,250.0,1442361600.0,UPTREND
COM,2015,9,17,3,38,4,Thursday,2015-09-17,22.25,25.53,22.25,25.53,120.0,1442448000.0,UPTREND
COM,2015,9,18,3,38,5,Friday,2015-09-18,23.8,25.34,23.8,25.34,3690.0,1442534400.0,UPTREND
COM,2015,9,21,3,39,1,Monday,2015-09-21,23.61,25.16,23.61,23.61,460.0,1442793600.0,SIDEWAY
COM,2015,9,22,3,39,2,Tuesday,2015-09-22,22.07,22.07,22.07,22.07,120.0,1442880000.0,SIDEWAY
COM,2015,9,23,3,39,3,Wednesday,2015-09-23,22.25,22.25,22.25,22.25,110.0,1442966400.0,SIDEWAY
COM,2015,9,25,3,39,5,Friday,2015-09-25,23.8,23.8,23.8,23.8,50.0,1443139200.0,SIDEWAY
COM,2015,9,30,3,40,3,Wednesday,2015-09-30,23.8,23.8,23.8,23.8,330.0,1443571200.0,SIDEWAY
COM,2015,10,2,4,40,5,Friday,2015-10-02,24.29,25.4,24.29,25.22,360.0,1443744000.0,UPTREND
COM,2015,10,7,4,41,3,Wednesday,2015-10-07,23.49,23.49,23.49,23.49,390.0,1444176000.0,SIDEWAY
COM,2015,10,8,4,41,4,Thursday,2015-10-08,25.09,25.09,25.09,25.09,10.0,1444262400.0,SIDEWAY
COM,2015,10,12,4,42,1,Monday,2015-10-12,25.65,25.65,25.65,25.65,10.0,1444608000.0,SIDEWAY
COM,2015,10,13,4,42,2,Tuesday,2015-10-13,27.2,27.2,25.96,25.96,30.0,1444694400.0,DOWNTREND
COM,2015,10,22,4,43,4,Thursday,2015-10-22,24.41,24.41,24.41,24.41,70.0,1445472000.0,SIDEWAY
COM,2015,10,23,4,43,5,Friday,2015-10-23,25.96,25.96,24.72,24.72,250.0,1445558400.0,DOWNTREND
COM,2015,10,27,4,44,2,Tuesday,2015-10-27,25.96,25.96,25.96,25.96,510.0,1445904000.0,SIDEWAY
COM,2015,10,30,4,44,5,Friday,2015-10-30,24.17,26.58,24.17,26.58,520.0,1446163200.0,UPTREND
COM,2015,11,3,4,45,2,Tuesday,2015-11-03,24.72,24.72,24.72,24.72,80.0,1446508800.0,SIDEWAY
COM,2015,11,4,4,45,3,Wednesday,2015-11-04,24.72,24.72,24.72,24.72,70.0,1446595200.0,SIDEWAY
COM,2015,11,9,4,46,1,Monday,2015-11-09,23.05,26.45,23.05,26.45,420.0,1447027200.0,UPTREND
COM,2015,11,10,4,46,2,Tuesday,2015-11-10,26.58,26.89,26.58,26.89,2210.0,1447113600.0,UPTREND
COM,2015,11,11,4,46,3,Wednesday,2015-11-11,27.2,28.74,27.2,28.74,3430.0,1447200000.0,UPTREND
COM,2015,11,12,4,46,4,Thursday,2015-11-12,30.59,30.72,30.59,30.59,3390.0,1447286400.0,SIDEWAY
COM,2015,11,13,4,46,5,Friday,2015-11-13,32.45,32.45,32.14,32.14,30.0,1447372800.0,DOWNTREND
COM,2015,11,16,4,47,1,Monday,2015-11-16,32.14,33.99,32.14,33.99,1740.0,1447632000.0,UPTREND
COM,2015,11,17,4,47,2,Tuesday,2015-11-17,34.92,34.92,33.99,34.61,4670.0,1447718400.0,DOWNTREND
COM,2015,11,18,4,47,3,Wednesday,2015-11-18,34.61,34.61,34.61,34.61,580.0,1447804800.0,SIDEWAY
COM,2015,11,19,4,47,4,Thursday,2015-11-19,32.76,33.99,32.45,33.99,1280.0,1447891200.0,UPTREND
COM,2015,11,20,4,47,5,Friday,2015-11-20,34.61,34.61,31.83,31.83,770.0,1447977600.0,DOWNTREND
COM,2015,11,23,4,48,1,Monday,2015-11-23,33.84,33.84,33.84,33.84,190.0,1448236800.0,SIDEWAY
COM,2015,11,25,4,48,3,Wednesday,2015-11-25,31.5,35.52,31.5,35.52,1200.0,1448409600.0,UPTREND
COM,2015,11,26,4,48,4,Thursday,2015-11-26,33.04,33.04,33.04,33.04,110.0,1448496000.0,SIDEWAY
COM,2015,11,27,4,48,5,Friday,2015-11-27,30.76,30.76,30.76,30.76,100.0,1448582400.0,SIDEWAY
COM,2015,11,30,4,49,1,Monday,2015-11-30,30.76,30.76,30.76,30.76,140.0,1448841600.0,SIDEWAY
COM,2015,12,1,4,49,2,Tuesday,2015-12-01,32.91,32.91,32.91,32.91,10.0,1448928000.0,SIDEWAY
COM,2015,12,2,4,49,3,Wednesday,2015-12-02,30.63,32.84,30.63,32.84,590.0,1449014400.0,UPTREND
COM,2015,12,8,4,50,2,Tuesday,2015-12-08,30.56,33.44,30.56,33.44,160.0,1449532800.0,UPTREND
COM,2015,12,11,4,50,5,Friday,2015-12-11,33.51,33.51,33.51,33.51,60.0,1449792000.0,SIDEWAY
COM,2015,12,14,4,51,1,Monday,2015-12-14,33.51,33.51,33.51,33.51,1720.0,1450051200.0,SIDEWAY
COM,2015,12,16,4,51,3,Wednesday,2015-12-16,33.51,33.51,33.51,33.51,1010.0,1450224000.0,SIDEWAY
COM,2015,12,17,4,51,4,Thursday,2015-12-17,31.16,31.16,31.16,31.16,10.0,1450310400.0,SIDEWAY
COM,2015,12,18,4,51,5,Friday,2015-12-18,29.15,29.15,29.15,29.15,10.0,1450396800.0,SIDEWAY
COM,2015,12,21,4,52,1,Monday,2015-12-21,27.21,31.16,27.21,31.16,350.0,1450656000.0,UPTREND
COM,2015,12,24,4,52,4,Thursday,2015-12-24,33.31,33.31,33.31,33.31,20.0,1450915200.0,SIDEWAY
COM,2015,12,30,4,53,3,Wednesday,2015-12-30,35.52,35.52,35.52,35.52,10.0,1451433600.0,SIDEWAY
COM,2016,1,7,1,1,4,Thursday,2016-01-07,33.04,33.04,33.04,33.04,10.0,1452124800.0,SIDEWAY
COM,2016,1,8,1,1,5,Friday,2016-01-08,34.18,34.18,34.18,34.18,10.0,1452211200.0,SIDEWAY
COM,2016,1,15,1,2,5,Friday,2016-01-15,31.83,35.52,31.83,35.52,600.0,1452816000.0,UPTREND
COM,2016,1,18,1,3,1,Monday,2016-01-18,36.86,36.86,33.04,36.86,10020.0,1453075200.0,SIDEWAY
COM,2016,1,19,1,3,2,Tuesday,2016-01-19,37.53,37.53,37.53,37.53,10.0,1453161600.0,SIDEWAY
COM,2016,1,20,1,3,3,Wednesday,2016-01-20,35.18,35.18,35.18,35.18,60.0,1453248000.0,SIDEWAY
COM,2016,1,21,1,3,4,Thursday,2016-01-21,32.77,32.77,32.77,32.77,10.0,1453334400.0,SIDEWAY
COM,2016,1,22,1,3,5,Friday,2016-01-22,33.84,33.84,33.84,33.84,30.0,1453420800.0,SIDEWAY
COM,2016,1,25,1,4,1,Monday,2016-01-25,31.5,34.51,31.5,34.51,10320.0,1453680000.0,UPTREND
COM,2016,1,26,1,4,2,Tuesday,2016-01-26,32.1,32.1,32.1,32.1,30.0,1453766400.0,SIDEWAY
COM,2016,1,27,1,4,3,Wednesday,2016-01-27,29.89,34.18,29.89,34.18,450.0,1453852800.0,UPTREND
COM,2016,1,29,1,4,5,Friday,2016-01-29,34.18,34.18,34.18,34.18,10.0,1454025600.0,SIDEWAY
COM,2016,2,1,1,5,1,Monday,2016-02-01,34.18,34.18,34.18,34.18,10.0,1454284800.0,SIDEWAY
COM,2016,2,3,1,5,3,Wednesday,2016-02-03,31.83,31.83,31.83,31.83,600.0,1454457600.0,SIDEWAY
COM,2016,2,4,1,5,4,Thursday,2016-02-04,29.62,32.17,29.62,32.17,200.0,1454544000.0,UPTREND
COM,2016,2,15,1,7,1,Monday,2016-02-15,32.17,32.17,32.17,32.17,10.0,1455494400.0,SIDEWAY
COM,2016,2,16,1,7,2,Tuesday,2016-02-16,34.18,34.18,34.18,34.18,10.0,1455580800.0,SIDEWAY
COM,2016,2,17,1,7,3,Wednesday,2016-02-17,34.51,34.51,32.97,32.97,40.0,1455667200.0,DOWNTREND
COM,2016,2,18,1,7,4,Thursday,2016-02-18,30.69,33.84,30.69,33.44,410.0,1455753600.0,UPTREND
COM,2016,2,19,1,7,5,Friday,2016-02-19,34.85,34.85,34.85,34.85,10.0,1455840000.0,SIDEWAY
COM,2016,2,22,1,8,1,Monday,2016-02-22,34.85,34.85,34.85,34.85,40.0,1456099200.0,SIDEWAY
COM,2016,2,23,1,8,2,Tuesday,2016-02-23,35.18,35.18,35.18,35.18,10.0,1456185600.0,SIDEWAY
COM,2016,2,25,1,8,4,Thursday,2016-02-25,35.52,35.52,35.52,35.52,10.0,1456358400.0,SIDEWAY
COM,2016,2,26,1,8,5,Friday,2016-02-26,33.04,33.17,33.04,33.17,370.0,1456444800.0,UPTREND
COM,2016,3,2,1,9,3,Wednesday,2016-03-02,34.18,34.18,33.84,33.84,20.0,1456876800.0,DOWNTREND
COM,2016,3,3,1,9,4,Thursday,2016-03-03,31.5,31.5,31.5,31.5,500.0,1456963200.0,SIDEWAY
COM,2016,3,4,1,9,5,Friday,2016-03-04,33.51,33.51,33.51,33.51,30.0,1457049600.0,SIDEWAY
COM,2016,3,9,1,10,3,Wednesday,2016-03-09,31.16,31.16,31.16,31.16,910.0,1457481600.0,SIDEWAY
COM,2016,3,10,1,10,4,Thursday,2016-03-10,30.83,31.5,29.15,31.5,360.0,1457568000.0,UPTREND
COM,2016,3,14,1,11,1,Monday,2016-03-14,32.17,33.51,32.17,33.51,20.0,1457913600.0,UPTREND
COM,2016,3,16,1,11,3,Wednesday,2016-03-16,34.85,34.85,34.85,34.85,10.0,1458086400.0,SIDEWAY
COM,2016,3,17,1,11,4,Thursday,2016-03-17,35.52,37.19,32.44,32.44,50.0,1458172800.0,DOWNTREND
COM,2016,3,18,1,11,5,Friday,2016-03-18,32.44,33.44,32.44,32.77,80.0,1458259200.0,UPTREND
COM,2016,3,22,1,12,2,Tuesday,2016-03-22,30.49,32.44,30.49,32.1,370.0,1458604800.0,UPTREND
COM,2016,3,23,1,12,3,Wednesday,2016-03-23,34.18,34.18,34.18,34.18,10.0,1458691200.0,SIDEWAY
COM,2016,3,24,1,12,4,Thursday,2016-03-24,31.9,32.77,31.83,32.77,450.0,1458777600.0,UPTREND
COM,2016,3,25,1,12,5,Friday,2016-03-25,31.5,32.44,30.49,32.44,1090.0,1458864000.0,UPTREND
COM,2016,3,28,1,13,1,Monday,2016-03-28,30.22,31.43,30.22,31.43,1440.0,1459123200.0,UPTREND
COM,2016,3,29,1,13,2,Tuesday,2016-03-29,29.29,29.29,29.29,29.29,410.0,1459209600.0,SIDEWAY
COM,2016,3,30,1,13,3,Wednesday,2016-03-30,30.09,30.09,30.09,30.09,10.0,1459296000.0,SIDEWAY
COM,2016,3,31,1,13,4,Thursday,2016-03-31,30.69,30.69,30.69,30.69,10.0,1459382400.0,SIDEWAY
COM,2016,4,1,2,13,5,Friday,2016-04-01,30.69,30.69,30.69,30.69,100.0,1459468800.0,SIDEWAY
COM,2016,4,5,2,14,2,Tuesday,2016-04-05,28.88,30.09,28.88,30.09,200.0,1459814400.0,UPTREND
COM,2016,4,6,2,14,3,Wednesday,2016-04-06,30.16,30.16,30.16,30.16,100.0,1459900800.0,SIDEWAY
COM,2016,4,7,2,14,4,Thursday,2016-04-07,30.76,30.76,28.21,30.56,120.0,1459987200.0,DOWNTREND
COM,2016,4,8,2,14,5,Friday,2016-04-08,30.76,30.76,28.68,28.68,40.0,1460073600.0,DOWNTREND
COM,2016,4,11,2,15,1,Monday,2016-04-11,30.63,30.63,30.63,30.63,10.0,1460332800.0,SIDEWAY
COM,2016,4,12,2,15,2,Tuesday,2016-04-12,30.16,30.43,28.55,30.43,5820.0,1460419200.0,UPTREND
COM,2016,4,13,2,15,3,Wednesday,2016-04-13,29.49,31.77,29.49,31.77,20.0,1460505600.0,UPTREND
COM,2016,4,14,2,15,4,Thursday,2016-04-14,30.83,33.17,30.83,33.17,20.0,1460592000.0,UPTREND
COM,2016,4,15,2,15,5,Friday,2016-04-15,31.5,31.5,30.89,30.89,180.0,1460678400.0,DOWNTREND
COM,2016,4,19,2,16,2,Tuesday,2016-04-19,28.82,32.23,28.75,30.83,2140.0,1461024000.0,UPTREND
COM,2016,4,20,2,16,3,Wednesday,2016-04-20,30.83,30.83,30.83,30.83,10.0,1461110400.0,SIDEWAY
COM,2016,4,21,2,16,4,Thursday,2016-04-21,28.68,30.09,28.68,30.09,20.0,1461196800.0,UPTREND
COM,2016,4,22,2,16,5,Friday,2016-04-22,29.89,29.89,28.15,29.75,170.0,1461283200.0,DOWNTREND
COM,2016,4,25,2,17,1,Monday,2016-04-25,30.16,30.76,30.16,30.76,20.0,1461542400.0,UPTREND
COM,2016,4,26,2,17,2,Tuesday,2016-04-26,30.02,30.02,30.02,30.02,30.0,1461628800.0,SIDEWAY
COM,2016,4,27,2,17,3,Wednesday,2016-04-27,30.09,30.09,28.01,29.96,190.0,1461715200.0,DOWNTREND
COM,2016,4,28,2,17,4,Thursday,2016-04-28,29.82,31.16,28.21,28.21,1840.0,1461801600.0,DOWNTREND
COM,2016,4,29,2,17,5,Friday,2016-04-29,30.16,30.16,30.16,30.16,10.0,1461888000.0,SIDEWAY
COM,2016,5,4,2,18,3,Wednesday,2016-05-04,30.16,31.16,30.16,31.16,20.0,1462320000.0,UPTREND
COM,2016,5,5,2,18,4,Thursday,2016-05-05,31.16,32.44,29.02,30.29,4030.0,1462406400.0,DOWNTREND
COM,2016,5,6,2,18,5,Friday,2016-05-06,30.29,31.57,28.82,30.09,1700.0,1462492800.0,DOWNTREND
COM,2016,5,9,2,19,1,Monday,2016-05-09,30.09,31.3,30.09,31.3,330.0,1462752000.0,UPTREND
COM,2016,5,10,2,19,2,Tuesday,2016-05-10,31.3,32.5,29.15,29.15,4030.0,1462838400.0,DOWNTREND
COM,2016,5,11,2,19,3,Wednesday,2016-05-11,28.28,28.82,28.28,28.82,30.0,1462924800.0,UPTREND
COM,2016,5,13,2,19,5,Friday,2016-05-13,30.09,30.09,30.09,30.09,210.0,1463097600.0,SIDEWAY
COM,2016,5,16,2,20,1,Monday,2016-05-16,28.41,28.41,28.41,28.41,10.0,1463356800.0,SIDEWAY
COM,2016,5,17,2,20,2,Tuesday,2016-05-17,28.48,28.82,28.48,28.62,170.0,1463443200.0,UPTREND
COM,2016,5,18,2,20,3,Wednesday,2016-05-18,28.82,28.82,28.82,28.82,190.0,1463529600.0,SIDEWAY
COM,2016,5,19,2,20,4,Thursday,2016-05-19,27.95,27.95,27.95,27.95,10.0,1463616000.0,SIDEWAY
COM,2016,5,20,2,20,5,Friday,2016-05-20,26.81,26.81,26.81,26.81,1510.0,1463702400.0,SIDEWAY
COM,2016,5,23,2,21,1,Monday,2016-05-23,28.15,28.68,28.15,28.68,680.0,1463961600.0,UPTREND
COM,2016,5,24,2,21,2,Tuesday,2016-05-24,28.82,30.63,28.82,30.63,510.0,1464048000.0,UPTREND
COM,2016,5,25,2,21,3,Wednesday,2016-05-25,28.62,30.56,28.55,30.49,2090.0,1464134400.0,UPTREND
COM,2016,5,26,2,21,4,Thursday,2016-05-26,30.56,30.56,29.42,29.42,210.0,1464220800.0,DOWNTREND
COM,2016,5,27,2,21,5,Friday,2016-05-27,30.43,30.43,30.43,30.43,10.0,1464307200.0,SIDEWAY
COM,2016,5,31,2,22,2,Tuesday,2016-05-31,28.35,30.02,28.35,30.02,60.0,1464652800.0,UPTREND
COM,2016,6,1,2,22,3,Wednesday,2016-06-01,29.89,29.89,29.89,29.89,10.0,1464739200.0,SIDEWAY
COM,2016,6,2,2,22,4,Thursday,2016-06-02,28.15,29.75,28.15,29.75,70.0,1464825600.0,UPTREND
COM,2016,6,3,2,22,5,Friday,2016-06-03,30.36,30.36,30.02,30.09,120.0,1464912000.0,DOWNTREND
COM,2016,6,8,2,23,3,Wednesday,2016-06-08,28.82,29.42,28.82,29.42,20.0,1465344000.0,UPTREND
COM,2016,6,9,2,23,4,Thursday,2016-06-09,29.42,30.09,28.15,29.49,1030.0,1465430400.0,UPTREND
COM,2016,6,10,2,23,5,Friday,2016-06-10,29.75,29.96,27.81,28.28,2120.0,1465516800.0,DOWNTREND
COM,2016,6,13,2,24,1,Monday,2016-06-13,30.02,30.02,30.02,30.02,10.0,1465776000.0,SIDEWAY
COM,2016,6,14,2,24,2,Tuesday,2016-06-14,30.09,30.09,30.09,30.09,10.0,1465862400.0,SIDEWAY
COM,2016,6,16,2,24,4,Thursday,2016-06-16,28.15,29.75,28.15,29.75,220.0,1466035200.0,UPTREND
COM,2016,6,20,2,25,1,Monday,2016-06-20,29.62,29.62,28.35,29.49,110.0,1466380800.0,DOWNTREND
COM,2016,6,21,2,25,2,Tuesday,2016-06-21,28.15,29.49,28.15,29.49,270.0,1466467200.0,UPTREND
COM,2016,6,22,2,25,3,Wednesday,2016-06-22,29.49,30.09,29.49,30.02,100.0,1466553600.0,UPTREND
COM,2016,6,23,2,25,4,Thursday,2016-06-23,30.09,30.09,27.95,30.09,80.0,1466640000.0,SIDEWAY
COM,2016,6,24,2,25,5,Friday,2016-06-24,29.15,30.02,29.15,30.02,220.0,1466726400.0,UPTREND
COM,2016,6,27,2,26,1,Monday,2016-06-27,29.89,30.09,27.95,29.42,350.0,1466985600.0,DOWNTREND
COM,2016,6,28,2,26,2,Tuesday,2016-06-28,30.09,30.09,29.75,29.75,120.0,1467072000.0,DOWNTREND
COM,2016,6,29,2,26,3,Wednesday,2016-06-29,30.09,30.09,28.48,28.48,410.0,1467158400.0,DOWNTREND
COM,2016,6,30,2,26,4,Thursday,2016-06-30,28.62,29.29,28.55,29.29,1470.0,1467244800.0,UPTREND
COM,2016,7,1,3,26,5,Friday,2016-07-01,29.35,29.35,28.48,29.15,1410.0,1467331200.0,DOWNTREND
COM,2016,7,4,3,27,1,Monday,2016-07-04,30.16,30.43,28.15,29.49,4570.0,1467590400.0,DOWNTREND
COM,2016,7,5,3,27,2,Tuesday,2016-07-05,28.21,28.21,28.21,28.21,10.0,1467676800.0,SIDEWAY
COM,2016,7,6,3,27,3,Wednesday,2016-07-06,28.15,28.15,28.15,28.15,100.0,1467763200.0,SIDEWAY
COM,2016,7,7,3,27,4,Thursday,2016-07-07,27.01,28.15,27.01,28.15,230.0,1467849600.0,UPTREND
COM,2016,7,11,3,28,1,Monday,2016-07-11,29.29,29.49,29.29,29.49,1610.0,1468195200.0,UPTREND
COM,2016,7,12,3,28,2,Tuesday,2016-07-12,29.96,29.96,28.82,28.82,4820.0,1468281600.0,DOWNTREND
COM,2016,7,14,3,28,4,Thursday,2016-07-14,29.49,29.49,29.49,29.49,1210.0,1468454400.0,SIDEWAY
COM,2016,7,15,3,28,5,Friday,2016-07-15,30.16,30.63,30.16,30.63,1750.0,1468540800.0,UPTREND
COM,2016,7,18,3,29,1,Monday,2016-07-18,30.63,30.63,30.22,30.22,890.0,1468800000.0,DOWNTREND
COM,2016,7,19,3,29,2,Tuesday,2016-07-19,30.16,30.16,30.16,30.16,1380.0,1468886400.0,SIDEWAY
COM,2016,7,20,3,29,3,Wednesday,2016-07-20,30.83,30.83,30.16,30.16,2000.0,1468972800.0,DOWNTREND
COM,2016,7,21,3,29,4,Thursday,2016-07-21,30.16,30.16,29.82,29.82,2400.0,1469059200.0,DOWNTREND
COM,2016,7,22,3,29,5,Friday,2016-07-22,29.62,29.62,29.55,29.55,1020.0,1469145600.0,DOWNTREND
COM,2016,7,25,3,30,1,Monday,2016-07-25,29.62,29.62,29.62,29.62,20.0,1469404800.0,SIDEWAY
COM,2016,7,26,3,30,2,Tuesday,2016-07-26,29.69,29.69,29.69,29.69,10.0,1469491200.0,SIDEWAY
COM,2016,7,27,3,30,3,Wednesday,2016-07-27,30.16,30.16,30.16,30.16,40.0,1469577600.0,SIDEWAY
COM,2016,7,28,3,30,4,Thursday,2016-07-28,30.83,30.83,30.83,30.83,610.0,1469664000.0,SIDEWAY
COM,2016,7,29,3,30,5,Friday,2016-07-29,30.83,30.83,30.83,30.83,130.0,1469750400.0,SIDEWAY
COM,2016,8,1,3,31,1,Monday,2016-08-01,30.49,30.83,30.49,30.83,110.0,1470009600.0,UPTREND
COM,2016,8,2,3,31,2,Tuesday,2016-08-02,30.83,30.83,30.83,30.83,620.0,1470096000.0,SIDEWAY
COM,2016,8,4,3,31,4,Thursday,2016-08-04,31.16,31.16,30.83,30.83,60.0,1470268800.0,DOWNTREND
COM,2016,8,5,3,31,5,Friday,2016-08-05,31.83,32.17,31.83,32.17,110.0,1470355200.0,UPTREND
COM,2016,8,11,3,32,4,Thursday,2016-08-11,32.17,32.17,32.17,32.17,50.0,1470873600.0,SIDEWAY
COM,2016,8,12,3,32,5,Friday,2016-08-12,32.17,32.51,32.17,32.51,150.0,1470960000.0,UPTREND
COM,2016,8,16,3,33,2,Tuesday,2016-08-16,31.48,31.48,30.46,30.46,810.0,1471305600.0,DOWNTREND
COM,2016,8,23,3,34,2,Tuesday,2016-08-23,32.51,32.51,29.84,29.84,80.0,1471910400.0,DOWNTREND
COM,2016,8,29,3,35,1,Monday,2016-08-29,29.98,29.98,29.98,29.98,130.0,1472428800.0,SIDEWAY
COM,2016,8,31,3,35,3,Wednesday,2016-08-31,28.27,28.27,28.27,28.27,30.0,1472601600.0,SIDEWAY
COM,2016,9,1,3,35,4,Thursday,2016-09-01,28.33,30.18,28.2,30.18,380.0,1472688000.0,UPTREND
COM,2016,9,14,3,37,3,Wednesday,2016-09-14,29.16,29.16,29.16,29.16,280.0,1473811200.0,SIDEWAY
COM,2016,9,15,3,37,4,Thursday,2016-09-15,29.29,29.29,29.29,29.29,30.0,1473897600.0,SIDEWAY
COM,2016,9,16,3,37,5,Friday,2016-09-16,30.11,30.11,30.05,30.11,2800.0,1473984000.0,SIDEWAY
COM,2016,9,19,3,38,1,Monday,2016-09-19,30.66,32.17,30.66,32.17,1340.0,1474243200.0,UPTREND
COM,2016,9,20,3,38,2,Tuesday,2016-09-20,31.48,31.48,31.48,31.48,180.0,1474329600.0,SIDEWAY
COM,2016,9,21,3,38,3,Wednesday,2016-09-21,33.4,33.53,32.51,32.85,170.0,1474416000.0,DOWNTREND
COM,2016,9,22,3,38,4,Thursday,2016-09-22,32.85,33.53,32.85,33.53,210.0,1474502400.0,UPTREND
COM,2016,9,23,3,38,5,Friday,2016-09-23,33.53,33.53,33.53,33.53,1000.0,1474588800.0,SIDEWAY
COM,2016,9,26,3,39,1,Monday,2016-09-26,32.51,34.22,32.17,34.22,210.0,1474848000.0,UPTREND
COM,2016,9,28,3,39,3,Wednesday,2016-09-28,32.2,32.2,32.2,32.2,10.0,1475020800.0,SIDEWAY
COM,2016,9,30,3,39,5,Friday,2016-09-30,32.78,32.85,32.78,32.85,3410.0,1475193600.0,UPTREND
COM,2016,10,3,4,40,1,Monday,2016-10-03,33.88,33.88,33.88,33.88,30.0,1475452800.0,SIDEWAY
COM,2016,10,10,4,41,1,Monday,2016-10-10,33.88,33.88,31.82,31.82,130.0,1476057600.0,DOWNTREND
COM,2016,10,11,4,41,2,Tuesday,2016-10-11,32.17,32.51,32.17,32.51,3160.0,1476144000.0,UPTREND
COM,2016,10,13,4,41,4,Thursday,2016-10-13,32.51,32.51,32.51,32.51,10.0,1476316800.0,SIDEWAY
COM,2016,10,14,4,41,5,Friday,2016-10-14,32.85,32.85,32.85,32.85,320.0,1476403200.0,SIDEWAY
COM,2016,10,19,4,42,3,Wednesday,2016-10-19,30.93,30.93,30.93,30.93,20.0,1476835200.0,SIDEWAY
COM,2016,10,24,4,43,1,Monday,2016-10-24,33.09,33.09,30.93,30.93,30.0,1477267200.0,DOWNTREND
COM,2016,10,26,4,43,3,Wednesday,2016-10-26,31.07,31.07,31.07,31.07,310.0,1477440000.0,SIDEWAY
COM,2016,11,1,4,44,2,Tuesday,2016-11-01,30.05,33.23,30.05,33.23,570.0,1477958400.0,UPTREND
COM,2016,11,2,4,44,3,Wednesday,2016-11-02,31.48,34.22,31.48,34.22,610.0,1478044800.0,UPTREND
COM,2016,11,3,4,44,4,Thursday,2016-11-03,34.22,34.22,31.86,34.22,90.0,1478131200.0,SIDEWAY
COM,2016,11,4,4,44,5,Friday,2016-11-04,31.89,32.17,31.82,32.17,340.0,1478217600.0,UPTREND
COM,2016,11,7,4,45,1,Monday,2016-11-07,32.17,32.17,32.17,32.17,10.0,1478476800.0,SIDEWAY
COM,2016,11,8,4,45,2,Tuesday,2016-11-08,30.18,32.17,30.18,32.17,20.0,1478563200.0,UPTREND
COM,2016,11,9,4,45,3,Wednesday,2016-11-09,33.88,33.88,33.88,33.88,10.0,1478649600.0,SIDEWAY
COM,2016,11,10,4,45,4,Thursday,2016-11-10,35.25,35.25,32.54,32.54,40.0,1478736000.0,DOWNTREND
COM,2016,11,11,4,45,5,Friday,2016-11-11,32.58,32.65,32.17,32.17,650.0,1478822400.0,DOWNTREND
COM,2016,11,14,4,46,1,Monday,2016-11-14,32.17,32.17,32.17,32.17,7240.0,1479081600.0,SIDEWAY
COM,2016,11,15,4,46,2,Tuesday,2016-11-15,32.58,32.58,32.58,32.58,30.0,1479168000.0,SIDEWAY
COM,2016,11,22,4,47,2,Tuesday,2016-11-22,33.19,33.19,33.19,33.19,10.0,1479772800.0,SIDEWAY
COM,2016,11,24,4,47,4,Thursday,2016-11-24,33.19,33.19,32.17,33.19,3300.0,1479945600.0,SIDEWAY
COM,2016,11,28,4,48,1,Monday,2016-11-28,32.51,32.85,32.51,32.85,2470.0,1480291200.0,UPTREND
COM,2016,12,1,4,48,4,Thursday,2016-12-01,35.11,35.11,35.11,35.11,30.0,1480550400.0,SIDEWAY
COM,2016,12,5,4,49,1,Monday,2016-12-05,37.51,37.51,37.51,37.51,250.0,1480896000.0,SIDEWAY
COM,2016,12,6,4,49,2,Tuesday,2016-12-06,40.04,40.04,37.71,37.71,2430.0,1480982400.0,DOWNTREND
COM,2016,12,7,4,49,3,Wednesday,2016-12-07,38.33,39.01,38.33,39.01,1700.0,1481068800.0,UPTREND
COM,2016,12,8,4,49,4,Thursday,2016-12-08,41.06,41.06,39.7,41.06,5860.0,1481155200.0,SIDEWAY
COM,2016,12,9,4,49,5,Friday,2016-12-09,41.06,41.06,40.72,40.72,890.0,1481241600.0,DOWNTREND
COM,2016,12,12,4,50,1,Monday,2016-12-12,41.06,41.06,40.38,40.38,470.0,1481500800.0,DOWNTREND
COM,2016,12,13,4,50,2,Tuesday,2016-12-13,37.64,40.38,37.64,39.35,2800.0,1481587200.0,UPTREND
COM,2016,12,14,4,50,3,Wednesday,2016-12-14,39.01,39.01,39.01,39.01,1970.0,1481673600.0,SIDEWAY
COM,2016,12,15,4,50,4,Thursday,2016-12-15,36.36,41.66,36.29,41.66,220.0,1481760000.0,UPTREND
COM,2016,12,20,4,51,2,Tuesday,2016-12-20,38.79,39.01,38.79,39.01,4010.0,1482192000.0,UPTREND
COM,2016,12,21,4,51,3,Wednesday,2016-12-21,36.33,36.44,36.33,36.44,250.0,1482278400.0,UPTREND
COM,2016,12,22,4,51,4,Thursday,2016-12-22,38.94,38.94,38.94,38.94,150.0,1482364800.0,SIDEWAY
COM,2016,12,23,4,51,5,Friday,2016-12-23,39.38,41.22,36.29,39.01,1670.0,1482451200.0,DOWNTREND
COM,2016,12,26,4,52,1,Monday,2016-12-26,39.01,39.01,39.01,39.01,60.0,1482710400.0,SIDEWAY
COM,2016,12,29,4,52,4,Thursday,2016-12-29,36.36,37.54,36.36,37.54,170.0,1482969600.0,UPTREND
COM,2017,1,3,1,1,2,Tuesday,2017-01-03,36.8,36.8,36.07,36.07,4260.0,1483401600.0,DOWNTREND
COM,2017,1,6,1,1,5,Friday,2017-01-06,36.07,36.07,36.07,36.07,10.0,1483660800.0,SIDEWAY
COM,2017,1,9,1,2,1,Monday,2017-01-09,36.07,36.07,36.07,36.07,250.0,1483920000.0,SIDEWAY
COM,2017,1,10,1,2,2,Tuesday,2017-01-10,35.33,35.33,35.33,35.33,40.0,1484006400.0,SIDEWAY
COM,2017,1,11,1,2,3,Wednesday,2017-01-11,35.33,37.54,35.33,37.54,180.0,1484092800.0,UPTREND
COM,2017,1,12,1,2,4,Thursday,2017-01-12,37.54,37.54,37.54,37.54,200.0,1484179200.0,SIDEWAY
COM,2017,1,16,1,3,1,Monday,2017-01-16,37.17,37.17,37.17,37.17,80.0,1484524800.0,SIDEWAY
COM,2017,1,19,1,3,4,Thursday,2017-01-19,37.17,37.17,37.17,37.17,10.0,1484784000.0,SIDEWAY
COM,2017,1,20,1,3,5,Friday,2017-01-20,34.96,34.96,34.96,34.96,550.0,1484870400.0,SIDEWAY
COM,2017,1,23,1,4,1,Monday,2017-01-23,37.32,37.39,37.32,37.39,1400.0,1485129600.0,UPTREND
COM,2017,1,24,1,4,2,Tuesday,2017-01-24,37.54,37.54,37.54,37.54,20.0,1485216000.0,SIDEWAY
COM,2017,2,2,1,5,4,Thursday,2017-02-02,36.8,36.8,36.8,36.8,1000.0,1485993600.0,SIDEWAY
COM,2017,2,6,1,6,1,Monday,2017-02-06,36.8,36.8,36.8,36.8,500.0,1486339200.0,SIDEWAY
COM,2017,2,7,1,6,2,Tuesday,2017-02-07,36.14,36.29,36.14,36.22,110.0,1486425600.0,UPTREND
COM,2017,2,8,1,6,3,Wednesday,2017-02-08,36.22,36.22,36.22,36.22,1500.0,1486512000.0,SIDEWAY
COM,2017,2,9,1,6,4,Thursday,2017-02-09,36.8,36.8,36.8,36.8,310.0,1486598400.0,SIDEWAY
COM,2017,2,13,1,7,1,Monday,2017-02-13,39.38,39.38,39.38,39.38,10.0,1486944000.0,SIDEWAY
COM,2017,2,14,1,7,2,Tuesday,2017-02-14,39.6,41.96,39.38,41.96,340.0,1487030400.0,UPTREND
COM,2017,2,15,1,7,3,Wednesday,2017-02-15,42.55,42.55,41.22,42.55,220.0,1487116800.0,SIDEWAY
COM,2017,2,17,1,7,5,Friday,2017-02-17,42.55,42.55,42.55,42.55,1000.0,1487289600.0,SIDEWAY
COM,2017,2,20,1,8,1,Monday,2017-02-20,39.75,39.75,39.75,39.75,140.0,1487548800.0,SIDEWAY
COM,2017,2,21,1,8,2,Tuesday,2017-02-21,37.91,41.22,37.91,41.22,1280.0,1487635200.0,UPTREND
COM,2017,2,22,1,8,3,Wednesday,2017-02-22,42.69,42.69,42.69,42.69,10.0,1487721600.0,SIDEWAY
COM,2017,2,24,1,8,5,Friday,2017-02-24,42.55,42.69,42.55,42.69,40.0,1487894400.0,UPTREND
COM,2017,2,27,1,9,1,Monday,2017-02-27,40.48,40.48,40.48,40.48,120.0,1488153600.0,SIDEWAY
COM,2017,2,28,1,9,2,Tuesday,2017-02-28,42.55,42.69,42.55,42.69,200.0,1488240000.0,UPTREND
COM,2017,3,1,1,9,3,Wednesday,2017-03-01,39.75,39.75,39.75,39.75,670.0,1488326400.0,SIDEWAY
COM,2017,3,6,1,10,1,Monday,2017-03-06,41.96,41.96,41.96,41.96,10.0,1488758400.0,SIDEWAY
COM,2017,3,7,1,10,2,Tuesday,2017-03-07,42.69,42.69,42.69,42.69,10.0,1488844800.0,SIDEWAY
COM,2017,3,10,1,10,5,Friday,2017-03-10,42.69,43.8,42.69,43.8,130.0,1489104000.0,UPTREND
COM,2017,3,13,1,11,1,Monday,2017-03-13,44.16,46.37,44.16,46.37,170.0,1489363200.0,UPTREND
COM,2017,3,14,1,11,2,Tuesday,2017-03-14,49.61,49.61,47.84,47.84,20.0,1489449600.0,DOWNTREND
COM,2017,3,15,1,11,3,Wednesday,2017-03-15,47.84,47.84,47.84,47.84,150.0,1489536000.0,SIDEWAY
COM,2017,3,16,1,11,4,Thursday,2017-03-16,51.08,51.08,49.32,51.01,220.0,1489622400.0,DOWNTREND
COM,2017,3,17,1,11,5,Friday,2017-03-17,53.22,53.22,51.08,51.08,1000.0,1489708800.0,DOWNTREND
COM,2017,3,20,1,12,1,Monday,2017-03-20,51.52,54.47,51.16,51.52,1010.0,1489968000.0,SIDEWAY
COM,2017,3,21,1,12,2,Tuesday,2017-03-21,51.52,51.52,51.52,51.52,10.0,1490054400.0,SIDEWAY
COM,2017,3,22,1,12,3,Wednesday,2017-03-22,51.52,51.52,51.52,51.52,60.0,1490140800.0,SIDEWAY
COM,2017,3,23,1,12,4,Thursday,2017-03-23,47.92,47.92,47.92,47.92,390.0,1490227200.0,SIDEWAY
COM,2017,3,24,1,12,5,Friday,2017-03-24,51.01,51.16,51.01,51.16,110.0,1490313600.0,UPTREND
COM,2017,3,30,1,13,4,Thursday,2017-03-30,51.52,51.52,51.52,51.52,1000.0,1490832000.0,SIDEWAY
COM,2017,3,31,1,13,5,Friday,2017-03-31,50.79,50.79,50.79,50.79,10.0,1490918400.0,SIDEWAY
COM,2017,4,7,2,14,5,Friday,2017-04-07,47.84,47.84,47.84,47.84,10.0,1491523200.0,SIDEWAY
COM,2017,4,11,2,15,2,Tuesday,2017-04-11,45.56,48.58,45.56,48.58,1100.0,1491868800.0,UPTREND
COM,2017,4,14,2,15,5,Friday,2017-04-14,46.37,46.37,46.37,46.37,10.0,1492128000.0,SIDEWAY
COM,2017,4,18,2,16,2,Tuesday,2017-04-18,43.5,46.37,43.5,46.37,460.0,1492473600.0,UPTREND
COM,2017,4,20,2,16,4,Thursday,2017-04-20,44.53,49.61,44.53,49.61,510.0,1492646400.0,UPTREND
COM,2017,4,21,2,16,5,Friday,2017-04-21,51.45,51.45,46.15,46.15,110.0,1492732800.0,DOWNTREND
COM,2017,4,24,2,17,1,Monday,2017-04-24,44.16,44.16,44.16,44.16,50.0,1492992000.0,SIDEWAY
COM,2017,4,25,2,17,2,Tuesday,2017-04-25,44.16,44.16,44.16,44.16,250.0,1493078400.0,SIDEWAY
COM,2017,4,27,2,17,4,Thursday,2017-04-27,44.16,44.16,44.16,44.16,40.0,1493251200.0,SIDEWAY
COM,2017,4,28,2,17,5,Friday,2017-04-28,46.23,46.23,46.23,46.23,30.0,1493337600.0,SIDEWAY
COM,2017,5,9,2,19,2,Tuesday,2017-05-09,43.87,43.87,43.8,43.8,160.0,1494288000.0,DOWNTREND
COM,2017,5,12,2,19,5,Friday,2017-05-12,45.56,45.56,45.56,45.56,10.0,1494547200.0,SIDEWAY
COM,2017,5,15,2,20,1,Monday,2017-05-15,43.8,45.56,43.8,45.56,1790.0,1494806400.0,UPTREND
COM,2017,5,17,2,20,3,Wednesday,2017-05-17,45.49,45.49,44.9,44.9,190.0,1494979200.0,DOWNTREND
COM,2017,5,19,2,20,5,Friday,2017-05-19,47.99,47.99,47.84,47.99,2760.0,1495152000.0,SIDEWAY
COM,2017,5,22,2,21,1,Monday,2017-05-22,51.3,51.3,50.79,50.79,750.0,1495411200.0,DOWNTREND
COM,2017,5,23,2,21,2,Tuesday,2017-05-23,51.16,53.0,51.16,53.0,120.0,1495497600.0,UPTREND
COM,2017,5,24,2,21,3,Wednesday,2017-05-24,56.68,56.68,56.68,56.68,10.0,1495584000.0,SIDEWAY
COM,2017,5,26,2,21,5,Friday,2017-05-26,52.78,60.58,52.78,60.58,150.0,1495756800.0,UPTREND
COM,2017,6,1,2,22,4,Thursday,2017-06-01,60.58,60.58,60.58,60.58,70.0,1496275200.0,SIDEWAY
COM,2017,6,2,2,22,5,Friday,2017-06-02,56.38,56.38,56.38,56.38,630.0,1496361600.0,SIDEWAY
COM,2017,6,5,2,23,1,Monday,2017-06-05,52.48,52.48,52.48,52.48,120.0,1496620800.0,SIDEWAY
COM,2017,6,7,2,23,3,Wednesday,2017-06-07,56.09,56.09,56.09,56.09,210.0,1496793600.0,SIDEWAY
COM,2017,6,8,2,23,4,Thursday,2017-06-08,59.99,59.99,56.09,56.09,1210.0,1496880000.0,DOWNTREND
COM,2017,6,9,2,23,5,Friday,2017-06-09,52.33,52.33,52.19,52.19,300.0,1496966400.0,DOWNTREND
COM,2017,6,12,2,24,1,Monday,2017-06-12,48.65,55.72,48.65,55.72,210.0,1497225600.0,UPTREND
COM,2017,6,13,2,24,2,Tuesday,2017-06-13,59.4,59.4,59.4,59.4,20.0,1497312000.0,SIDEWAY
COM,2017,6,14,2,24,3,Wednesday,2017-06-14,55.28,55.28,55.28,55.28,40.0,1497398400.0,SIDEWAY
COM,2017,6,15,2,24,4,Thursday,2017-06-15,59.03,59.03,59.03,59.03,210.0,1497484800.0,SIDEWAY
COM,2017,6,19,2,25,1,Monday,2017-06-19,54.91,54.91,54.91,54.91,10.0,1497830400.0,SIDEWAY
COM,2017,6,20,2,25,2,Tuesday,2017-06-20,51.16,51.23,51.16,51.23,2180.0,1497916800.0,UPTREND
COM,2017,6,22,2,25,4,Thursday,2017-06-22,47.84,47.84,47.84,47.84,10.0,1498089600.0,SIDEWAY
COM,2017,6,23,2,25,5,Friday,2017-06-23,44.53,51.16,44.53,51.16,770.0,1498176000.0,UPTREND
COM,2017,6,26,2,26,1,Monday,2017-06-26,51.16,51.16,51.16,51.16,400.0,1498435200.0,SIDEWAY
COM,2017,6,27,2,26,2,Tuesday,2017-06-27,54.54,54.54,47.92,50.05,4230.0,1498521600.0,DOWNTREND
COM,2017,6,28,2,26,3,Wednesday,2017-06-28,46.59,51.52,46.59,51.52,14510.0,1498608000.0,UPTREND
COM,2017,6,29,2,26,4,Thursday,2017-06-29,51.52,51.52,51.52,51.52,20.0,1498694400.0,SIDEWAY
COM,2017,7,3,3,27,1,Monday,2017-07-03,47.99,47.99,47.99,47.99,10.0,1499040000.0,SIDEWAY
COM,2017,7,4,3,27,2,Tuesday,2017-07-04,45.71,45.71,45.71,45.71,10.0,1499126400.0,SIDEWAY
COM,2017,7,6,3,27,4,Thursday,2017-07-06,44.68,44.68,44.68,44.68,10.0,1499299200.0,SIDEWAY
COM,2017,7,10,3,28,1,Monday,2017-07-10,47.77,47.77,47.77,47.77,40.0,1499644800.0,SIDEWAY
COM,2017,7,11,3,28,2,Tuesday,2017-07-11,51.08,51.08,51.08,51.08,1300.0,1499731200.0,SIDEWAY
COM,2017,7,12,3,28,3,Wednesday,2017-07-12,51.52,53.73,51.52,51.6,590.0,1499817600.0,UPTREND
COM,2017,7,13,3,28,4,Thursday,2017-07-13,53.0,53.0,52.26,52.26,1470.0,1499904000.0,DOWNTREND
COM,2017,7,14,3,28,5,Friday,2017-07-14,52.33,53.73,52.33,53.73,420.0,1499990400.0,UPTREND
COM,2017,7,18,3,29,2,Tuesday,2017-07-18,50.05,50.05,50.05,50.05,3640.0,1500336000.0,SIDEWAY
COM,2017,7,19,3,29,3,Wednesday,2017-07-19,53.44,53.44,50.05,50.05,2200.0,1500422400.0,DOWNTREND
COM,2017,7,20,3,29,4,Thursday,2017-07-20,47.84,47.84,47.84,47.84,2170.0,1500508800.0,SIDEWAY
COM,2017,7,26,3,30,3,Wednesday,2017-07-26,44.97,47.77,44.9,47.77,2230.0,1501027200.0,UPTREND
COM,2017,7,27,3,30,4,Thursday,2017-07-27,44.9,47.77,44.9,47.77,140.0,1501113600.0,UPTREND
COM,2017,8,1,3,31,2,Tuesday,2017-08-01,45.64,45.64,44.46,44.46,1650.0,1501545600.0,DOWNTREND
COM,2017,8,2,3,31,3,Wednesday,2017-08-02,44.46,44.46,44.46,44.46,1090.0,1501632000.0,SIDEWAY
COM,2017,8,3,3,31,4,Thursday,2017-08-03,47.33,47.33,43.43,44.46,100.0,1501718400.0,DOWNTREND
COM,2017,8,4,3,31,5,Friday,2017-08-04,46.37,46.37,44.46,44.46,880.0,1501804800.0,DOWNTREND
COM,2017,8,7,3,32,1,Monday,2017-08-07,44.46,44.46,44.46,44.46,600.0,1502064000.0,SIDEWAY
COM,2017,8,8,3,32,2,Tuesday,2017-08-08,43.43,43.43,43.43,43.43,10.0,1502150400.0,SIDEWAY
COM,2017,8,9,3,32,3,Wednesday,2017-08-09,43.28,43.28,40.85,40.85,2660.0,1502236800.0,DOWNTREND
COM,2017,8,11,3,32,5,Friday,2017-08-11,41.22,41.22,40.85,40.85,230.0,1502409600.0,DOWNTREND
COM,2017,8,15,3,33,2,Tuesday,2017-08-15,40.85,40.85,40.85,40.85,140.0,1502755200.0,SIDEWAY
COM,2017,8,16,3,33,3,Wednesday,2017-08-16,39.82,39.82,38.05,38.05,5260.0,1502841600.0,DOWNTREND
COM,2017,8,17,3,33,4,Thursday,2017-08-17,36.95,40.63,36.95,40.63,6610.0,1502928000.0,UPTREND
COM,2017,8,18,3,33,5,Friday,2017-08-18,42.99,42.99,42.99,42.99,170.0,1503014400.0,SIDEWAY
COM,2017,8,22,3,34,2,Tuesday,2017-08-22,41.66,41.66,41.15,41.15,30.0,1503360000.0,DOWNTREND
COM,2017,8,23,3,34,3,Wednesday,2017-08-23,43.65,43.65,41.22,41.22,70.0,1503446400.0,DOWNTREND
COM,2017,8,28,3,35,1,Monday,2017-08-28,42.91,42.91,41.22,41.22,460.0,1503878400.0,DOWNTREND
COM,2017,8,29,3,35,2,Tuesday,2017-08-29,41.22,41.22,41.22,41.22,300.0,1503964800.0,SIDEWAY
COM,2017,9,1,3,35,5,Friday,2017-09-01,41.22,41.22,41.22,41.22,300.0,1504224000.0,SIDEWAY
COM,2017,9,13,3,37,3,Wednesday,2017-09-13,41.22,41.22,39.72,39.72,1380.0,1505260800.0,DOWNTREND
COM,2017,9,15,3,37,5,Friday,2017-09-15,39.72,39.72,39.72,39.72,10.0,1505433600.0,SIDEWAY
COM,2017,9,20,3,38,3,Wednesday,2017-09-20,41.22,41.22,41.22,41.22,10.0,1505865600.0,SIDEWAY
COM,2017,9,21,3,38,4,Thursday,2017-09-21,41.15,41.22,41.15,41.22,120.0,1505952000.0,UPTREND
COM,2017,9,22,3,38,5,Friday,2017-09-22,40.85,40.85,40.85,40.85,20.0,1506038400.0,SIDEWAY
COM,2017,10,3,4,40,2,Tuesday,2017-10-03,38.15,38.15,38.15,38.15,10.0,1506988800.0,SIDEWAY
COM,2017,10,4,4,40,3,Wednesday,2017-10-04,38.67,40.77,38.6,40.47,1150.0,1507075200.0,UPTREND
COM,2017,10,5,4,40,4,Thursday,2017-10-05,39.35,39.35,39.35,39.35,810.0,1507161600.0,SIDEWAY
COM,2017,10,6,4,40,5,Friday,2017-10-06,39.35,39.35,39.35,39.35,950.0,1507248000.0,SIDEWAY
COM,2017,10,9,4,41,1,Monday,2017-10-09,41.15,41.15,41.15,41.15,10.0,1507507200.0,SIDEWAY
COM,2017,10,11,4,41,3,Wednesday,2017-10-11,40.47,40.47,40.47,40.47,100.0,1507680000.0,SIDEWAY
COM,2017,10,16,4,42,1,Monday,2017-10-16,40.4,40.4,40.4,40.4,10.0,1508112000.0,SIDEWAY
COM,2017,10,17,4,42,2,Tuesday,2017-10-17,40.4,40.4,39.72,39.72,10520.0,1508198400.0,DOWNTREND
COM,2017,10,19,4,42,4,Thursday,2017-10-19,36.99,36.99,36.99,36.99,20.0,1508371200.0,SIDEWAY
COM,2017,10,20,4,42,5,Friday,2017-10-20,39.57,39.57,39.57,39.57,330.0,1508457600.0,SIDEWAY
COM,2017,10,23,4,43,1,Monday,2017-10-23,37.47,37.47,37.47,37.47,870.0,1508716800.0,SIDEWAY
COM,2017,10,24,4,43,2,Tuesday,2017-10-24,40.1,40.1,40.1,40.1,20.0,1508803200.0,SIDEWAY
COM,2017,11,1,4,44,3,Wednesday,2017-11-01,38.45,38.45,38.37,38.37,200.0,1509494400.0,DOWNTREND
COM,2017,11,2,4,44,4,Thursday,2017-11-02,38.97,39.72,38.97,39.72,920.0,1509580800.0,UPTREND
COM,2017,11,8,4,45,3,Wednesday,2017-11-08,40.47,40.47,40.47,40.47,10.0,1510099200.0,SIDEWAY
COM,2017,11,9,4,45,4,Thursday,2017-11-09,41.22,41.22,41.22,41.22,10.0,1510185600.0,SIDEWAY
COM,2017,11,10,4,45,5,Friday,2017-11-10,41.22,41.6,41.22,41.6,200.0,1510272000.0,UPTREND
COM,2017,11,13,4,46,1,Monday,2017-11-13,41.97,41.97,41.97,41.97,10.0,1510531200.0,SIDEWAY
COM,2017,11,14,4,46,2,Tuesday,2017-11-14,41.22,41.22,39.12,39.12,90.0,1510617600.0,DOWNTREND
COM,2017,11,15,4,46,3,Wednesday,2017-11-15,39.35,39.35,39.35,39.35,20.0,1510704000.0,SIDEWAY
COM,2017,11,16,4,46,4,Thursday,2017-11-16,39.35,39.35,39.35,39.35,520.0,1510790400.0,SIDEWAY
COM,2017,11,21,4,47,2,Tuesday,2017-11-21,37.92,37.92,37.7,37.7,150.0,1511222400.0,DOWNTREND
COM,2017,11,22,4,47,3,Wednesday,2017-11-22,40.32,40.32,40.32,40.32,390.0,1511308800.0,SIDEWAY
COM,2017,11,27,4,48,1,Monday,2017-11-27,40.02,40.02,40.02,40.02,110.0,1511740800.0,SIDEWAY
COM,2017,11,28,4,48,2,Tuesday,2017-11-28,40.1,40.1,40.1,40.1,20.0,1511827200.0,SIDEWAY
COM,2017,12,1,4,48,5,Friday,2017-12-01,40.62,40.62,40.47,40.47,610.0,1512086400.0,DOWNTREND
COM,2017,12,4,4,49,1,Monday,2017-12-04,42.72,43.24,42.72,43.24,3410.0,1512345600.0,UPTREND
COM,2017,12,5,4,49,2,Tuesday,2017-12-05,46.24,46.24,45.72,46.24,2170.0,1512432000.0,SIDEWAY
COM,2017,12,6,4,49,3,Wednesday,2017-12-06,49.47,49.47,49.47,49.47,1970.0,1512518400.0,SIDEWAY
COM,2017,12,7,4,49,4,Thursday,2017-12-07,46.62,46.62,46.62,46.62,200.0,1512604800.0,SIDEWAY
COM,2017,12,8,4,49,5,Friday,2017-12-08,44.97,49.39,44.97,44.97,160.0,1512691200.0,SIDEWAY
COM,2017,12,11,4,50,1,Monday,2017-12-11,44.97,44.97,44.97,44.97,20.0,1512950400.0,SIDEWAY
COM,2017,12,12,4,50,2,Tuesday,2017-12-12,48.04,48.04,43.09,43.09,1200.0,1513036800.0,DOWNTREND
COM,2017,12,13,4,50,3,Wednesday,2017-12-13,40.15,42.32,40.15,40.38,3570.0,1513123200.0,UPTREND
COM,2017,12,14,4,50,4,Thursday,2017-12-14,40.38,40.38,40.38,40.38,310.0,1513209600.0,SIDEWAY
COM,2017,12,15,4,50,5,Friday,2017-12-15,38.98,43.1,38.98,43.02,1840.0,1513296000.0,UPTREND
COM,2017,12,18,4,51,1,Monday,2017-12-18,44.96,44.96,44.96,44.96,220.0,1513555200.0,SIDEWAY
COM,2017,12,19,4,51,2,Tuesday,2017-12-19,43.48,44.88,43.48,44.88,40.0,1513641600.0,UPTREND
COM,2017,12,20,4,51,3,Wednesday,2017-12-20,41.78,44.73,41.78,41.78,1580.0,1513728000.0,SIDEWAY
COM,2017,12,21,4,51,4,Thursday,2017-12-21,39.06,41.78,39.06,41.78,80.0,1513814400.0,UPTREND
COM,2017,12,22,4,51,5,Friday,2017-12-22,39.76,44.03,39.76,39.99,230.0,1513900800.0,UPTREND
COM,2017,12,25,4,52,1,Monday,2017-12-25,40.92,42.78,40.92,42.78,470.0,1514160000.0,UPTREND
COM,2017,12,26,4,52,2,Tuesday,2017-12-26,42.78,45.04,42.78,45.04,1600.0,1514246400.0,UPTREND
COM,2017,12,27,4,52,3,Wednesday,2017-12-27,42.71,46.51,42.71,42.71,1290.0,1514332800.0,SIDEWAY
COM,2017,12,29,4,52,5,Friday,2017-12-29,42.71,45.58,42.71,45.58,1270.0,1514505600.0,UPTREND
COM,2018,1,2,1,1,2,Tuesday,2018-01-02,45.43,45.5,42.71,42.71,170.0,1514851200.0,DOWNTREND
COM,2018,1,3,1,1,3,Wednesday,2018-01-03,43.48,45.58,42.01,45.58,2360.0,1514937600.0,UPTREND
COM,2018,1,4,1,1,4,Thursday,2018-01-04,42.55,42.55,42.55,42.55,70.0,1515024000.0,SIDEWAY
COM,2018,1,5,1,1,5,Friday,2018-01-05,44.96,45.5,44.96,45.43,500.0,1515110400.0,UPTREND
COM,2018,1,9,1,2,2,Tuesday,2018-01-09,47.6,47.6,45.43,47.37,320.0,1515456000.0,DOWNTREND
COM,2018,1,10,1,2,3,Wednesday,2018-01-10,45.04,45.12,45.04,45.12,130.0,1515542400.0,UPTREND
COM,2018,1,11,1,2,4,Thursday,2018-01-11,45.19,47.37,45.19,47.37,1060.0,1515628800.0,UPTREND
COM,2018,1,12,1,2,5,Friday,2018-01-12,47.37,48.14,47.37,47.37,320.0,1515715200.0,SIDEWAY
COM,2018,1,15,1,3,1,Monday,2018-01-15,47.37,47.37,46.2,46.2,270.0,1515974400.0,DOWNTREND
COM,2018,1,16,1,3,2,Tuesday,2018-01-16,46.59,48.14,46.59,48.14,2050.0,1516060800.0,UPTREND
COM,2018,1,17,1,3,3,Wednesday,2018-01-17,48.14,48.14,46.59,46.59,110.0,1516147200.0,DOWNTREND
COM,2018,1,18,1,3,4,Thursday,2018-01-18,43.46,49.8,43.46,49.8,540.0,1516233600.0,UPTREND
COM,2018,1,19,1,3,5,Friday,2018-01-19,50.2,50.2,48.2,48.36,1340.0,1516320000.0,DOWNTREND
COM,2018,1,25,1,4,4,Thursday,2018-01-25,48.2,48.36,45.06,45.06,2550.0,1516838400.0,DOWNTREND
COM,2018,1,26,1,4,5,Friday,2018-01-26,44.9,45.06,44.9,44.98,430.0,1516924800.0,UPTREND
COM,2018,1,29,1,5,1,Monday,2018-01-29,44.98,44.98,44.98,44.98,200.0,1517184000.0,SIDEWAY
COM,2018,1,30,1,5,2,Tuesday,2018-01-30,43.38,43.38,43.38,43.38,10.0,1517270400.0,SIDEWAY
COM,2018,1,31,1,5,3,Wednesday,2018-01-31,46.27,46.35,46.27,46.27,2440.0,1517356800.0,SIDEWAY
COM,2018,2,2,1,5,5,Friday,2018-02-02,44.18,44.18,44.18,44.18,10.0,1517529600.0,SIDEWAY
COM,2018,2,6,1,6,2,Tuesday,2018-02-06,47.23,47.23,44.98,44.98,810.0,1517875200.0,DOWNTREND
COM,2018,2,9,1,6,5,Friday,2018-02-09,45.78,45.78,45.78,45.78,190.0,1518134400.0,SIDEWAY
COM,2018,2,12,1,7,1,Monday,2018-02-12,45.78,45.78,45.78,45.78,10.0,1518393600.0,SIDEWAY
COM,2018,2,26,1,9,1,Monday,2018-02-26,45.78,45.78,44.98,44.98,60.0,1519603200.0,DOWNTREND
COM,2018,2,27,1,9,2,Tuesday,2018-02-27,44.98,47.79,43.38,43.38,2340.0,1519689600.0,DOWNTREND
COM,2018,2,28,1,9,3,Wednesday,2018-02-28,43.62,46.27,43.62,46.27,20.0,1519776000.0,UPTREND
COM,2018,3,1,1,9,4,Thursday,2018-03-01,48.03,48.2,47.95,48.2,1010.0,1519862400.0,UPTREND
COM,2018,3,2,1,9,5,Friday,2018-03-02,44.82,47.23,44.82,47.23,650.0,1519948800.0,UPTREND
COM,2018,3,5,1,10,1,Monday,2018-03-05,47.23,47.71,47.23,47.71,1510.0,1520208000.0,UPTREND
COM,2018,3,6,1,10,2,Tuesday,2018-03-06,47.39,47.39,44.58,47.39,100.0,1520294400.0,SIDEWAY
COM,2018,3,13,1,11,2,Tuesday,2018-03-13,47.31,47.39,47.31,47.39,250.0,1520899200.0,UPTREND
COM,2018,3,14,1,11,3,Wednesday,2018-03-14,46.67,47.39,46.67,47.39,450.0,1520985600.0,UPTREND
COM,2018,3,16,1,11,5,Friday,2018-03-16,44.42,47.39,44.42,47.39,50.0,1521158400.0,UPTREND
COM,2018,3,19,1,12,1,Monday,2018-03-19,47.39,47.79,47.39,47.79,1000.0,1521417600.0,UPTREND
COM,2018,3,22,1,12,4,Thursday,2018-03-22,44.5,49.0,44.5,49.0,2780.0,1521676800.0,UPTREND
COM,2018,3,26,1,13,1,Monday,2018-03-26,49.0,49.0,49.0,49.0,500.0,1522022400.0,SIDEWAY
COM,2018,3,27,1,13,2,Tuesday,2018-03-27,45.63,45.63,45.63,45.63,20.0,1522108800.0,SIDEWAY
COM,2018,3,28,1,13,3,Wednesday,2018-03-28,45.78,45.78,45.63,45.63,2430.0,1522195200.0,DOWNTREND
COM,2018,4,2,2,14,1,Monday,2018-04-02,45.63,45.63,45.63,45.63,100.0,1522627200.0,SIDEWAY
COM,2018,4,5,2,14,4,Thursday,2018-04-05,45.63,45.63,44.26,44.26,90.0,1522886400.0,DOWNTREND
COM,2018,4,6,2,14,5,Friday,2018-04-06,44.26,44.26,44.26,44.26,10.0,1522972800.0,SIDEWAY
COM,2018,4,9,2,15,1,Monday,2018-04-09,44.98,44.98,44.98,44.98,20.0,1523232000.0,SIDEWAY
COM,2018,4,10,2,15,2,Tuesday,2018-04-10,44.98,44.98,44.98,44.98,10.0,1523318400.0,SIDEWAY
COM,2018,4,11,2,15,3,Wednesday,2018-04-11,44.98,44.98,44.98,44.98,320.0,1523404800.0,SIDEWAY
COM,2018,4,17,2,16,2,Tuesday,2018-04-17,44.26,48.12,44.18,48.12,940.0,1523923200.0,UPTREND
COM,2018,4,23,2,17,1,Monday,2018-04-23,50.2,50.2,44.82,44.82,3030.0,1524441600.0,DOWNTREND
COM,2018,4,24,2,17,2,Tuesday,2018-04-24,47.39,47.95,44.98,47.95,2200.0,1524528000.0,UPTREND
COM,2018,4,26,2,17,4,Thursday,2018-04-26,49.0,49.0,47.95,47.95,40.0,1524700800.0,DOWNTREND
COM,2018,5,4,2,18,5,Friday,2018-05-04,44.66,48.2,44.66,48.2,170.0,1525392000.0,UPTREND
COM,2018,5,21,2,21,1,Monday,2018-05-21,45.46,45.46,44.82,44.82,30.0,1526860800.0,DOWNTREND
COM,2018,5,22,2,21,2,Tuesday,2018-05-22,41.77,47.95,41.69,47.95,570.0,1526947200.0,UPTREND
COM,2018,5,24,2,21,4,Thursday,2018-05-24,49.8,49.8,49.8,49.8,10.0,1527120000.0,SIDEWAY
COM,2018,5,25,2,21,5,Friday,2018-05-25,46.35,47.55,46.35,46.35,430.0,1527206400.0,SIDEWAY
COM,2018,5,29,2,22,2,Tuesday,2018-05-29,44.98,44.98,44.98,44.98,110.0,1527552000.0,SIDEWAY
COM,2018,6,1,2,22,5,Friday,2018-06-01,44.5,44.98,44.5,44.98,1050.0,1527811200.0,UPTREND
COM,2018,6,4,2,23,1,Monday,2018-06-04,44.18,44.18,44.18,44.18,60.0,1528070400.0,SIDEWAY
COM,2018,6,6,2,23,3,Wednesday,2018-06-06,44.18,44.18,44.18,44.18,20.0,1528243200.0,SIDEWAY
COM,2018,6,7,2,23,4,Thursday,2018-06-07,41.85,41.85,41.77,41.77,300.0,1528329600.0,DOWNTREND
COM,2018,6,11,2,24,1,Monday,2018-06-11,44.18,44.18,44.18,44.18,10.0,1528675200.0,SIDEWAY
COM,2018,6,12,2,24,2,Tuesday,2018-06-12,41.21,47.23,41.21,44.18,620.0,1528761600.0,UPTREND
COM,2018,6,13,2,24,3,Wednesday,2018-06-13,46.59,46.59,46.59,46.59,10.0,1528848000.0,SIDEWAY
COM,2018,6,15,2,24,5,Friday,2018-06-15,43.38,45.7,43.38,43.38,600.0,1529020800.0,SIDEWAY
COM,2018,6,18,2,25,1,Monday,2018-06-18,46.35,46.35,43.38,43.38,20.0,1529280000.0,DOWNTREND
COM,2018,6,19,2,25,2,Tuesday,2018-06-19,45.7,45.7,45.7,45.7,10.0,1529366400.0,SIDEWAY
COM,2018,6,21,2,25,4,Thursday,2018-06-21,47.39,47.39,47.39,47.39,20.0,1529539200.0,SIDEWAY
COM,2018,6,22,2,25,5,Friday,2018-06-22,44.1,44.1,44.1,44.1,10.0,1529625600.0,SIDEWAY
COM,2018,6,27,2,26,3,Wednesday,2018-06-27,43.38,43.38,43.38,43.38,30.0,1530057600.0,SIDEWAY
COM,2018,6,28,2,26,4,Thursday,2018-06-28,44.18,44.98,44.18,44.98,780.0,1530144000.0,UPTREND
COM,2018,6,29,2,26,5,Friday,2018-06-29,42.57,44.18,42.57,44.18,180.0,1530230400.0,UPTREND
COM,2018,7,5,3,27,4,Thursday,2018-07-05,44.18,47.23,44.18,47.23,90.0,1530748800.0,UPTREND
COM,2018,7,6,3,27,5,Friday,2018-07-06,44.58,44.58,43.94,43.94,890.0,1530835200.0,DOWNTREND
COM,2018,7,13,3,28,5,Friday,2018-07-13,41.85,41.85,41.85,41.85,10.0,1531440000.0,SIDEWAY
COM,2018,7,16,3,29,1,Monday,2018-07-16,44.66,44.74,44.18,44.74,1330.0,1531699200.0,UPTREND
COM,2018,7,17,3,29,2,Tuesday,2018-07-17,47.79,47.79,47.79,47.79,10.0,1531785600.0,SIDEWAY
COM,2018,7,18,3,29,3,Wednesday,2018-07-18,46.59,46.59,44.66,44.66,60.0,1531872000.0,DOWNTREND
COM,2018,7,23,3,30,1,Monday,2018-07-23,46.59,46.59,46.59,46.59,1000.0,1532304000.0,SIDEWAY
COM,2018,7,24,3,30,2,Tuesday,2018-07-24,47.79,47.79,47.79,47.79,10.0,1532390400.0,SIDEWAY
COM,2018,7,25,3,30,3,Wednesday,2018-07-25,45.78,45.78,45.78,45.78,980.0,1532476800.0,SIDEWAY
COM,2018,7,27,3,30,5,Friday,2018-07-27,46.19,46.19,46.19,46.19,20.0,1532649600.0,SIDEWAY
COM,2018,8,6,3,32,1,Monday,2018-08-06,44.18,47.87,42.97,47.87,1950.0,1533513600.0,UPTREND
COM,2018,8,9,3,32,4,Thursday,2018-08-09,44.58,44.98,44.58,44.58,80.0,1533772800.0,SIDEWAY
COM,2018,8,10,3,32,5,Friday,2018-08-10,44.18,44.9,44.18,44.18,150.0,1533859200.0,SIDEWAY
COM,2018,8,13,3,33,1,Monday,2018-08-13,43.78,43.78,43.78,43.78,10.0,1534118400.0,SIDEWAY
COM,2018,8,14,3,33,2,Tuesday,2018-08-14,43.78,43.78,43.78,43.78,50.0,1534204800.0,SIDEWAY
COM,2018,8,15,3,33,3,Wednesday,2018-08-15,43.38,43.38,43.38,43.38,10.0,1534291200.0,SIDEWAY
COM,2018,8,16,3,33,4,Thursday,2018-08-16,43.38,43.38,43.38,43.38,70.0,1534377600.0,SIDEWAY
COM,2018,8,20,3,34,1,Monday,2018-08-20,44.18,44.18,44.18,44.18,30.0,1534723200.0,SIDEWAY
COM,2018,8,21,3,34,2,Tuesday,2018-08-21,44.58,44.58,44.58,44.58,80.0,1534809600.0,SIDEWAY
COM,2018,8,23,3,34,4,Thursday,2018-08-23,44.98,45.06,44.98,45.06,80.0,1534982400.0,UPTREND
COM,2018,8,24,3,34,5,Friday,2018-08-24,45.78,48.03,45.78,48.03,80.0,1535068800.0,UPTREND
COM,2018,8,27,3,35,1,Monday,2018-08-27,46.97,46.97,46.97,46.97,50.0,1535328000.0,SIDEWAY
COM,2018,8,28,3,35,2,Tuesday,2018-08-28,46.97,47.38,46.97,47.38,120.0,1535414400.0,UPTREND
COM,2018,8,30,3,35,4,Thursday,2018-08-30,47.79,47.79,47.79,47.79,20.0,1535587200.0,SIDEWAY
COM,2018,8,31,3,35,5,Friday,2018-08-31,47.87,47.87,47.87,47.87,30.0,1535673600.0,SIDEWAY
COM,2018,9,13,3,37,4,Thursday,2018-09-13,48.2,48.2,48.2,48.2,200.0,1536796800.0,SIDEWAY
COM,2018,9,14,3,37,5,Friday,2018-09-14,48.2,49.75,48.2,48.2,520.0,1536883200.0,SIDEWAY
COM,2018,9,17,3,38,1,Monday,2018-09-17,48.77,48.77,48.77,48.77,200.0,1537142400.0,SIDEWAY
COM,2018,9,18,3,38,2,Tuesday,2018-09-18,48.44,49.5,48.44,49.5,580.0,1537228800.0,UPTREND
COM,2018,9,19,3,38,3,Wednesday,2018-09-19,49.01,49.5,49.01,49.5,110.0,1537315200.0,UPTREND
COM,2018,9,20,3,38,4,Thursday,2018-09-20,49.5,49.5,49.5,49.5,20.0,1537401600.0,SIDEWAY
COM,2018,9,21,3,38,5,Friday,2018-09-21,49.01,49.01,49.01,49.01,60.0,1537488000.0,SIDEWAY
COM,2018,9,24,3,39,1,Monday,2018-09-24,49.01,49.01,49.01,49.01,20.0,1537747200.0,SIDEWAY
COM,2018,9,26,3,39,3,Wednesday,2018-09-26,49.01,49.01,48.2,48.2,190.0,1537920000.0,DOWNTREND
COM,2018,9,27,3,39,4,Thursday,2018-09-27,49.01,49.01,49.01,49.01,10.0,1538006400.0,SIDEWAY
COM,2018,9,28,3,39,5,Friday,2018-09-28,47.79,49.01,45.66,45.66,1060.0,1538092800.0,DOWNTREND
COM,2018,10,1,4,40,1,Monday,2018-10-01,45.66,48.85,45.66,48.85,1070.0,1538352000.0,UPTREND
COM,2018,10,3,4,40,3,Wednesday,2018-10-03,46.97,46.97,46.97,46.97,40.0,1538524800.0,SIDEWAY
COM,2018,10,4,4,40,4,Thursday,2018-10-04,46.56,47.38,46.56,47.38,50.0,1538611200.0,UPTREND
COM,2018,10,5,4,40,5,Friday,2018-10-05,46.16,46.16,46.16,46.16,40.0,1538697600.0,SIDEWAY
COM,2018,10,8,4,41,1,Monday,2018-10-08,47.05,47.05,47.05,47.05,20.0,1538956800.0,SIDEWAY
COM,2018,10,9,4,41,2,Tuesday,2018-10-09,47.05,47.38,47.05,47.38,20.0,1539043200.0,UPTREND
COM,2018,10,10,4,41,3,Wednesday,2018-10-10,47.46,47.46,44.52,44.52,220.0,1539129600.0,DOWNTREND
COM,2018,10,11,4,41,4,Thursday,2018-10-11,45.34,45.34,45.34,45.34,20.0,1539216000.0,SIDEWAY
COM,2018,10,12,4,41,5,Friday,2018-10-12,45.34,47.38,45.34,47.38,240.0,1539302400.0,UPTREND
COM,2018,10,23,4,43,2,Tuesday,2018-10-23,44.93,47.3,44.93,47.3,50.0,1540252800.0,UPTREND
COM,2018,11,16,4,46,5,Friday,2018-11-16,46.56,47.3,46.56,47.3,30.0,1542326400.0,UPTREND
COM,2018,11,19,4,47,1,Monday,2018-11-19,47.38,47.38,47.38,47.38,200.0,1542585600.0,SIDEWAY
COM,2018,11,23,4,47,5,Friday,2018-11-23,47.3,47.3,47.3,47.3,240.0,1542931200.0,SIDEWAY
COM,2018,11,29,4,48,4,Thursday,2018-11-29,45.34,45.34,45.34,45.34,200.0,1543449600.0,SIDEWAY
COM,2018,11,30,4,48,5,Friday,2018-11-30,42.31,42.31,42.23,42.23,130.0,1543536000.0,DOWNTREND
COM,2018,12,3,4,49,1,Monday,2018-12-03,43.3,45.17,43.3,45.17,100.0,1543795200.0,UPTREND
COM,2018,12,4,4,49,2,Tuesday,2018-12-04,45.34,45.34,45.34,45.34,100.0,1543881600.0,SIDEWAY
COM,2018,12,5,4,49,3,Wednesday,2018-12-05,44.11,44.85,43.3,43.3,100.0,1543968000.0,DOWNTREND
COM,2018,12,6,4,49,4,Thursday,2018-12-06,44.03,44.11,44.03,44.11,60.0,1544054400.0,UPTREND
COM,2018,12,7,4,49,5,Friday,2018-12-07,44.52,44.52,44.52,44.52,30.0,1544140800.0,SIDEWAY
COM,2018,12,10,4,50,1,Monday,2018-12-10,44.93,44.93,44.93,44.93,30.0,1544400000.0,SIDEWAY
COM,2018,12,11,4,50,2,Tuesday,2018-12-11,45.34,45.75,44.93,45.75,480.0,1544486400.0,UPTREND
COM,2018,12,12,4,50,3,Wednesday,2018-12-12,46.56,48.6,46.56,48.6,200.0,1544572800.0,UPTREND
COM,2018,12,13,4,50,4,Thursday,2018-12-13,47.38,49.01,47.38,48.6,2210.0,1544659200.0,UPTREND
COM,2018,12,14,4,50,5,Friday,2018-12-14,48.6,48.6,45.75,48.2,730.0,1544745600.0,DOWNTREND
COM,2018,12,17,4,51,1,Monday,2018-12-17,48.2,49.01,48.12,49.01,660.0,1545004800.0,UPTREND
COM,2018,12,18,4,51,2,Tuesday,2018-12-18,48.28,50.24,46.32,49.5,2440.0,1545091200.0,UPTREND
COM,2018,12,19,4,51,3,Wednesday,2018-12-19,49.5,49.5,49.42,49.42,30.0,1545177600.0,DOWNTREND
COM,2018,12,20,4,51,4,Thursday,2018-12-20,49.42,49.42,49.42,49.42,60.0,1545264000.0,SIDEWAY
COM,2018,12,21,4,51,5,Friday,2018-12-21,47.23,49.16,46.01,48.11,490.0,1545350400.0,UPTREND
COM,2018,12,26,4,52,3,Wednesday,2018-12-26,47.67,47.67,47.67,47.67,60.0,1545782400.0,SIDEWAY
COM,2019,1,2,1,1,3,Wednesday,2019-01-02,46.8,47.58,45.48,47.58,60.0,1546387200.0,UPTREND
COM,2019,1,3,1,1,4,Thursday,2019-01-03,47.41,47.41,45.48,47.41,30.0,1546473600.0,SIDEWAY
COM,2019,1,4,1,1,5,Friday,2019-01-04,46.8,47.15,46.8,47.15,70.0,1546560000.0,UPTREND
COM,2019,1,7,1,2,1,Monday,2019-01-07,46.01,46.8,46.01,46.8,80.0,1546819200.0,UPTREND
COM,2019,1,8,1,2,2,Tuesday,2019-01-08,46.36,46.8,45.92,46.8,350.0,1546905600.0,UPTREND
COM,2019,1,9,1,2,3,Wednesday,2019-01-09,46.71,46.8,46.71,46.8,220.0,1546992000.0,UPTREND
COM,2019,1,10,1,2,4,Thursday,2019-01-10,46.36,46.8,46.36,46.8,60.0,1547078400.0,UPTREND
COM,2019,1,11,1,2,5,Friday,2019-01-11,45.92,45.92,45.48,45.48,160.0,1547164800.0,DOWNTREND
COM,2019,1,14,1,3,1,Monday,2019-01-14,46.36,46.36,46.36,46.36,40.0,1547424000.0,SIDEWAY
COM,2019,1,15,1,3,2,Tuesday,2019-01-15,46.36,46.36,46.36,46.36,160.0,1547510400.0,SIDEWAY
COM,2019,1,17,1,3,4,Thursday,2019-01-17,46.45,46.45,46.45,46.45,750.0,1547683200.0,SIDEWAY
COM,2019,1,21,1,4,1,Monday,2019-01-21,45.48,45.48,45.48,45.48,30.0,1548028800.0,SIDEWAY
COM,2019,1,23,1,4,3,Wednesday,2019-01-23,45.48,45.48,45.48,45.48,20.0,1548201600.0,SIDEWAY
COM,2019,1,25,1,4,5,Friday,2019-01-25,45.48,45.48,45.48,45.48,1110.0,1548374400.0,SIDEWAY
COM,2019,1,28,1,5,1,Monday,2019-01-28,45.48,45.48,45.48,45.48,100.0,1548633600.0,SIDEWAY
COM,2019,2,11,1,7,1,Monday,2019-02-11,45.92,45.92,45.92,45.92,30.0,1549843200.0,SIDEWAY
COM,2019,2,12,1,7,2,Tuesday,2019-02-12,46.36,46.36,46.36,46.36,200.0,1549929600.0,SIDEWAY
COM,2019,2,13,1,7,3,Wednesday,2019-02-13,45.48,46.36,45.48,46.36,480.0,1550016000.0,UPTREND
COM,2019,2,15,1,7,5,Friday,2019-02-15,46.36,47.23,46.36,47.23,60.0,1550188800.0,UPTREND
COM,2019,2,18,1,8,1,Monday,2019-02-18,47.23,49.86,47.23,49.86,220.0,1550448000.0,UPTREND
COM,2019,2,22,1,8,5,Friday,2019-02-22,48.55,48.55,48.55,48.55,30.0,1550793600.0,SIDEWAY
COM,2019,2,28,1,9,4,Thursday,2019-02-28,47.23,48.11,47.23,48.11,60.0,1551312000.0,UPTREND
COM,2019,3,4,1,10,1,Monday,2019-03-04,48.46,51.43,48.28,48.55,14850.0,1551657600.0,UPTREND
COM,2019,3,5,1,10,2,Tuesday,2019-03-05,48.55,48.55,48.55,48.55,150.0,1551744000.0,SIDEWAY
COM,2019,3,6,1,10,3,Wednesday,2019-03-06,48.11,48.11,48.11,48.11,60.0,1551830400.0,SIDEWAY
COM,2019,3,7,1,10,4,Thursday,2019-03-07,44.96,49.07,44.96,49.07,80.0,1551916800.0,UPTREND
COM,2019,3,8,1,10,5,Friday,2019-03-08,49.07,49.07,49.07,49.07,10.0,1552003200.0,SIDEWAY
COM,2019,3,11,1,11,1,Monday,2019-03-11,49.07,49.07,49.07,49.07,50.0,1552262400.0,SIDEWAY
COM,2019,3,12,1,11,2,Tuesday,2019-03-12,49.07,49.51,49.07,49.51,40.0,1552348800.0,UPTREND
COM,2019,3,13,1,11,3,Wednesday,2019-03-13,49.86,49.86,48.55,48.55,60.0,1552435200.0,DOWNTREND
COM,2019,3,14,1,11,4,Thursday,2019-03-14,48.55,48.55,48.55,48.55,10.0,1552521600.0,SIDEWAY
COM,2019,3,18,1,12,1,Monday,2019-03-18,48.11,48.11,48.11,48.11,90.0,1552867200.0,SIDEWAY
COM,2019,3,19,1,12,2,Tuesday,2019-03-19,48.11,48.11,48.11,48.11,500.0,1552953600.0,SIDEWAY
COM,2019,3,21,1,12,4,Thursday,2019-03-21,48.11,48.11,48.11,48.11,10.0,1553126400.0,SIDEWAY
COM,2019,3,25,1,13,1,Monday,2019-03-25,47.67,49.07,47.67,49.07,40.0,1553472000.0,UPTREND
COM,2019,3,26,1,13,2,Tuesday,2019-03-26,49.07,49.51,49.07,49.51,130.0,1553558400.0,UPTREND
COM,2019,4,1,2,14,1,Monday,2019-04-01,49.42,49.42,49.42,49.42,10.0,1554076800.0,SIDEWAY
COM,2019,4,2,2,14,2,Tuesday,2019-04-02,49.42,50.3,49.42,49.68,1010.0,1554163200.0,UPTREND
COM,2019,4,3,2,14,3,Wednesday,2019-04-03,49.86,49.86,49.86,49.86,500.0,1554249600.0,SIDEWAY
COM,2019,4,4,2,14,4,Thursday,2019-04-04,49.86,49.86,49.86,49.86,330.0,1554336000.0,SIDEWAY
COM,2019,4,5,2,14,5,Friday,2019-04-05,49.86,49.86,49.86,49.86,10.0,1554422400.0,SIDEWAY
COM,2019,4,9,2,15,2,Tuesday,2019-04-09,50.3,50.3,50.3,50.3,10.0,1554768000.0,SIDEWAY
COM,2019,4,10,2,15,3,Wednesday,2019-04-10,50.3,50.3,50.3,50.3,10.0,1554854400.0,SIDEWAY
COM,2019,4,16,2,16,2,Tuesday,2019-04-16,46.88,46.88,46.88,46.88,10.0,1555372800.0,SIDEWAY
COM,2019,4,18,2,16,4,Thursday,2019-04-18,50.12,50.12,50.12,50.12,10.0,1555545600.0,SIDEWAY
COM,2019,4,19,2,16,5,Friday,2019-04-19,50.21,50.21,50.21,50.21,10.0,1555632000.0,SIDEWAY
COM,2019,4,22,2,17,1,Monday,2019-04-22,50.21,50.21,50.21,50.21,4000.0,1555891200.0,SIDEWAY
COM,2019,4,23,2,17,2,Tuesday,2019-04-23,50.21,50.21,50.21,50.21,10.0,1555977600.0,SIDEWAY
COM,2019,4,24,2,17,3,Wednesday,2019-04-24,50.3,50.3,50.3,50.3,10.0,1556064000.0,SIDEWAY
COM,2019,4,25,2,17,4,Thursday,2019-04-25,48.98,48.98,48.98,48.98,50.0,1556150400.0,SIDEWAY
COM,2019,4,26,2,17,5,Friday,2019-04-26,48.98,48.98,48.98,48.98,10.0,1556236800.0,SIDEWAY
COM,2019,5,2,2,18,4,Thursday,2019-05-02,48.55,48.55,48.55,48.55,130.0,1556755200.0,SIDEWAY
COM,2019,5,3,2,18,5,Friday,2019-05-03,48.11,48.11,48.11,48.11,30.0,1556841600.0,SIDEWAY
COM,2019,5,7,2,19,2,Tuesday,2019-05-07,48.98,48.98,48.98,48.98,10.0,1557187200.0,SIDEWAY
COM,2019,5,8,2,19,3,Wednesday,2019-05-08,48.11,48.11,47.23,47.23,50.0,1557273600.0,DOWNTREND
COM,2019,5,10,2,19,5,Friday,2019-05-10,48.11,48.11,48.11,48.11,10.0,1557446400.0,SIDEWAY
COM,2019,5,14,2,20,2,Tuesday,2019-05-14,48.98,48.98,48.98,48.98,10.0,1557792000.0,SIDEWAY
COM,2019,5,17,2,20,5,Friday,2019-05-17,48.98,48.98,48.98,48.98,1000.0,1558051200.0,SIDEWAY
COM,2019,5,22,2,21,3,Wednesday,2019-05-22,46.36,46.36,46.36,46.36,1270.0,1558483200.0,SIDEWAY
COM,2019,5,24,2,21,5,Friday,2019-05-24,49.6,49.6,49.6,49.6,60.0,1558656000.0,SIDEWAY
COM,2019,5,27,2,22,1,Monday,2019-05-27,46.36,48.9,46.36,48.9,510.0,1558915200.0,UPTREND
COM,2019,5,30,2,22,4,Thursday,2019-05-30,45.75,48.11,45.75,47.23,110.0,1559174400.0,UPTREND
COM,2019,5,31,2,22,5,Friday,2019-05-31,48.98,48.98,47.23,47.23,30.0,1559260800.0,DOWNTREND
COM,2019,6,3,2,23,1,Monday,2019-06-03,44.61,48.11,44.26,48.11,1050.0,1559520000.0,UPTREND
COM,2019,6,4,2,23,2,Tuesday,2019-06-04,48.9,48.9,48.9,48.9,20.0,1559606400.0,SIDEWAY
COM,2019,6,5,2,23,3,Wednesday,2019-06-05,48.9,48.9,48.9,48.9,10.0,1559692800.0,SIDEWAY
COM,2019,6,6,2,23,4,Thursday,2019-06-06,49.77,49.77,49.77,49.77,20.0,1559779200.0,SIDEWAY
COM,2019,6,7,2,23,5,Friday,2019-06-07,49.68,51.43,46.36,49.86,1040.0,1559865600.0,UPTREND
COM,2019,6,10,2,24,1,Monday,2019-06-10,46.45,46.45,46.45,46.45,10.0,1560124800.0,SIDEWAY
COM,2019,6,11,2,24,2,Tuesday,2019-06-11,47.93,47.93,47.93,47.93,10.0,1560211200.0,SIDEWAY
COM,2019,6,12,2,24,3,Wednesday,2019-06-12,47.93,47.93,44.61,47.58,140.0,1560297600.0,DOWNTREND
COM,2019,6,17,2,25,1,Monday,2019-06-17,44.96,44.96,44.96,44.96,10.0,1560729600.0,SIDEWAY
COM,2019,6,18,2,25,2,Tuesday,2019-06-18,45.92,47.15,45.92,47.15,80.0,1560816000.0,UPTREND
COM,2019,6,19,2,25,3,Wednesday,2019-06-19,47.15,47.23,45.92,45.92,80.0,1560902400.0,DOWNTREND
COM,2019,6,20,2,25,4,Thursday,2019-06-20,47.15,47.23,45.92,45.92,80.0,1560988800.0,DOWNTREND
COM,2019,6,21,2,25,5,Friday,2019-06-21,47.23,47.23,47.23,47.23,10.0,1561075200.0,SIDEWAY
COM,2019,6,24,2,26,1,Monday,2019-06-24,46.36,46.8,46.36,46.8,30.0,1561334400.0,UPTREND
COM,2019,6,25,2,26,2,Tuesday,2019-06-25,47.67,47.67,46.8,46.8,60.0,1561420800.0,DOWNTREND
COM,2019,6,26,2,26,3,Wednesday,2019-06-26,46.36,47.23,46.36,47.23,100.0,1561507200.0,UPTREND
COM,2019,6,27,2,26,4,Thursday,2019-06-27,46.45,46.45,46.45,46.45,20.0,1561593600.0,SIDEWAY
COM,2019,6,28,2,26,5,Friday,2019-06-28,46.8,46.8,46.8,46.8,30.0,1561680000.0,SIDEWAY
COM,2019,7,1,3,27,1,Monday,2019-07-01,46.8,46.8,46.8,46.8,20.0,1561939200.0,SIDEWAY
COM,2019,7,2,3,27,2,Tuesday,2019-07-02,47.23,47.67,47.23,47.67,70.0,1562025600.0,UPTREND
COM,2019,7,3,3,27,3,Wednesday,2019-07-03,47.67,48.11,47.67,48.11,20.0,1562112000.0,UPTREND
COM,2019,7,4,3,27,4,Thursday,2019-07-04,47.67,47.67,44.78,44.78,100.0,1562198400.0,DOWNTREND
COM,2019,7,5,3,27,5,Friday,2019-07-05,47.23,47.67,47.23,47.67,250.0,1562284800.0,UPTREND
COM,2019,7,9,3,28,2,Tuesday,2019-07-09,46.8,46.8,46.8,46.8,20.0,1562630400.0,SIDEWAY
COM,2019,7,11,3,28,4,Thursday,2019-07-11,46.36,48.11,46.36,48.11,310.0,1562803200.0,UPTREND
COM,2019,7,12,3,28,5,Friday,2019-07-12,48.11,48.11,48.11,48.11,500.0,1562889600.0,SIDEWAY
COM,2019,7,22,3,30,1,Monday,2019-07-22,46.8,46.8,46.8,46.8,20.0,1563753600.0,SIDEWAY
COM,2019,7,24,3,30,3,Wednesday,2019-07-24,46.45,46.45,46.45,46.45,10.0,1563926400.0,SIDEWAY
COM,2019,7,25,3,30,4,Thursday,2019-07-25,46.45,46.45,46.45,46.45,100.0,1564012800.0,SIDEWAY
COM,2019,7,26,3,30,5,Friday,2019-07-26,46.36,46.45,46.36,46.45,90.0,1564099200.0,UPTREND
COM,2019,7,29,3,31,1,Monday,2019-07-29,46.45,46.45,46.45,46.45,160.0,1564358400.0,SIDEWAY
COM,2019,7,30,3,31,2,Tuesday,2019-07-30,47.23,47.23,47.23,47.23,10.0,1564444800.0,SIDEWAY
COM,2019,7,31,3,31,3,Wednesday,2019-07-31,47.23,47.23,47.23,47.23,10.0,1564531200.0,SIDEWAY
COM,2019,8,2,3,31,5,Friday,2019-08-02,46.45,46.45,45.48,45.48,40.0,1564704000.0,DOWNTREND
COM,2019,8,5,3,32,1,Monday,2019-08-05,47.23,47.23,47.23,47.23,10.0,1564963200.0,SIDEWAY
COM,2019,8,8,3,32,4,Thursday,2019-08-08,44.61,44.61,44.61,44.61,20.0,1565222400.0,SIDEWAY
COM,2019,8,13,3,33,2,Tuesday,2019-08-13,47.23,47.23,47.23,47.23,10.0,1565654400.0,SIDEWAY
COM,2019,8,21,3,34,3,Wednesday,2019-08-21,48.02,48.11,48.02,48.11,100.0,1566345600.0,UPTREND
COM,2019,9,6,3,36,5,Friday,2019-09-06,44.96,44.96,44.96,49.86,20.0,1567728000.0,UPTREND
COM,2019,9,11,3,37,3,Wednesday,2019-09-11,49.86,49.86,49.86,49.86,100.0,1568160000.0,SIDEWAY
COM,2019,9,24,3,39,2,Tuesday,2019-09-24,46.53,46.53,46.53,46.53,30.0,1569283200.0,SIDEWAY
COM,2019,9,25,3,39,3,Wednesday,2019-09-25,46.62,46.62,46.53,46.53,260.0,1569369600.0,DOWNTREND
COM,2019,9,26,3,39,4,Thursday,2019-09-26,43.3,48.63,43.3,48.63,820.0,1569456000.0,UPTREND
COM,2019,10,1,4,40,2,Tuesday,2019-10-01,45.4,45.48,45.31,45.48,570.0,1569888000.0,UPTREND
COM,2019,10,2,4,40,3,Wednesday,2019-10-02,45.57,45.57,45.57,45.57,70.0,1569974400.0,SIDEWAY
COM,2019,10,3,4,40,4,Thursday,2019-10-03,45.92,45.92,45.92,45.92,30.0,1570060800.0,SIDEWAY
COM,2019,10,4,4,40,5,Friday,2019-10-04,47.76,48.46,42.86,42.86,60.0,1570147200.0,DOWNTREND
COM,2019,10,7,4,41,1,Monday,2019-10-07,42.86,45.84,41.29,42.91,50.0,1570406400.0,UPTREND
COM,2019,10,8,4,41,2,Tuesday,2019-10-08,41.16,45.66,41.16,43.82,30.0,1570492800.0,UPTREND
COM,2019,10,9,4,41,3,Wednesday,2019-10-09,41.24,41.24,41.24,43.74,20.0,1570579200.0,UPTREND
COM,2019,10,10,4,41,4,Thursday,2019-10-10,42.99,42.99,42.99,42.99,10.0,1570665600.0,SIDEWAY
COM,2019,10,11,4,41,5,Friday,2019-10-11,43.08,45.92,43.08,43.12,30.0,1570752000.0,UPTREND
COM,2019,10,14,4,42,1,Monday,2019-10-14,43.12,43.12,43.12,46.1,410.0,1571011200.0,UPTREND
COM,2019,10,15,4,42,2,Tuesday,2019-10-15,45.48,45.48,44.17,47.93,50.0,1571097600.0,UPTREND
COM,2019,10,16,4,42,3,Wednesday,2019-10-16,48.02,48.02,48.02,48.02,10.0,1571184000.0,SIDEWAY
COM,2019,10,17,4,42,4,Thursday,2019-10-17,44.7,44.78,44.7,47.58,700.0,1571270400.0,UPTREND
COM,2019,10,18,4,42,5,Friday,2019-10-18,44.52,44.52,44.52,44.52,10.0,1571356800.0,SIDEWAY
COM,2019,10,21,4,43,1,Monday,2019-10-21,46.36,46.36,46.36,44.61,20.0,1571616000.0,DOWNTREND
COM,2019,10,22,4,43,2,Tuesday,2019-10-22,43.91,43.91,43.69,43.69,50.0,1571702400.0,DOWNTREND
COM,2019,10,24,4,43,4,Thursday,2019-10-24,42.77,42.77,42.77,42.77,10.0,1571875200.0,SIDEWAY
COM,2019,10,25,4,43,5,Friday,2019-10-25,45.48,45.48,42.77,43.74,50.0,1571961600.0,DOWNTREND
COM,2019,10,28,4,44,1,Monday,2019-10-28,43.74,43.74,43.74,43.74,10.0,1572220800.0,SIDEWAY
COM,2019,10,29,4,44,2,Tuesday,2019-10-29,43.74,43.74,43.74,43.74,10.0,1572307200.0,SIDEWAY
COM,2019,10,30,4,44,3,Wednesday,2019-10-30,44.61,44.61,43.74,43.74,20.0,1572393600.0,DOWNTREND
COM,2019,10,31,4,44,4,Thursday,2019-10-31,44.61,44.61,44.61,44.61,10.0,1572480000.0,SIDEWAY
COM,2019,11,1,4,44,5,Friday,2019-11-01,43.74,43.74,43.74,45.48,130.0,1572566400.0,UPTREND
COM,2019,11,4,4,45,1,Monday,2019-11-04,42.86,42.86,42.86,42.86,20.0,1572825600.0,SIDEWAY
COM,2019,11,5,4,45,2,Tuesday,2019-11-05,43.74,43.74,43.74,43.74,10.0,1572912000.0,SIDEWAY
COM,2019,11,6,4,45,3,Wednesday,2019-11-06,42.95,42.95,42.03,46.36,470.0,1572998400.0,UPTREND
COM,2019,11,7,4,45,4,Thursday,2019-11-07,49.6,49.6,49.6,49.6,10.0,1573084800.0,SIDEWAY
COM,2019,11,11,4,46,1,Monday,2019-11-11,52.31,52.31,49.77,49.77,110.0,1573430400.0,DOWNTREND
COM,2019,11,12,4,46,2,Tuesday,2019-11-12,46.36,46.36,46.36,52.4,30.0,1573516800.0,UPTREND
COM,2019,11,13,4,46,3,Wednesday,2019-11-13,48.81,48.81,48.81,48.81,30.0,1573603200.0,SIDEWAY
COM,2019,11,14,4,46,4,Thursday,2019-11-14,51.96,51.96,51.96,51.96,10.0,1573689600.0,SIDEWAY
COM,2019,11,18,4,47,1,Monday,2019-11-18,52.05,52.05,48.37,48.37,6350.0,1574035200.0,DOWNTREND
COM,2019,11,19,4,47,2,Tuesday,2019-11-19,48.37,48.55,48.37,48.37,180.0,1574121600.0,SIDEWAY
COM,2019,11,20,4,47,3,Wednesday,2019-11-20,48.11,48.11,47.23,47.23,1040.0,1574208000.0,DOWNTREND
COM,2019,11,21,4,47,4,Thursday,2019-11-21,46.97,47.23,46.97,47.23,5750.0,1574294400.0,UPTREND
COM,2019,11,22,4,47,5,Friday,2019-11-22,47.23,47.23,45.05,47.15,380.0,1574380800.0,DOWNTREND
COM,2019,11,25,4,48,1,Monday,2019-11-25,47.76,47.76,47.76,47.76,30.0,1574640000.0,SIDEWAY
COM,2019,11,26,4,48,2,Tuesday,2019-11-26,45.48,45.48,45.48,45.48,10.0,1574726400.0,SIDEWAY
COM,2019,12,2,4,49,1,Monday,2019-12-02,47.58,47.67,46.36,47.23,5880.0,1575244800.0,DOWNTREND
COM,2019,12,3,4,49,2,Tuesday,2019-12-03,45.22,47.23,45.13,47.23,3540.0,1575331200.0,UPTREND
COM,2019,12,4,4,49,3,Wednesday,2019-12-04,49.42,49.42,46.8,47.23,9010.0,1575417600.0,DOWNTREND
COM,2019,12,5,4,49,4,Thursday,2019-12-05,47.24,47.24,47.24,47.24,420.0,1575504000.0,SIDEWAY
COM,2019,12,6,4,49,5,Friday,2019-12-06,45.94,45.94,45.94,45.94,10.0,1575590400.0,SIDEWAY
COM,2019,12,9,4,50,1,Monday,2019-12-09,45.94,48.9,45.94,48.9,60.0,1575849600.0,UPTREND
COM,2019,12,18,4,51,3,Wednesday,2019-12-18,45.52,48.63,45.52,48.72,300.0,1576627200.0,UPTREND
COM,2019,12,20,4,51,5,Friday,2019-12-20,48.72,48.72,48.72,48.72,50.0,1576800000.0,SIDEWAY
COM,2019,12,23,4,52,1,Monday,2019-12-23,45.52,45.57,45.38,45.38,230.0,1577059200.0,DOWNTREND
COM,2019,12,24,4,52,2,Tuesday,2019-12-24,45.38,48.07,45.38,48.07,20.0,1577145600.0,UPTREND
COM,2019,12,25,4,52,3,Wednesday,2019-12-25,44.92,44.92,44.92,44.92,10.0,1577232000.0,SIDEWAY
COM,2019,12,26,4,52,4,Thursday,2019-12-26,45.38,46.26,41.82,46.26,700.0,1577318400.0,UPTREND
COM,2019,12,27,4,52,5,Friday,2019-12-27,46.31,46.31,45.38,46.31,2680.0,1577404800.0,SIDEWAY
COM,2019,12,30,4,1,1,Monday,2019-12-30,44.09,44.09,44.09,44.09,10.0,1577664000.0,SIDEWAY
COM,2019,12,31,4,1,2,Tuesday,2019-12-31,46.31,46.31,44.18,44.18,30.0,1577750400.0,DOWNTREND
COM,2020,1,2,1,1,4,Thursday,2020-01-02,42.23,46.22,42.23,46.22,120.0,1577923200.0,UPTREND
COM,2020,1,3,1,1,5,Friday,2020-01-03,46.31,49.09,46.31,49.09,320.0,1578009600.0,UPTREND
COM,2020,1,6,1,2,1,Monday,2020-01-06,47.24,47.24,45.76,45.76,30.0,1578268800.0,DOWNTREND
COM,2020,1,7,1,2,2,Tuesday,2020-01-07,46.31,48.16,46.31,48.16,40.0,1578355200.0,UPTREND
COM,2020,1,13,1,3,1,Monday,2020-01-13,45.89,48.16,45.89,48.16,80.0,1578873600.0,UPTREND
COM,2020,1,15,1,3,3,Wednesday,2020-01-15,48.9,48.9,48.9,48.9,10.0,1579046400.0,SIDEWAY
COM,2020,1,16,1,3,4,Thursday,2020-01-16,49.09,49.09,45.52,45.52,790.0,1579132800.0,DOWNTREND
COM,2020,1,17,1,3,5,Friday,2020-01-17,45.52,45.52,45.52,45.52,10.0,1579219200.0,SIDEWAY
COM,2020,2,3,1,6,1,Monday,2020-02-03,44.92,48.07,44.37,47.24,580.0,1580688000.0,UPTREND
COM,2020,2,4,1,6,2,Tuesday,2020-02-04,48.16,48.16,48.16,48.16,20.0,1580774400.0,SIDEWAY
COM,2020,2,6,1,6,4,Thursday,2020-02-06,47.24,47.24,44.83,44.83,440.0,1580947200.0,DOWNTREND
COM,2020,2,7,1,6,5,Friday,2020-02-07,45.38,45.38,45.38,45.38,470.0,1581033600.0,SIDEWAY
COM,2020,2,10,1,7,1,Monday,2020-02-10,46.31,46.31,46.31,46.31,10.0,1581292800.0,SIDEWAY
COM,2020,2,11,1,7,2,Tuesday,2020-02-11,45.38,46.31,45.38,46.31,170.0,1581379200.0,UPTREND
COM,2020,2,13,1,7,4,Thursday,2020-02-13,45.38,45.38,45.38,45.38,100.0,1581552000.0,SIDEWAY
COM,2020,2,14,1,7,5,Friday,2020-02-14,46.4,46.4,46.4,46.4,10.0,1581638400.0,SIDEWAY
COM,2020,2,17,1,8,1,Monday,2020-02-17,43.53,43.53,43.16,43.16,30.0,1581897600.0,DOWNTREND
COM,2020,2,18,1,8,2,Tuesday,2020-02-18,46.13,46.13,43.63,45.38,50.0,1581984000.0,DOWNTREND
COM,2020,2,20,1,8,4,Thursday,2020-02-20,45.38,45.38,45.38,45.38,4060.0,1582156800.0,SIDEWAY
COM,2020,2,21,1,8,5,Friday,2020-02-21,46.31,46.31,46.22,46.22,50.0,1582243200.0,DOWNTREND
COM,2020,2,24,1,9,1,Monday,2020-02-24,46.31,46.31,46.31,46.31,10.0,1582502400.0,SIDEWAY
COM,2020,2,27,1,9,4,Thursday,2020-02-27,46.31,46.31,46.31,46.31,40.0,1582761600.0,SIDEWAY
COM,2020,2,28,1,9,5,Friday,2020-02-28,45.8,45.85,45.8,45.85,50.0,1582848000.0,UPTREND
COM,2020,3,2,1,10,1,Monday,2020-03-02,45.38,45.38,45.38,45.38,20.0,1583107200.0,SIDEWAY
COM,2020,3,3,1,10,2,Tuesday,2020-03-03,43.67,46.22,43.67,46.22,30.0,1583193600.0,UPTREND
COM,2020,3,5,1,10,4,Thursday,2020-03-05,45.85,45.85,45.85,45.85,10.0,1583366400.0,SIDEWAY
COM,2020,3,10,1,11,2,Tuesday,2020-03-10,43.53,43.53,43.53,43.53,10.0,1583798400.0,SIDEWAY
COM,2020,3,11,1,11,3,Wednesday,2020-03-11,43.53,43.53,43.53,43.53,10.0,1583884800.0,SIDEWAY
COM,2020,3,12,1,11,4,Thursday,2020-03-12,43.53,43.53,40.52,40.52,40.0,1583971200.0,DOWNTREND
COM,2020,3,13,1,11,5,Friday,2020-03-13,40.75,40.75,37.98,38.9,4230.0,1584057600.0,DOWNTREND
COM,2020,3,16,1,12,1,Monday,2020-03-16,41.59,41.59,37.05,41.59,3950.0,1584316800.0,SIDEWAY
COM,2020,3,18,1,12,3,Wednesday,2020-03-18,44.27,44.27,43.99,43.99,120.0,1584489600.0,DOWNTREND
COM,2020,3,19,1,12,4,Thursday,2020-03-19,41.12,41.68,41.03,41.68,3190.0,1584576000.0,UPTREND
COM,2020,3,20,1,12,5,Friday,2020-03-20,38.95,44.6,38.76,44.6,1510.0,1584662400.0,UPTREND
COM,2020,3,23,1,13,1,Monday,2020-03-23,47.33,47.33,41.54,45.85,170.0,1584921600.0,DOWNTREND
COM,2020,3,24,1,13,2,Tuesday,2020-03-24,46.96,46.96,42.65,44.92,140.0,1585008000.0,DOWNTREND
COM,2020,3,25,1,13,3,Wednesday,2020-03-25,41.82,45.38,41.82,45.38,1060.0,1585094400.0,UPTREND
COM,2020,3,26,1,13,4,Thursday,2020-03-26,42.33,42.33,42.33,42.33,50.0,1585180800.0,SIDEWAY
COM,2020,3,27,1,13,5,Friday,2020-03-27,40.01,40.01,40.01,40.01,40.0,1585267200.0,SIDEWAY
COM,2020,3,30,1,14,1,Monday,2020-03-30,42.79,42.79,42.79,42.79,490.0,1585526400.0,SIDEWAY
COM,2020,3,31,1,14,2,Tuesday,2020-03-31,42.88,42.88,42.88,42.88,10.0,1585612800.0,SIDEWAY
COM,2020,4,1,2,14,3,Wednesday,2020-04-01,40.38,40.38,40.34,40.34,880.0,1585699200.0,DOWNTREND
COM,2020,4,6,2,15,1,Monday,2020-04-06,40.38,40.38,40.38,40.38,20.0,1586131200.0,SIDEWAY
COM,2020,4,7,2,15,2,Tuesday,2020-04-07,40.75,40.75,40.38,40.38,1090.0,1586217600.0,DOWNTREND
COM,2020,4,8,2,15,3,Wednesday,2020-04-08,41.68,41.68,41.68,41.68,10.0,1586304000.0,SIDEWAY
COM,2020,4,9,2,15,4,Thursday,2020-04-09,41.68,43.53,41.68,43.53,100.0,1586390400.0,UPTREND
COM,2020,4,14,2,16,2,Tuesday,2020-04-14,41.77,41.77,41.73,41.73,90.0,1586822400.0,DOWNTREND
COM,2020,4,17,2,16,5,Friday,2020-04-17,41.63,41.63,41.63,41.63,10.0,1587081600.0,SIDEWAY
COM,2020,4,20,2,17,1,Monday,2020-04-20,41.68,41.68,41.68,41.68,10.0,1587340800.0,SIDEWAY
COM,2020,4,24,2,17,5,Friday,2020-04-24,41.68,41.68,38.76,38.76,790.0,1587686400.0,DOWNTREND
COM,2020,4,27,2,18,1,Monday,2020-04-27,41.45,41.45,41.45,41.45,110.0,1587945600.0,SIDEWAY
COM,2020,4,29,2,18,3,Wednesday,2020-04-29,41.22,41.68,40.75,40.75,210.0,1588118400.0,DOWNTREND
COM,2020,5,5,2,19,2,Tuesday,2020-05-05,40.75,40.75,40.75,40.75,20.0,1588636800.0,SIDEWAY
COM,2020,5,7,2,19,4,Thursday,2020-05-07,40.75,40.75,40.75,40.75,200.0,1588809600.0,SIDEWAY
COM,2020,5,8,2,19,5,Friday,2020-05-08,40.75,40.75,40.75,40.75,280.0,1588896000.0,SIDEWAY
COM,2020,5,11,2,20,1,Monday,2020-05-11,40.29,40.29,40.29,40.29,20.0,1589155200.0,SIDEWAY
COM,2020,5,12,2,20,2,Tuesday,2020-05-12,40.75,40.75,39.83,39.83,50.0,1589241600.0,DOWNTREND
COM,2020,5,13,2,20,3,Wednesday,2020-05-13,40.29,40.29,40.29,40.29,30.0,1589328000.0,SIDEWAY
COM,2020,5,15,2,20,5,Friday,2020-05-15,39.83,40.29,39.83,40.29,380.0,1589500800.0,UPTREND
COM,2020,5,19,2,21,2,Tuesday,2020-05-19,40.29,40.29,40.29,40.29,200.0,1589846400.0,SIDEWAY
COM,2020,5,20,2,21,3,Wednesday,2020-05-20,43.07,43.07,41.68,41.68,680.0,1589932800.0,DOWNTREND
COM,2020,5,21,2,21,4,Thursday,2020-05-21,41.68,41.68,41.68,41.68,10.0,1590019200.0,SIDEWAY
COM,2020,5,22,2,21,5,Friday,2020-05-22,42.23,42.23,42.23,42.23,10.0,1590105600.0,SIDEWAY
COM,2020,5,25,2,22,1,Monday,2020-05-25,42.28,42.28,40.34,42.23,60.0,1590364800.0,DOWNTREND
COM,2020,6,1,2,23,1,Monday,2020-06-01,39.83,42.1,39.32,39.32,1070.0,1590969600.0,DOWNTREND
COM,2020,6,2,2,23,2,Tuesday,2020-06-02,39.32,39.32,39.32,39.32,20.0,1591056000.0,SIDEWAY
COM,2020,6,3,2,23,3,Wednesday,2020-06-03,39.32,39.32,39.32,39.32,30.0,1591142400.0,SIDEWAY
COM,2020,6,4,2,23,4,Thursday,2020-06-04,39.46,39.46,37.05,39.46,430.0,1591228800.0,SIDEWAY
COM,2020,6,5,2,23,5,Friday,2020-06-05,37.05,39.46,37.05,39.46,180.0,1591315200.0,UPTREND
COM,2020,6,9,2,24,2,Tuesday,2020-06-09,39.46,39.46,39.46,39.46,20.0,1591660800.0,SIDEWAY
COM,2020,6,10,2,24,3,Wednesday,2020-06-10,39.46,39.83,39.46,39.83,140.0,1591747200.0,UPTREND
COM,2020,6,12,2,24,5,Friday,2020-06-12,37.05,40.75,37.05,40.75,20.0,1591920000.0,UPTREND
COM,2020,6,15,2,25,1,Monday,2020-06-15,40.75,40.75,38.9,40.75,620.0,1592179200.0,SIDEWAY
COM,2020,6,16,2,25,2,Tuesday,2020-06-16,40.48,40.48,37.14,40.48,80.0,1592265600.0,SIDEWAY
COM,2020,6,17,2,25,3,Wednesday,2020-06-17,42.23,42.23,37.98,37.98,280.0,1592352000.0,DOWNTREND
COM,2020,6,22,2,26,1,Monday,2020-06-22,37.05,39.64,37.05,39.64,320.0,1592784000.0,UPTREND
COM,2020,6,23,2,26,2,Tuesday,2020-06-23,39.69,39.69,39.69,39.69,10.0,1592870400.0,SIDEWAY
COM,2020,6,25,2,26,4,Thursday,2020-06-25,37.09,42.1,37.09,42.1,1140.0,1593043200.0,UPTREND
COM,2020,6,29,2,27,1,Monday,2020-06-29,39.18,42.56,39.18,41.49,210.0,1593388800.0,UPTREND
COM,2020,6,30,2,27,2,Tuesday,2020-06-30,42.51,42.51,42.51,42.51,10.0,1593475200.0,SIDEWAY
COM,2020,7,1,3,27,3,Wednesday,2020-07-01,39.55,42.42,39.55,39.83,1170.0,1593561600.0,UPTREND
COM,2020,7,2,3,27,4,Thursday,2020-07-02,40.29,40.29,40.29,40.29,40.0,1593648000.0,SIDEWAY
COM,2020,7,3,3,27,5,Friday,2020-07-03,37.65,37.65,37.65,37.65,10.0,1593734400.0,SIDEWAY
COM,2020,7,6,3,28,1,Monday,2020-07-06,39.27,39.32,39.27,39.32,80.0,1593993600.0,UPTREND
COM,2020,7,8,3,28,3,Wednesday,2020-07-08,36.68,39.36,36.68,39.36,110.0,1594166400.0,UPTREND
COM,2020,7,9,3,28,4,Thursday,2020-07-09,39.36,39.36,39.36,39.36,20.0,1594252800.0,SIDEWAY
COM,2020,7,10,3,28,5,Friday,2020-07-10,39.36,39.36,39.36,39.36,190.0,1594339200.0,SIDEWAY
COM,2020,7,13,3,29,1,Monday,2020-07-13,36.63,39.41,36.63,39.41,230.0,1594598400.0,UPTREND
COM,2020,7,14,3,29,2,Tuesday,2020-07-14,39.78,39.83,39.78,39.83,120.0,1594684800.0,UPTREND
COM,2020,7,15,3,29,3,Wednesday,2020-07-15,39.83,39.83,39.83,39.83,60.0,1594771200.0,SIDEWAY
COM,2020,7,16,3,29,4,Thursday,2020-07-16,40.71,41.68,40.71,41.68,3150.0,1594857600.0,UPTREND
COM,2020,7,20,3,30,1,Monday,2020-07-20,41.68,41.68,41.68,41.68,50.0,1595203200.0,SIDEWAY
COM,2020,7,21,3,30,2,Tuesday,2020-07-21,38.76,41.59,38.76,38.76,120.0,1595289600.0,SIDEWAY
COM,2020,7,22,3,30,3,Wednesday,2020-07-22,38.81,38.81,38.81,38.81,10.0,1595376000.0,SIDEWAY
COM,2020,7,24,3,30,5,Friday,2020-07-24,37.19,39.83,37.19,39.83,70.0,1595548800.0,UPTREND
COM,2020,7,28,3,31,2,Tuesday,2020-07-28,37.7,41.4,37.05,41.4,50.0,1595894400.0,UPTREND
COM,2020,7,29,3,31,3,Wednesday,2020-07-29,38.53,41.59,38.53,41.59,320.0,1595980800.0,UPTREND
COM,2020,7,30,3,31,4,Thursday,2020-07-30,42.61,42.61,39.83,42.61,530.0,1596067200.0,SIDEWAY
COM,2020,7,31,3,31,5,Friday,2020-07-31,44.32,44.32,44.32,44.32,30.0,1596153600.0,SIDEWAY
COM,2020,8,3,3,32,1,Monday,2020-08-03,46.26,46.26,46.26,46.26,10.0,1596412800.0,SIDEWAY
COM,2020,8,4,3,32,2,Tuesday,2020-08-04,46.31,46.31,46.31,46.31,20.0,1596499200.0,SIDEWAY
COM,2020,8,6,3,32,4,Thursday,2020-08-06,46.31,47.24,46.31,47.24,30.0,1596672000.0,UPTREND
COM,2020,8,7,3,32,5,Friday,2020-08-07,43.95,43.95,43.95,43.95,150.0,1596758400.0,SIDEWAY
COM,2020,8,10,3,33,1,Monday,2020-08-10,43.95,43.99,43.9,43.95,180.0,1597017600.0,SIDEWAY
COM,2020,8,12,3,33,3,Wednesday,2020-08-12,40.94,45.38,40.94,45.38,310.0,1597190400.0,UPTREND
COM,2020,8,13,3,33,4,Thursday,2020-08-13,45.38,45.38,44.92,45.38,180.0,1597276800.0,SIDEWAY
COM,2020,8,17,3,34,1,Monday,2020-08-17,45.34,46.31,42.23,46.31,3260.0,1597622400.0,UPTREND
COM,2020,8,18,3,34,2,Tuesday,2020-08-18,46.31,46.31,46.31,46.31,20.0,1597708800.0,SIDEWAY
COM,2020,8,21,3,34,5,Friday,2020-08-21,43.07,45.38,43.07,45.38,1770.0,1597968000.0,UPTREND
COM,2020,8,24,3,35,1,Monday,2020-08-24,46.31,46.31,45.43,46.31,43420.0,1598227200.0,SIDEWAY
COM,2020,8,25,3,35,2,Tuesday,2020-08-25,46.31,46.31,43.16,46.31,260.0,1598313600.0,SIDEWAY
COM,2020,8,26,3,35,3,Wednesday,2020-08-26,43.25,43.25,43.25,43.25,10.0,1598400000.0,SIDEWAY
COM,2020,8,27,3,35,4,Thursday,2020-08-27,45.38,46.26,45.38,46.22,420.0,1598486400.0,UPTREND
COM,2020,8,31,3,36,1,Monday,2020-08-31,46.22,46.22,46.22,46.22,20.0,1598832000.0,SIDEWAY
COM,2020,9,3,3,36,4,Thursday,2020-09-03,43.53,43.53,43.53,43.53,3540.0,1599091200.0,SIDEWAY
COM,2020,9,4,3,36,5,Friday,2020-09-04,40.52,45.85,40.52,45.85,90.0,1599177600.0,UPTREND
COM,2020,9,7,3,37,1,Monday,2020-09-07,43.53,46.26,43.53,46.26,2460.0,1599436800.0,UPTREND
COM,2020,9,8,3,37,2,Tuesday,2020-09-08,45.76,45.85,45.76,45.85,450.0,1599523200.0,UPTREND
COM,2020,9,9,3,37,3,Wednesday,2020-09-09,46.31,48.9,42.84,42.84,3060.0,1599609600.0,DOWNTREND
COM,2020,9,10,3,37,4,Thursday,2020-09-10,40.15,44.37,40.15,44.37,30.0,1599696000.0,UPTREND
COM,2020,9,11,3,37,5,Friday,2020-09-11,43.63,43.63,43.63,43.63,80.0,1599782400.0,SIDEWAY
COM,2020,9,14,3,38,1,Monday,2020-09-14,45.85,45.85,45.29,45.85,410.0,1600041600.0,SIDEWAY
COM,2020,9,18,3,38,5,Friday,2020-09-18,46.26,46.26,43.72,43.72,5510.0,1600387200.0,DOWNTREND
COM,2020,9,21,3,39,1,Monday,2020-09-21,43.72,46.22,43.72,46.22,2270.0,1600646400.0,UPTREND
COM,2020,9,23,3,39,3,Wednesday,2020-09-23,43.53,43.53,43.53,43.53,10.0,1600819200.0,SIDEWAY
COM,2020,9,24,3,39,4,Thursday,2020-09-24,43.53,43.72,43.53,43.72,390.0,1600905600.0,UPTREND
COM,2020,9,25,3,39,5,Friday,2020-09-25,40.94,40.94,40.94,40.94,10.0,1600992000.0,SIDEWAY
COM,2020,9,28,3,40,1,Monday,2020-09-28,40.98,40.98,40.98,40.98,10.0,1601251200.0,SIDEWAY
COM,2020,9,29,3,40,2,Tuesday,2020-09-29,40.98,43.44,40.98,43.44,250.0,1601337600.0,UPTREND
COM,2020,9,30,3,40,3,Wednesday,2020-09-30,43.53,43.53,43.53,43.53,40.0,1601424000.0,SIDEWAY
COM,2020,10,2,4,40,5,Friday,2020-10-02,40.8,40.8,40.8,40.8,150.0,1601596800.0,SIDEWAY
COM,2020,10,5,4,41,1,Monday,2020-10-05,42.79,42.79,42.61,42.61,150.0,1601856000.0,DOWNTREND
COM,2020,10,6,4,41,2,Tuesday,2020-10-06,45.24,45.24,44.78,45.24,30.0,1601942400.0,SIDEWAY
COM,2020,10,7,4,41,3,Wednesday,2020-10-07,44.46,44.46,44.46,44.46,30.0,1602028800.0,SIDEWAY
COM,2020,10,8,4,41,4,Thursday,2020-10-08,44.37,44.37,44.37,44.37,500.0,1602115200.0,SIDEWAY
COM,2020,10,12,4,42,1,Monday,2020-10-12,41.68,41.77,41.68,41.77,20250.0,1602460800.0,UPTREND
COM,2020,10,13,4,42,2,Tuesday,2020-10-13,41.68,44.46,41.68,44.46,10010.0,1602547200.0,UPTREND
COM,2020,10,20,4,43,2,Tuesday,2020-10-20,44.37,44.37,44.37,44.37,10.0,1603152000.0,SIDEWAY
COM,2020,10,21,4,43,3,Wednesday,2020-10-21,45.66,45.66,41.31,45.48,2040.0,1603238400.0,DOWNTREND
COM,2020,10,22,4,43,4,Thursday,2020-10-22,48.63,48.63,48.63,48.63,10.0,1603324800.0,SIDEWAY
COM,2020,10,23,4,43,5,Friday,2020-10-23,48.63,48.63,45.24,48.63,490.0,1603411200.0,SIDEWAY
COM,2020,10,26,4,44,1,Monday,2020-10-26,45.24,45.24,43.63,45.24,1210.0,1603670400.0,SIDEWAY
COM,2020,10,27,4,44,2,Tuesday,2020-10-27,45.38,45.38,45.38,45.38,10.0,1603756800.0,SIDEWAY
COM,2020,10,28,4,44,3,Wednesday,2020-10-28,45.38,45.38,45.2,45.2,20.0,1603843200.0,DOWNTREND
COM,2020,10,29,4,44,4,Thursday,2020-10-29,45.2,45.2,42.05,44.64,2080.0,1603929600.0,DOWNTREND
COM,2020,10,30,4,44,5,Friday,2020-10-30,44.64,44.64,44.64,44.64,10.0,1604016000.0,SIDEWAY
COM,2020,11,2,4,45,1,Monday,2020-11-02,47.7,47.7,44.55,44.55,20.0,1604275200.0,DOWNTREND
COM,2020,11,3,4,45,2,Tuesday,2020-11-03,46.22,46.22,44.09,44.09,20.0,1604361600.0,DOWNTREND
COM,2020,11,4,4,45,3,Wednesday,2020-11-04,44.32,44.32,44.18,44.32,110.0,1604448000.0,SIDEWAY
COM,2020,11,5,4,45,4,Thursday,2020-11-05,42.14,44.27,42.14,44.27,1010.0,1604534400.0,UPTREND
COM,2020,11,6,4,45,5,Friday,2020-11-06,41.82,41.82,41.82,41.82,30.0,1604620800.0,SIDEWAY
COM,2020,11,9,4,46,1,Monday,2020-11-09,44.37,44.6,43.99,44.6,10440.0,1604880000.0,UPTREND
COM,2020,11,10,4,46,2,Tuesday,2020-11-10,47.61,47.7,44.6,47.7,5670.0,1604966400.0,UPTREND
COM,2020,11,11,4,46,3,Wednesday,2020-11-11,50.94,50.94,50.94,50.94,20.0,1605052800.0,SIDEWAY
COM,2020,11,12,4,46,4,Thursday,2020-11-12,51.42,51.42,47.39,49.98,250.0,1605139200.0,DOWNTREND
COM,2020,11,13,4,46,5,Friday,2020-11-13,49.98,49.98,46.52,49.98,430.0,1605225600.0,SIDEWAY
COM,2020,11,16,4,47,1,Monday,2020-11-16,46.52,46.81,46.52,46.52,260.0,1605484800.0,SIDEWAY
COM,2020,11,17,4,47,2,Tuesday,2020-11-17,49.02,49.02,47.68,49.98,1980.0,1605571200.0,UPTREND
COM,2020,11,18,4,47,3,Wednesday,2020-11-18,50.94,50.94,50.94,50.94,20.0,1605657600.0,SIDEWAY
COM,2020,11,19,4,47,4,Thursday,2020-11-19,50.94,50.94,47.39,47.48,590.0,1605744000.0,DOWNTREND
COM,2020,11,20,4,47,5,Friday,2020-11-20,49.98,49.98,44.31,44.31,110.0,1605830400.0,DOWNTREND
COM,2020,11,23,4,48,1,Monday,2020-11-23,47.39,47.39,47.39,47.39,20.0,1606089600.0,SIDEWAY
COM,2020,11,24,4,48,2,Tuesday,2020-11-24,49.21,49.21,46.14,46.14,830.0,1606176000.0,DOWNTREND
COM,2020,11,25,4,48,3,Wednesday,2020-11-25,48.92,48.92,48.06,48.06,30.0,1606262400.0,DOWNTREND
COM,2020,11,26,4,48,4,Thursday,2020-11-26,49.5,49.5,49.5,49.5,20.0,1606348800.0,SIDEWAY
COM,2020,11,27,4,48,5,Friday,2020-11-27,49.21,49.5,49.02,49.02,540.0,1606435200.0,DOWNTREND
COM,2020,11,30,4,49,1,Monday,2020-11-30,49.5,49.5,48.06,48.06,260.0,1606694400.0,DOWNTREND
COM,2020,12,1,4,49,2,Tuesday,2020-12-01,45.27,45.27,45.13,45.13,6920.0,1606780800.0,DOWNTREND
COM,2020,12,2,4,49,3,Wednesday,2020-12-02,45.13,45.56,42.0,45.56,8850.0,1606867200.0,UPTREND
COM,2020,12,3,4,49,4,Thursday,2020-12-03,45.85,48.73,45.85,48.73,90.0,1606953600.0,UPTREND
COM,2020,12,4,4,49,5,Friday,2020-12-04,48.54,48.54,45.47,45.51,460.0,1607040000.0,DOWNTREND
COM,2020,12,7,4,50,1,Monday,2020-12-07,45.7,45.7,43.25,44.22,2460.0,1607299200.0,DOWNTREND
COM,2020,12,8,4,50,2,Tuesday,2020-12-08,44.22,45.66,43.73,45.66,1350.0,1607385600.0,UPTREND
COM,2020,12,9,4,50,3,Wednesday,2020-12-09,45.18,45.18,45.13,45.18,1330.0,1607472000.0,SIDEWAY
COM,2020,12,10,4,50,4,Thursday,2020-12-10,45.18,45.18,45.18,45.18,150.0,1607558400.0,SIDEWAY
COM,2020,12,11,4,50,5,Friday,2020-12-11,42.29,42.29,42.29,42.29,50.0,1607644800.0,SIDEWAY
COM,2020,12,14,4,51,1,Monday,2020-12-14,45.13,45.13,44.74,45.08,1180.0,1607904000.0,DOWNTREND
COM,2020,12,15,4,51,2,Tuesday,2020-12-15,44.7,44.7,44.7,44.7,490.0,1607990400.0,SIDEWAY
COM,2020,12,16,4,51,3,Wednesday,2020-12-16,44.22,44.22,43.35,43.54,720.0,1608076800.0,DOWNTREND
COM,2020,12,17,4,51,4,Thursday,2020-12-17,43.54,43.54,43.54,43.54,80.0,1608163200.0,SIDEWAY
COM,2020,12,18,4,51,5,Friday,2020-12-18,43.73,43.73,43.25,43.25,3170.0,1608249600.0,DOWNTREND
COM,2020,12,21,4,52,1,Monday,2020-12-21,43.25,44.22,42.77,44.22,11770.0,1608508800.0,UPTREND
COM,2020,12,23,4,52,3,Wednesday,2020-12-23,44.22,44.22,43.25,43.25,210.0,1608681600.0,DOWNTREND
COM,2020,12,24,4,52,4,Thursday,2020-12-24,41.33,44.22,41.33,44.12,2840.0,1608768000.0,UPTREND
COM,2020,12,25,4,52,5,Friday,2020-12-25,46.43,46.43,41.48,44.22,690.0,1608854400.0,DOWNTREND
COM,2020,12,28,4,53,1,Monday,2020-12-28,43.25,43.45,43.25,43.45,850.0,1609113600.0,UPTREND
COM,2020,12,29,4,53,2,Tuesday,2020-12-29,43.45,43.73,43.45,43.73,30.0,1609200000.0,UPTREND
COM,2020,12,30,4,53,3,Wednesday,2020-12-30,44.5,44.5,43.25,44.22,3750.0,1609286400.0,DOWNTREND
COM,2020,12,31,4,53,4,Thursday,2020-12-31,44.02,44.22,41.43,44.22,3270.0,1609372800.0,UPTREND
COM,2021,1,4,1,1,1,Monday,2021-01-04,41.62,45.18,41.62,45.18,300.0,1609718400.0,UPTREND
COM,2021,1,5,1,1,2,Tuesday,2021-01-05,45.18,45.18,45.18,45.18,100.0,1609804800.0,SIDEWAY
COM,2021,1,6,1,1,3,Wednesday,2021-01-06,42.1,42.2,42.1,42.2,1800.0,1609891200.0,UPTREND
COM,2021,1,7,1,1,4,Thursday,2021-01-07,42.2,42.48,42.2,42.48,200.0,1609977600.0,UPTREND
COM,2021,1,8,1,1,5,Friday,2021-01-08,44.98,44.98,44.98,44.98,100.0,1610064000.0,SIDEWAY
COM,2021,1,12,1,2,2,Tuesday,2021-01-12,44.79,44.79,42.1,44.12,900.0,1610409600.0,DOWNTREND
COM,2021,1,13,1,2,3,Wednesday,2021-01-13,44.07,44.22,43.73,43.73,2600.0,1610496000.0,DOWNTREND
COM,2021,1,18,1,3,1,Monday,2021-01-18,44.6,44.6,44.6,44.6,400.0,1610928000.0,SIDEWAY
COM,2021,1,19,1,3,2,Tuesday,2021-01-19,44.22,44.22,44.22,44.22,500.0,1611014400.0,SIDEWAY
COM,2021,1,21,1,3,4,Thursday,2021-01-21,44.7,44.7,44.7,44.7,1200.0,1611187200.0,SIDEWAY
COM,2021,1,22,1,3,5,Friday,2021-01-22,42.1,42.1,42.1,42.1,100.0,1611273600.0,SIDEWAY
COM,2021,1,25,1,4,1,Monday,2021-01-25,44.5,44.5,44.5,44.5,100.0,1611532800.0,SIDEWAY
COM,2021,1,26,1,4,2,Tuesday,2021-01-26,44.5,44.5,44.46,44.46,200.0,1611619200.0,DOWNTREND
COM,2021,1,27,1,4,3,Wednesday,2021-01-27,42.34,42.34,42.34,42.34,100.0,1611705600.0,SIDEWAY
COM,2021,2,1,1,5,1,Monday,2021-02-01,39.55,39.55,39.55,39.55,100.0,1612137600.0,SIDEWAY
COM,2021,2,2,1,5,2,Tuesday,2021-02-02,42.29,42.29,42.29,42.29,100.0,1612224000.0,SIDEWAY
COM,2021,2,4,1,5,4,Thursday,2021-02-04,39.36,39.36,39.36,39.36,100.0,1612396800.0,SIDEWAY
COM,2021,2,5,1,5,5,Friday,2021-02-05,42.1,42.1,42.1,42.1,100.0,1612483200.0,SIDEWAY
COM,2021,2,8,1,6,1,Monday,2021-02-08,41.91,41.91,41.91,41.91,100.0,1612742400.0,SIDEWAY
COM,2021,2,9,1,6,2,Tuesday,2021-02-09,38.98,44.7,38.98,44.7,300.0,1612828800.0,UPTREND
COM,2021,2,17,1,7,3,Wednesday,2021-02-17,42.1,44.7,42.1,44.7,900.0,1613520000.0,UPTREND
COM,2021,2,18,1,7,4,Thursday,2021-02-18,44.7,44.7,44.7,44.7,200.0,1613606400.0,SIDEWAY
COM,2021,2,22,1,8,1,Monday,2021-02-22,42.39,42.39,42.29,42.29,1000.0,1613952000.0,DOWNTREND
COM,2021,2,23,1,8,2,Tuesday,2021-02-23,42.29,42.29,42.29,42.29,100.0,1614038400.0,SIDEWAY
COM,2021,2,24,1,8,3,Wednesday,2021-02-24,42.29,42.29,42.29,42.29,20000.0,1614124800.0,SIDEWAY
COM,2021,2,25,1,8,4,Thursday,2021-02-25,42.29,44.65,42.29,44.65,10100.0,1614211200.0,UPTREND
COM,2021,2,26,1,8,5,Friday,2021-02-26,43.25,44.17,43.25,44.17,400.0,1614297600.0,UPTREND
COM,2021,3,1,1,9,1,Monday,2021-03-01,44.7,44.7,44.7,44.7,1300.0,1614556800.0,SIDEWAY
COM,2021,3,9,1,10,2,Tuesday,2021-03-09,43.25,43.25,42.39,42.39,400.0,1615248000.0,DOWNTREND
COM,2021,3,12,1,10,5,Friday,2021-03-12,43.25,43.25,43.25,43.25,400.0,1615507200.0,SIDEWAY
COM,2021,3,17,1,11,3,Wednesday,2021-03-17,44.65,44.7,44.65,44.7,5000.0,1615939200.0,UPTREND
COM,2021,3,18,1,11,4,Thursday,2021-03-18,44.7,44.7,44.7,44.7,600.0,1616025600.0,SIDEWAY
COM,2021,4,1,2,13,4,Thursday,2021-04-01,44.22,44.7,44.22,44.7,2000.0,1617235200.0,UPTREND
COM,2021,4,2,2,13,5,Friday,2021-04-02,44.7,44.7,44.7,44.7,2900.0,1617321600.0,SIDEWAY
COM,2021,4,5,2,14,1,Monday,2021-04-05,44.7,44.7,44.22,44.22,200.0,1617580800.0,DOWNTREND
COM,2021,4,12,2,15,1,Monday,2021-04-12,42.39,42.39,42.39,42.39,20000.0,1618185600.0,SIDEWAY
COM,2021,4,14,2,15,3,Wednesday,2021-04-14,45.27,45.27,45.27,45.27,100.0,1618358400.0,SIDEWAY
COM,2021,4,15,2,15,4,Thursday,2021-04-15,42.29,42.29,42.29,42.29,200.0,1618444800.0,SIDEWAY
COM,2021,4,19,2,16,1,Monday,2021-04-19,42.29,42.29,42.29,42.29,200.0,1618790400.0,SIDEWAY
COM,2021,4,27,2,17,2,Tuesday,2021-04-27,39.46,39.46,39.46,39.46,100.0,1619481600.0,SIDEWAY
COM,2021,4,28,2,17,3,Wednesday,2021-04-28,42.2,42.2,42.2,42.2,300.0,1619568000.0,SIDEWAY
COM,2021,5,4,2,18,2,Tuesday,2021-05-04,41.43,41.43,41.43,41.43,200.0,1620086400.0,SIDEWAY
COM,2021,5,7,2,18,5,Friday,2021-05-07,38.54,41.33,38.54,41.33,200.0,1620345600.0,UPTREND
COM,2021,5,12,2,19,3,Wednesday,2021-05-12,40.85,41.33,40.85,41.33,300.0,1620777600.0,UPTREND
COM,2021,5,18,2,20,2,Tuesday,2021-05-18,38.59,38.59,38.59,38.59,100.0,1621296000.0,SIDEWAY
COM,2021,5,21,2,20,5,Friday,2021-05-21,38.64,38.64,38.59,38.59,3000.0,1621555200.0,DOWNTREND
COM,2021,5,24,2,21,1,Monday,2021-05-24,41.28,41.28,41.28,41.28,100.0,1621814400.0,SIDEWAY
COM,2021,5,25,2,21,2,Tuesday,2021-05-25,44.17,44.17,44.17,44.17,100.0,1621900800.0,SIDEWAY
COM,2021,5,26,2,21,3,Wednesday,2021-05-26,41.09,47.24,41.09,41.09,2700.0,1621987200.0,SIDEWAY
COM,2021,5,27,2,21,4,Thursday,2021-05-27,41.09,43.93,39.07,43.93,1400.0,1622073600.0,UPTREND
COM,2021,5,31,2,22,1,Monday,2021-05-31,41.14,44.41,40.99,44.22,800.0,1622419200.0,UPTREND
COM,2021,6,2,2,22,3,Wednesday,2021-06-02,43.93,44.22,43.73,44.22,4500.0,1622592000.0,UPTREND
COM,2021,6,4,2,22,5,Friday,2021-06-04,41.38,44.22,41.38,44.22,200.0,1622764800.0,UPTREND
COM,2021,6,7,2,23,1,Monday,2021-06-07,44.7,44.7,41.19,41.19,300.0,1623024000.0,DOWNTREND
COM,2021,6,11,2,23,5,Friday,2021-06-11,43.93,44.02,43.93,44.02,3400.0,1623369600.0,UPTREND
COM,2021,6,21,2,25,1,Monday,2021-06-21,44.02,44.02,40.95,40.95,300.0,1624233600.0,DOWNTREND
COM,2021,6,23,2,25,3,Wednesday,2021-06-23,43.73,43.73,38.11,43.69,500.0,1624406400.0,DOWNTREND
COM,2021,6,28,2,26,1,Monday,2021-06-28,40.66,43.93,40.66,41.19,500.0,1624838400.0,UPTREND
COM,2021,6,29,2,26,2,Tuesday,2021-06-29,41.19,41.19,41.19,41.19,4300.0,1624924800.0,SIDEWAY
COM,2021,6,30,2,26,3,Wednesday,2021-06-30,40.47,40.47,40.47,40.47,100.0,1625011200.0,SIDEWAY
COM,2021,7,1,3,26,4,Thursday,2021-07-01,40.47,40.47,40.47,40.47,100.0,1625097600.0,SIDEWAY
COM,2021,7,5,3,27,1,Monday,2021-07-05,40.52,40.52,40.52,40.52,300.0,1625443200.0,SIDEWAY
COM,2021,7,6,3,27,2,Tuesday,2021-07-06,38.5,38.5,38.5,38.5,100.0,1625529600.0,SIDEWAY
COM,2021,7,8,3,27,4,Thursday,2021-07-08,38.5,38.5,38.5,38.5,100.0,1625702400.0,SIDEWAY
COM,2021,7,9,3,27,5,Friday,2021-07-09,35.9,41.19,35.9,40.85,800.0,1625788800.0,UPTREND
COM,2021,7,13,3,28,2,Tuesday,2021-07-13,38.11,42.63,38.11,42.63,200.0,1626134400.0,UPTREND
COM,2021,7,14,3,28,3,Wednesday,2021-07-14,39.75,39.75,39.75,39.75,100.0,1626220800.0,SIDEWAY
COM,2021,7,16,3,28,5,Friday,2021-07-16,37.34,41.33,37.34,41.33,200.0,1626393600.0,UPTREND
COM,2021,7,19,3,29,1,Monday,2021-07-19,41.33,41.33,41.33,41.33,100.0,1626652800.0,SIDEWAY
COM,2021,7,20,3,29,2,Tuesday,2021-07-20,41.33,41.33,41.33,41.33,100.0,1626739200.0,SIDEWAY
COM,2021,7,21,3,29,3,Wednesday,2021-07-21,38.45,38.45,38.45,38.45,100.0,1626825600.0,SIDEWAY
COM,2021,7,22,3,29,4,Thursday,2021-07-22,41.09,41.09,41.09,41.09,100.0,1626912000.0,SIDEWAY
COM,2021,7,26,3,30,1,Monday,2021-07-26,38.26,43.54,38.26,43.54,200.0,1627257600.0,UPTREND
COM,2021,7,30,3,30,5,Friday,2021-07-30,40.61,40.61,40.61,40.61,100.0,1627603200.0,SIDEWAY
COM,2021,8,3,3,31,2,Tuesday,2021-08-03,38.83,43.21,38.83,43.21,300.0,1627948800.0,UPTREND
COM,2021,8,4,3,31,3,Wednesday,2021-08-04,46.14,46.14,46.14,46.14,100.0,1628035200.0,SIDEWAY
COM,2021,8,5,3,31,4,Thursday,2021-08-05,43.25,43.25,43.25,43.25,1100.0,1628121600.0,SIDEWAY
COM,2021,8,10,3,32,2,Tuesday,2021-08-10,40.37,40.37,39.27,39.27,1100.0,1628553600.0,DOWNTREND
COM,2021,8,13,3,32,5,Friday,2021-08-13,39.46,39.99,39.46,39.99,400.0,1628812800.0,UPTREND
COM,2021,8,17,3,33,2,Tuesday,2021-08-17,40.03,40.03,40.03,40.03,700.0,1629158400.0,SIDEWAY
COM,2021,8,18,3,33,3,Wednesday,2021-08-18,37.34,42.77,37.34,42.77,1200.0,1629244800.0,UPTREND
COM,2021,8,23,3,34,1,Monday,2021-08-23,39.99,39.99,39.99,39.99,100.0,1629676800.0,SIDEWAY
COM,2021,8,30,3,35,1,Monday,2021-08-30,41.81,41.81,41.76,41.76,900.0,1630281600.0,DOWNTREND
COM,2021,8,31,3,35,2,Tuesday,2021-08-31,41.81,41.81,41.81,41.81,100.0,1630368000.0,SIDEWAY
COM,2021,9,1,3,35,3,Wednesday,2021-09-01,41.81,41.81,41.81,41.81,500.0,1630454400.0,SIDEWAY
COM,2021,9,6,3,36,1,Monday,2021-09-06,43.25,43.25,43.25,43.25,200.0,1630886400.0,SIDEWAY
COM,2021,9,9,3,36,4,Thursday,2021-09-09,42.29,42.29,42.29,42.29,500.0,1631145600.0,SIDEWAY
COM,2021,9,17,3,37,5,Friday,2021-09-17,39.89,39.89,39.89,39.89,300.0,1631836800.0,SIDEWAY
COM,2021,9,20,3,38,1,Monday,2021-09-20,42.29,42.29,42.29,42.29,1300.0,1632096000.0,SIDEWAY
COM,2021,9,29,3,39,3,Wednesday,2021-09-29,42.39,42.39,42.29,42.29,1500.0,1632873600.0,DOWNTREND
COM,2021,10,1,4,39,5,Friday,2021-10-01,45.22,45.22,39.36,39.36,3100.0,1633046400.0,DOWNTREND
COM,2021,10,4,4,40,1,Monday,2021-10-04,42.1,42.1,42.1,42.1,100.0,1633305600.0,SIDEWAY
COM,2021,10,5,4,40,2,Tuesday,2021-10-05,42.29,42.29,42.29,42.29,100.0,1633392000.0,SIDEWAY
COM,2021,10,6,4,40,3,Wednesday,2021-10-06,39.89,41.67,39.89,41.67,200.0,1633478400.0,UPTREND
COM,2021,10,7,4,40,4,Thursday,2021-10-07,40.08,40.08,40.08,40.08,100.0,1633564800.0,SIDEWAY
COM,2021,10,8,4,40,5,Friday,2021-10-08,42.29,42.29,42.29,42.29,100.0,1633651200.0,SIDEWAY
COM,2021,10,11,4,41,1,Monday,2021-10-11,42.24,42.24,42.24,42.24,800.0,1633910400.0,SIDEWAY
COM,2021,10,12,4,41,2,Tuesday,2021-10-12,39.55,44.22,39.51,44.22,600.0,1633996800.0,UPTREND
COM,2021,10,13,4,41,3,Wednesday,2021-10-13,41.14,46.09,41.14,46.09,300.0,1634083200.0,UPTREND
COM,2021,10,14,4,41,4,Thursday,2021-10-14,42.87,42.87,42.87,42.87,400.0,1634169600.0,SIDEWAY
COM,2021,10,15,4,41,5,Friday,2021-10-15,42.87,42.87,42.87,42.87,1900.0,1634256000.0,SIDEWAY
COM,2021,10,18,4,42,1,Monday,2021-10-18,42.87,42.87,42.87,42.87,300.0,1634515200.0,SIDEWAY
COM,2021,10,19,4,42,2,Tuesday,2021-10-19,42.82,42.82,42.82,42.82,100.0,1634601600.0,SIDEWAY
COM,2021,10,20,4,42,3,Wednesday,2021-10-20,42.82,42.82,42.82,42.82,100.0,1634688000.0,SIDEWAY
COM,2021,10,21,4,42,4,Thursday,2021-10-21,42.82,42.82,42.82,42.82,300.0,1634774400.0,SIDEWAY
COM,2021,10,22,4,42,5,Friday,2021-10-22,42.82,42.82,42.82,42.82,400.0,1634860800.0,SIDEWAY
COM,2021,10,27,4,43,3,Wednesday,2021-10-27,42.73,42.73,42.73,42.73,100.0,1635292800.0,SIDEWAY
COM,2021,10,28,4,43,4,Thursday,2021-10-28,42.82,42.82,42.29,42.29,300.0,1635379200.0,DOWNTREND
COM,2021,10,29,4,43,5,Friday,2021-10-29,42.29,42.29,41.33,41.33,1100.0,1635465600.0,DOWNTREND
COM,2021,11,2,4,44,2,Tuesday,2021-11-02,41.33,41.43,41.33,41.43,300.0,1635811200.0,UPTREND
COM,2021,11,8,4,45,1,Monday,2021-11-08,40.42,41.33,40.42,40.71,1000.0,1636329600.0,UPTREND
COM,2021,11,9,4,45,2,Tuesday,2021-11-09,40.56,43.35,40.56,43.25,1500.0,1636416000.0,UPTREND
COM,2021,11,10,4,45,3,Wednesday,2021-11-10,41.33,43.25,41.33,43.25,300.0,1636502400.0,UPTREND
COM,2021,11,11,4,45,4,Thursday,2021-11-11,40.61,43.21,40.61,43.21,300.0,1636588800.0,UPTREND
COM,2021,11,17,4,46,3,Wednesday,2021-11-17,40.95,43.01,40.95,43.01,400.0,1637107200.0,UPTREND
COM,2021,11,18,4,46,4,Thursday,2021-11-18,40.47,40.56,40.47,40.56,300.0,1637193600.0,UPTREND
COM,2021,11,19,4,46,5,Friday,2021-11-19,40.23,40.23,40.08,40.13,700.0,1637280000.0,DOWNTREND
COM,2021,11,23,4,47,2,Tuesday,2021-11-23,42.29,42.29,38.26,41.72,4000.0,1637625600.0,DOWNTREND
COM,2021,11,25,4,47,4,Thursday,2021-11-25,39.17,39.17,39.17,39.17,100.0,1637798400.0,SIDEWAY
COM,2021,11,26,4,47,5,Friday,2021-11-26,41.33,41.33,39.17,39.17,600.0,1637884800.0,DOWNTREND
COM,2021,11,30,4,48,2,Tuesday,2021-11-30,40.37,41.43,38.74,41.28,800.0,1638230400.0,UPTREND
COM,2021,12,1,4,48,3,Wednesday,2021-12-01,38.93,42.73,38.93,42.73,200.0,1638316800.0,UPTREND
COM,2021,12,2,4,48,4,Thursday,2021-12-02,40.18,40.18,40.18,40.18,100.0,1638403200.0,SIDEWAY
COM,2021,12,7,4,49,2,Tuesday,2021-12-07,40.37,40.37,40.37,40.37,100.0,1638835200.0,SIDEWAY
COM,2021,12,9,4,49,4,Thursday,2021-12-09,37.87,41.67,37.87,38.64,400.0,1639008000.0,UPTREND
COM,2021,12,10,4,49,5,Friday,2021-12-10,38.59,38.78,38.59,38.78,500.0,1639094400.0,UPTREND
COM,2021,12,13,4,50,1,Monday,2021-12-13,38.78,38.78,38.78,38.78,100.0,1639353600.0,SIDEWAY
COM,2021,12,15,4,50,3,Wednesday,2021-12-15,38.59,41.48,38.59,41.33,1500.0,1639526400.0,UPTREND
COM,2021,12,16,4,50,4,Thursday,2021-12-16,43.69,43.69,43.69,43.69,100.0,1639612800.0,SIDEWAY
COM,2021,12,20,4,51,1,Monday,2021-12-20,40.66,42.77,40.66,40.66,400.0,1639958400.0,SIDEWAY
COM,2021,12,22,4,51,3,Wednesday,2021-12-22,43.45,43.45,43.16,43.25,500.0,1640131200.0,DOWNTREND
COM,2021,12,23,4,51,4,Thursday,2021-12-23,43.25,43.25,43.16,43.16,200.0,1640217600.0,DOWNTREND
COM,2021,12,24,4,51,5,Friday,2021-12-24,43.06,43.06,43.06,43.06,1000.0,1640304000.0,SIDEWAY
COM,2021,12,27,4,52,1,Monday,2021-12-27,41.33,41.33,40.85,40.85,500.0,1640563200.0,DOWNTREND
COM,2021,12,28,4,52,2,Tuesday,2021-12-28,39.84,41.81,39.79,40.95,500.0,1640649600.0,UPTREND
COM,2021,12,29,4,52,3,Wednesday,2021-12-29,43.11,43.11,43.11,43.11,100.0,1640736000.0,SIDEWAY
COM,2021,12,30,4,52,4,Thursday,2021-12-30,42.44,42.44,42.44,42.44,100.0,1640822400.0,SIDEWAY
COM,2021,12,31,4,52,5,Friday,2021-12-31,43.16,43.25,40.42,40.42,700.0,1640908800.0,DOWNTREND
COM,2022,1,4,1,1,2,Tuesday,2022-01-04,40.47,40.9,40.37,40.37,53200.0,1641254400.0,DOWNTREND
COM,2022,1,7,1,1,5,Friday,2022-01-07,40.37,42.87,40.37,42.68,10400.0,1641513600.0,UPTREND
COM,2022,1,11,1,2,2,Tuesday,2022-01-11,40.37,42.63,40.37,40.9,1300.0,1641859200.0,UPTREND
COM,2022,1,13,1,2,4,Thursday,2022-01-13,40.9,40.9,40.85,40.85,300.0,1642032000.0,DOWNTREND
COM,2022,1,14,1,2,5,Friday,2022-01-14,42.92,42.92,42.92,42.92,100.0,1642118400.0,SIDEWAY
COM,2022,1,18,1,3,2,Tuesday,2022-01-18,40.03,42.87,39.94,42.87,600.0,1642464000.0,UPTREND
COM,2022,1,19,1,3,3,Wednesday,2022-01-19,42.92,43.25,42.92,42.92,1100.0,1642550400.0,SIDEWAY
COM,2022,1,20,1,3,4,Thursday,2022-01-20,40.76,42.92,40.76,40.9,500.0,1642636800.0,UPTREND
COM,2022,1,21,1,3,5,Friday,2022-01-21,40.9,40.9,40.9,40.9,100.0,1642723200.0,SIDEWAY
COM,2022,1,24,1,4,1,Monday,2022-01-24,40.9,40.9,40.23,40.23,200.0,1642982400.0,DOWNTREND
COM,2022,1,25,1,4,2,Tuesday,2022-01-25,42.2,42.2,42.2,42.2,200.0,1643068800.0,SIDEWAY
COM,2022,1,26,1,4,3,Wednesday,2022-01-26,39.65,39.65,39.6,39.6,200.0,1643155200.0,DOWNTREND
COM,2022,1,27,1,4,4,Thursday,2022-01-27,42.2,42.34,38.93,38.93,300.0,1643241600.0,DOWNTREND
COM,2022,2,7,1,6,1,Monday,2022-02-07,41.62,41.62,41.62,41.62,100.0,1644192000.0,SIDEWAY
COM,2022,2,8,1,6,2,Tuesday,2022-02-08,40.71,40.71,40.71,40.71,100.0,1644278400.0,SIDEWAY
COM,2022,2,9,1,6,3,Wednesday,2022-02-09,40.95,42.97,40.95,42.97,700.0,1644364800.0,UPTREND
COM,2022,2,15,1,7,2,Tuesday,2022-02-15,40.37,42.24,40.37,40.85,30400.0,1644883200.0,UPTREND
COM,2022,2,16,1,7,3,Wednesday,2022-02-16,40.85,42.29,40.85,42.29,500.0,1644969600.0,UPTREND
COM,2022,2,17,1,7,4,Thursday,2022-02-17,42.29,42.29,42.29,42.29,100.0,1645056000.0,SIDEWAY
COM,2022,2,18,1,7,5,Friday,2022-02-18,40.42,43.16,40.42,42.29,1200.0,1645142400.0,UPTREND
COM,2022,2,21,1,8,1,Monday,2022-02-21,40.9,42.24,40.9,42.24,400.0,1645401600.0,UPTREND
COM,2022,2,22,1,8,2,Tuesday,2022-02-22,43.11,43.16,41.33,43.06,1400.0,1645488000.0,DOWNTREND
COM,2022,2,23,1,8,3,Wednesday,2022-02-23,43.16,43.16,40.9,43.16,2200.0,1645574400.0,SIDEWAY
COM,2022,2,24,1,8,4,Thursday,2022-02-24,42.87,46.14,41.62,41.62,400.0,1645660800.0,DOWNTREND
COM,2022,2,25,1,8,5,Friday,2022-02-25,43.25,44.22,42.29,42.29,1900.0,1645747200.0,DOWNTREND
COM,2022,2,28,1,9,1,Monday,2022-02-28,45.22,45.22,43.25,43.25,1500.0,1646006400.0,DOWNTREND
COM,2022,3,1,1,9,2,Tuesday,2022-03-01,44.79,44.79,43.25,43.73,700.0,1646092800.0,DOWNTREND
COM,2022,3,2,1,9,3,Wednesday,2022-03-02,43.73,46.04,43.25,45.95,700.0,1646179200.0,UPTREND
COM,2022,3,3,1,9,4,Thursday,2022-03-03,48.06,48.06,42.77,48.06,4300.0,1646265600.0,SIDEWAY
COM,2022,3,4,1,9,5,Friday,2022-03-04,50.46,50.46,44.79,49.98,3700.0,1646352000.0,DOWNTREND
COM,2022,3,7,1,10,1,Monday,2022-03-07,49.98,53.25,46.71,53.25,3300.0,1646611200.0,UPTREND
COM,2022,3,8,1,10,2,Tuesday,2022-03-08,53.15,53.15,49.6,53.15,700.0,1646697600.0,SIDEWAY
COM,2022,3,9,1,10,3,Wednesday,2022-03-09,49.5,53.83,49.5,53.63,3300.0,1646784000.0,UPTREND
COM,2022,3,10,1,10,4,Thursday,2022-03-10,49.89,53.44,49.89,52.87,2100.0,1646870400.0,UPTREND
COM,2022,3,11,1,10,5,Friday,2022-03-11,51.04,52.87,49.21,51.91,1300.0,1646956800.0,UPTREND
COM,2022,3,14,1,11,1,Monday,2022-03-14,48.35,51.91,48.35,51.81,1800.0,1647216000.0,UPTREND
COM,2022,3,15,1,11,2,Tuesday,2022-03-15,48.25,52.0,48.25,52.0,3300.0,1647302400.0,UPTREND
COM,2022,3,16,1,11,3,Wednesday,2022-03-16,48.44,52.87,48.44,52.87,1500.0,1647388800.0,UPTREND
COM,2022,3,17,1,11,4,Thursday,2022-03-17,49.21,52.67,49.21,49.5,800.0,1647475200.0,UPTREND
COM,2022,3,18,1,11,5,Friday,2022-03-18,51.0,52.9,46.1,52.4,2700.0,1647561600.0,UPTREND
COM,2022,3,21,1,12,1,Monday,2022-03-21,52.7,56.0,48.75,50.1,5700.0,1647820800.0,DOWNTREND
COM,2022,3,22,1,12,2,Tuesday,2022-03-22,51.9,53.6,49.15,53.6,2600.0,1647907200.0,UPTREND
COM,2022,3,23,1,12,3,Wednesday,2022-03-23,53.4,57.3,50.0,57.2,6200.0,1647993600.0,UPTREND
COM,2022,3,24,1,12,4,Thursday,2022-03-24,56.9,61.0,53.2,61.0,8800.0,1648080000.0,UPTREND
COM,2022,3,25,1,12,5,Friday,2022-03-25,56.9,65.2,56.8,63.0,5800.0,1648166400.0,UPTREND
COM,2022,3,28,1,13,1,Monday,2022-03-28,58.6,67.4,58.6,67.4,10100.0,1648425600.0,UPTREND
COM,2022,3,29,1,13,2,Tuesday,2022-03-29,67.0,72.1,62.7,72.0,7800.0,1648512000.0,UPTREND
COM,2022,3,30,1,13,3,Wednesday,2022-03-30,72.0,76.0,67.0,76.0,10200.0,1648598400.0,UPTREND
COM,2022,3,31,1,13,4,Thursday,2022-03-31,76.0,79.0,70.7,72.9,8200.0,1648684800.0,DOWNTREND
COM,2022,4,1,2,13,5,Friday,2022-04-01,74.9,74.9,67.8,72.6,2300.0,1648771200.0,DOWNTREND
COM,2022,4,4,2,14,1,Monday,2022-04-04,67.7,72.5,67.6,72.3,1200.0,1649030400.0,UPTREND
COM,2022,4,5,2,14,2,Tuesday,2022-04-05,67.3,72.2,67.3,72.2,200.0,1649116800.0,UPTREND
COM,2022,4,6,2,14,3,Wednesday,2022-04-06,67.3,71.9,67.2,67.2,2500.0,1649203200.0,DOWNTREND
COM,2022,4,7,2,14,4,Thursday,2022-04-07,67.0,67.0,62.5,62.5,3000.0,1649289600.0,DOWNTREND
COM,2022,4,8,2,14,5,Friday,2022-04-08,58.4,66.4,58.2,66.0,3600.0,1649376000.0,UPTREND
COM,2022,4,12,2,15,2,Tuesday,2022-04-12,61.4,67.0,61.4,65.5,700.0,1649721600.0,UPTREND
COM,2022,4,14,2,15,4,Thursday,2022-04-14,65.4,65.4,64.0,64.9,300.0,1649894400.0,DOWNTREND
COM,2022,4,15,2,15,5,Friday,2022-04-15,60.4,64.8,60.4,64.8,400.0,1649980800.0,UPTREND
COM,2022,4,18,2,16,1,Monday,2022-04-18,60.3,64.8,60.3,60.3,1000.0,1650240000.0,SIDEWAY
COM,2022,4,19,2,16,2,Tuesday,2022-04-19,63.0,63.9,56.1,56.1,5100.0,1650326400.0,DOWNTREND
COM,2022,4,20,2,16,3,Wednesday,2022-04-20,52.2,59.8,52.2,52.2,5000.0,1650412800.0,SIDEWAY
COM,2022,4,21,2,16,4,Thursday,2022-04-21,49.0,55.8,48.55,49.1,5200.0,1650499200.0,UPTREND
COM,2022,4,22,2,16,5,Friday,2022-04-22,52.3,52.5,45.85,49.0,2200.0,1650585600.0,DOWNTREND
COM,2022,4,25,2,17,1,Monday,2022-04-25,52.2,52.4,45.6,45.7,3300.0,1650844800.0,DOWNTREND
COM,2022,4,26,2,17,2,Tuesday,2022-04-26,48.75,48.85,42.55,48.85,2200.0,1650931200.0,UPTREND
COM,2022,4,27,2,17,3,Wednesday,2022-04-27,48.9,52.2,48.0,48.85,1900.0,1651017600.0,DOWNTREND
COM,2022,4,28,2,17,4,Thursday,2022-04-28,51.9,52.2,45.5,46.15,3100.0,1651104000.0,DOWNTREND
COM,2022,4,29,2,17,5,Friday,2022-04-29,49.35,49.35,46.5,46.9,1800.0,1651190400.0,DOWNTREND
COM,2022,5,4,2,18,3,Wednesday,2022-05-04,46.9,46.9,46.9,46.9,400.0,1651622400.0,SIDEWAY
COM,2022,5,5,2,18,4,Thursday,2022-05-05,49.8,50.1,43.65,50.1,3700.0,1651708800.0,UPTREND
COM,2022,5,6,2,18,5,Friday,2022-05-06,53.5,53.6,46.65,47.65,3600.0,1651795200.0,DOWNTREND
COM,2022,5,9,2,19,1,Monday,2022-05-09,45.05,50.9,45.05,50.9,700.0,1652054400.0,UPTREND
COM,2022,5,10,2,19,2,Tuesday,2022-05-10,47.4,54.1,47.35,53.9,5000.0,1652140800.0,UPTREND
COM,2022,5,11,2,19,3,Wednesday,2022-05-11,55.4,57.6,50.2,57.3,5000.0,1652227200.0,UPTREND
COM,2022,5,12,2,19,4,Thursday,2022-05-12,57.0,57.0,53.3,53.4,1800.0,1652313600.0,DOWNTREND
COM,2022,5,13,2,19,5,Friday,2022-05-13,49.75,55.0,49.7,53.0,2100.0,1652400000.0,UPTREND
COM,2022,5,16,2,20,1,Monday,2022-05-16,49.3,56.7,49.3,56.7,5900.0,1652659200.0,UPTREND
COM,2022,5,17,2,20,2,Tuesday,2022-05-17,52.8,60.6,52.8,60.5,7700.0,1652745600.0,UPTREND
COM,2022,5,18,2,20,3,Wednesday,2022-05-18,58.0,60.6,56.4,56.4,4800.0,1652832000.0,DOWNTREND
COM,2022,5,19,2,20,4,Thursday,2022-05-19,60.0,60.3,52.5,53.9,6600.0,1652918400.0,DOWNTREND
COM,2022,5,20,2,20,5,Friday,2022-05-20,56.9,57.6,50.6,57.6,4400.0,1653004800.0,UPTREND
COM,2022,5,23,2,21,1,Monday,2022-05-23,61.4,61.5,53.7,61.2,5000.0,1653264000.0,DOWNTREND
COM,2022,5,24,2,21,2,Tuesday,2022-05-24,61.2,64.8,57.1,63.0,8300.0,1653350400.0,UPTREND
COM,2022,5,25,2,21,3,Wednesday,2022-05-25,65.6,65.6,58.7,63.4,6800.0,1653436800.0,DOWNTREND
COM,2022,5,26,2,21,4,Thursday,2022-05-26,60.0,66.0,59.1,63.0,4800.0,1653523200.0,UPTREND
COM,2022,5,27,2,21,5,Friday,2022-05-27,58.8,65.8,58.6,63.4,7300.0,1653609600.0,UPTREND
COM,2022,5,30,2,22,1,Monday,2022-05-30,59.3,67.8,59.0,66.0,8500.0,1653868800.0,UPTREND
COM,2022,5,31,2,22,2,Tuesday,2022-05-31,61.7,68.6,61.7,65.9,8300.0,1653955200.0,UPTREND
COM,2022,6,1,2,22,3,Wednesday,2022-06-01,61.4,69.0,61.3,66.9,7100.0,1654041600.0,UPTREND
COM,2022,6,2,2,22,4,Thursday,2022-06-02,62.3,68.4,62.3,66.9,10600.0,1654128000.0,UPTREND
COM,2022,6,3,2,22,5,Friday,2022-06-03,62.6,66.8,62.3,62.3,5000.0,1654214400.0,DOWNTREND
COM,2022,6,6,2,23,1,Monday,2022-06-06,62.3,66.6,58.0,66.5,13800.0,1654473600.0,UPTREND
COM,2022,6,7,2,23,2,Tuesday,2022-06-07,62.3,67.8,61.9,66.2,8900.0,1654560000.0,UPTREND
COM,2022,6,8,2,23,3,Wednesday,2022-06-08,61.8,70.0,61.8,68.9,6900.0,1654646400.0,UPTREND
COM,2022,6,9,2,23,4,Thursday,2022-06-09,64.4,68.4,64.1,67.2,15300.0,1654732800.0,UPTREND
COM,2022,6,10,2,23,5,Friday,2022-06-10,63.1,66.4,62.5,65.5,6200.0,1654819200.0,UPTREND
COM,2022,6,13,2,24,1,Monday,2022-06-13,62.5,70.0,61.2,68.9,13700.0,1655078400.0,UPTREND
COM,2022,6,14,2,24,2,Tuesday,2022-06-14,64.4,72.0,64.1,71.4,8600.0,1655164800.0,UPTREND
COM,2022,6,15,2,24,3,Wednesday,2022-06-15,66.7,72.4,66.5,70.9,8100.0,1655251200.0,UPTREND
COM,2022,6,16,2,24,4,Thursday,2022-06-16,70.8,71.3,66.0,68.8,11800.0,1655337600.0,DOWNTREND
COM,2022,6,17,2,24,5,Friday,2022-06-17,64.4,72.3,64.0,70.9,11700.0,1655424000.0,UPTREND
COM,2022,6,20,2,25,1,Monday,2022-06-20,66.2,71.0,66.2,68.9,5400.0,1655683200.0,UPTREND
COM,2022,6,21,2,25,2,Tuesday,2022-06-21,66.0,66.0,64.1,64.1,3400.0,1655769600.0,DOWNTREND
COM,2022,6,22,2,25,3,Wednesday,2022-06-22,64.1,64.1,59.7,59.7,4500.0,1655856000.0,DOWNTREND
COM,2022,6,23,2,25,4,Thursday,2022-06-23,55.6,55.6,55.6,55.6,4000.0,1655942400.0,SIDEWAY
COM,2022,6,24,2,25,5,Friday,2022-06-24,55.6,55.6,51.8,52.1,4100.0,1656028800.0,DOWNTREND
COM,2022,6,27,2,26,1,Monday,2022-06-27,52.2,55.7,52.2,55.7,1000.0,1656288000.0,UPTREND
COM,2022,6,28,2,26,2,Tuesday,2022-06-28,55.7,58.1,55.7,56.3,900.0,1656374400.0,UPTREND
COM,2022,6,29,2,26,3,Wednesday,2022-06-29,53.4,53.5,53.4,53.4,1000.0,1656460800.0,SIDEWAY
COM,2022,6,30,2,26,4,Thursday,2022-06-30,50.4,50.4,49.7,50.0,12800.0,1656547200.0,DOWNTREND
COM,2022,7,1,3,26,5,Friday,2022-07-01,46.6,46.6,46.5,46.6,800.0,1656633600.0,SIDEWAY
COM,2022,7,4,3,27,1,Monday,2022-07-04,46.65,47.85,43.35,47.85,5700.0,1656892800.0,UPTREND
COM,2022,7,5,3,27,2,Tuesday,2022-07-05,45.0,48.0,45.0,48.0,1000.0,1656979200.0,UPTREND
COM,2022,7,6,3,27,3,Wednesday,2022-07-06,45.25,47.0,45.25,47.0,800.0,1657065600.0,UPTREND
COM,2022,7,7,3,27,4,Thursday,2022-07-07,47.65,47.65,43.75,43.9,4300.0,1657152000.0,DOWNTREND
COM,2022,7,8,3,27,5,Friday,2022-07-08,43.9,44.5,43.9,44.5,1000.0,1657238400.0,UPTREND
COM,2022,7,11,3,28,1,Monday,2022-07-11,43.5,43.55,43.0,43.5,800.0,1657497600.0,SIDEWAY
COM,2022,7,12,3,28,2,Tuesday,2022-07-12,40.95,43.5,40.95,43.5,2600.0,1657584000.0,UPTREND
COM,2022,7,13,3,28,3,Wednesday,2022-07-13,43.5,43.55,42.25,42.3,800.0,1657670400.0,DOWNTREND
COM,2022,7,14,3,28,4,Thursday,2022-07-14,43.15,45.25,43.1,45.25,4600.0,1657756800.0,UPTREND
COM,2022,7,15,3,28,5,Friday,2022-07-15,45.0,45.0,43.25,43.35,1000.0,1657843200.0,DOWNTREND
COM,2022,7,18,3,29,1,Monday,2022-07-18,43.35,43.35,43.35,43.35,300.0,1658102400.0,SIDEWAY
COM,2022,7,19,3,29,2,Tuesday,2022-07-19,42.0,43.95,42.0,43.95,1000.0,1658188800.0,UPTREND
COM,2022,7,20,3,29,3,Wednesday,2022-07-20,42.3,42.3,42.2,42.2,1700.0,1658275200.0,DOWNTREND
COM,2022,7,21,3,29,4,Thursday,2022-07-21,42.2,44.6,42.2,44.0,1800.0,1658361600.0,UPTREND
COM,2022,7,22,3,29,5,Friday,2022-07-22,44.0,45.4,44.0,45.4,2900.0,1658448000.0,UPTREND
COM,2022,7,26,3,30,2,Tuesday,2022-07-26,42.4,44.35,42.3,44.35,600.0,1658793600.0,UPTREND
COM,2022,7,28,3,30,4,Thursday,2022-07-28,42.1,43.9,42.1,43.9,1500.0,1658966400.0,UPTREND
COM,2022,7,29,3,30,5,Friday,2022-07-29,42.95,43.0,42.7,42.7,1900.0,1659052800.0,DOWNTREND
COM,2022,8,1,3,31,1,Monday,2022-08-01,42.55,42.6,42.55,42.6,200.0,1659312000.0,UPTREND
COM,2022,8,2,3,31,2,Tuesday,2022-08-02,42.95,43.1,42.95,43.1,1600.0,1659398400.0,UPTREND
COM,2022,8,3,3,31,3,Wednesday,2022-08-03,41.7,43.0,41.7,43.0,1000.0,1659484800.0,UPTREND
COM,2022,8,4,3,31,4,Thursday,2022-08-04,42.9,43.0,42.9,42.95,1000.0,1659571200.0,UPTREND
COM,2022,8,5,3,31,5,Friday,2022-08-05,42.95,42.95,42.95,42.95,300.0,1659657600.0,SIDEWAY
COM,2022,8,8,3,32,1,Monday,2022-08-08,43.0,43.0,43.0,43.0,300.0,1659916800.0,SIDEWAY
COM,2022,8,9,3,32,2,Tuesday,2022-08-09,42.95,43.2,42.95,43.2,800.0,1660003200.0,UPTREND
COM,2022,8,10,3,32,3,Wednesday,2022-08-10,43.9,43.9,43.9,43.9,400.0,1660089600.0,SIDEWAY
COM,2022,8,11,3,32,4,Thursday,2022-08-11,43.2,43.2,43.2,43.2,100.0,1660176000.0,SIDEWAY
COM,2022,8,15,3,33,1,Monday,2022-08-15,43.95,45.4,43.95,44.0,1700.0,1660521600.0,UPTREND
COM,2022,8,16,3,33,2,Tuesday,2022-08-16,43.85,43.85,43.85,43.85,300.0,1660608000.0,SIDEWAY
COM,2022,8,18,3,33,4,Thursday,2022-08-18,41.65,44.65,41.65,42.15,1700.0,1660780800.0,UPTREND
COM,2022,8,19,3,33,5,Friday,2022-08-19,42.2,44.2,42.2,42.2,1400.0,1660867200.0,SIDEWAY
COM,2022,8,23,3,34,2,Tuesday,2022-08-23,41.25,41.25,41.25,41.25,800.0,1661212800.0,SIDEWAY
COM,2022,8,24,3,34,3,Wednesday,2022-08-24,41.65,43.9,41.65,43.85,900.0,1661299200.0,UPTREND
COM,2022,8,25,3,34,4,Thursday,2022-08-25,44.4,44.4,44.4,44.4,100.0,1661385600.0,SIDEWAY
COM,2022,8,26,3,34,5,Friday,2022-08-26,43.05,43.05,42.5,42.5,1000.0,1661472000.0,DOWNTREND
COM,2022,8,29,3,35,1,Monday,2022-08-29,41.05,41.1,41.0,41.1,1100.0,1661731200.0,UPTREND
COM,2022,8,30,3,35,2,Tuesday,2022-08-30,42.85,42.85,42.7,42.7,600.0,1661817600.0,DOWNTREND
COM,2022,8,31,3,35,3,Wednesday,2022-08-31,42.95,44.85,40.35,42.0,1100.0,1661904000.0,DOWNTREND
COM,2022,9,5,3,36,1,Monday,2022-09-05,41.05,41.05,41.05,41.05,100.0,1662336000.0,SIDEWAY
COM,2022,9,6,3,36,2,Tuesday,2022-09-06,39.25,41.25,39.2,41.25,1100.0,1662422400.0,UPTREND
COM,2022,9,7,3,36,3,Wednesday,2022-09-07,39.35,41.25,39.35,41.25,600.0,1662508800.0,UPTREND
COM,2022,9,8,3,36,4,Thursday,2022-09-08,40.2,41.65,40.2,40.35,1200.0,1662595200.0,UPTREND
COM,2022,9,9,3,36,5,Friday,2022-09-09,39.6,41.95,39.6,41.95,600.0,1662681600.0,UPTREND
COM,2022,9,12,3,37,1,Monday,2022-09-12,40.1,44.4,40.1,42.0,900.0,1662940800.0,UPTREND
COM,2022,9,13,3,37,2,Tuesday,2022-09-13,43.8,43.8,42.45,42.5,400.0,1663027200.0,DOWNTREND
COM,2022,9,14,3,37,3,Wednesday,2022-09-14,42.05,42.05,40.0,40.0,2200.0,1663113600.0,DOWNTREND
COM,2022,9,15,3,37,4,Thursday,2022-09-15,40.0,40.5,40.0,40.4,700.0,1663200000.0,UPTREND
COM,2022,9,19,3,38,1,Monday,2022-09-19,40.4,40.4,40.4,40.4,500.0,1663545600.0,SIDEWAY
COM,2022,9,20,3,38,2,Tuesday,2022-09-20,40.4,40.4,40.4,40.4,100.0,1663632000.0,SIDEWAY
COM,2022,9,23,3,38,5,Friday,2022-09-23,40.0,40.4,40.0,40.4,700.0,1663891200.0,UPTREND
COM,2022,9,27,3,39,2,Tuesday,2022-09-27,39.1,40.0,39.1,40.0,400.0,1664236800.0,UPTREND
COM,2022,9,29,3,39,4,Thursday,2022-09-29,40.0,40.0,40.0,40.0,300.0,1664409600.0,SIDEWAY
COM,2022,9,30,3,39,5,Friday,2022-09-30,40.0,40.0,40.0,40.0,800.0,1664496000.0,SIDEWAY
COM,2022,10,4,4,40,2,Tuesday,2022-10-04,38.5,38.5,38.5,38.5,400.0,1664841600.0,SIDEWAY
COM,2022,10,5,4,40,3,Wednesday,2022-10-05,38.5,38.5,35.9,35.9,1400.0,1664928000.0,DOWNTREND
COM,2022,10,6,4,40,4,Thursday,2022-10-06,33.7,33.7,33.7,33.7,100.0,1665014400.0,SIDEWAY
COM,2022,10,10,4,41,1,Monday,2022-10-10,33.75,33.75,33.75,33.75,100.0,1665360000.0,SIDEWAY
COM,2022,10,12,4,41,3,Wednesday,2022-10-12,33.75,33.75,31.55,31.55,500.0,1665532800.0,DOWNTREND
COM,2022,10,17,4,42,1,Monday,2022-10-17,31.6,31.6,30.05,30.05,300.0,1665964800.0,DOWNTREND
COM,2022,10,18,4,42,2,Tuesday,2022-10-18,32.15,32.15,32.15,32.15,1600.0,1666051200.0,SIDEWAY
COM,2022,10,19,4,42,3,Wednesday,2022-10-19,34.3,34.3,34.3,34.3,200.0,1666137600.0,SIDEWAY
COM,2022,10,20,4,42,4,Thursday,2022-10-20,35.9,35.9,35.9,35.9,800.0,1666224000.0,SIDEWAY
COM,2022,10,21,4,42,5,Friday,2022-10-21,33.4,33.6,33.4,33.4,1800.0,1666310400.0,SIDEWAY
COM,2022,10,24,4,43,1,Monday,2022-10-24,31.1,31.2,31.1,31.2,1200.0,1666569600.0,UPTREND
COM,2022,10,25,4,43,2,Tuesday,2022-10-25,31.0,31.0,31.0,31.0,300.0,1666656000.0,SIDEWAY
COM,2022,10,26,4,43,3,Wednesday,2022-10-26,28.9,30.0,28.9,30.0,500.0,1666742400.0,UPTREND
COM,2022,10,27,4,43,4,Thursday,2022-10-27,27.9,32.0,27.9,32.0,300.0,1666828800.0,UPTREND
COM,2022,10,28,4,43,5,Friday,2022-10-28,31.05,31.05,31.05,31.05,100.0,1666915200.0,SIDEWAY
COM,2022,11,2,4,44,3,Wednesday,2022-11-02,29.0,31.0,29.0,31.0,500.0,1667347200.0,UPTREND
COM,2022,11,3,4,44,4,Thursday,2022-11-03,31.0,31.0,28.9,31.0,800.0,1667433600.0,SIDEWAY
COM,2022,11,4,4,44,5,Friday,2022-11-04,29.15,31.0,29.15,31.0,600.0,1667520000.0,UPTREND
COM,2022,11,7,4,45,1,Monday,2022-11-07,30.05,30.05,30.0,30.0,800.0,1667779200.0,DOWNTREND
COM,2022,11,8,4,45,2,Tuesday,2022-11-08,27.9,27.9,27.9,27.9,100.0,1667865600.0,SIDEWAY
COM,2022,11,9,4,45,3,Wednesday,2022-11-09,26.1,29.55,26.1,29.55,200.0,1667952000.0,UPTREND
COM,2022,11,10,4,45,4,Thursday,2022-11-10,28.05,31.6,28.05,31.6,200.0,1668038400.0,UPTREND
COM,2022,11,14,4,46,1,Monday,2022-11-14,29.45,29.45,29.45,29.45,100.0,1668384000.0,SIDEWAY
COM,2022,11,15,4,46,2,Tuesday,2022-11-15,27.4,27.4,27.4,27.4,100.0,1668470400.0,SIDEWAY
COM,2022,11,16,4,46,3,Wednesday,2022-11-16,29.3,29.3,29.3,29.3,100700.0,1668556800.0,SIDEWAY
COM,2022,11,17,4,46,4,Thursday,2022-11-17,31.35,31.35,31.35,31.35,400.0,1668643200.0,SIDEWAY
COM,2022,11,18,4,46,5,Friday,2022-11-18,29.2,29.55,29.2,29.55,200.0,1668729600.0,UPTREND
COM,2022,11,21,4,47,1,Monday,2022-11-21,27.55,31.6,27.55,31.6,300.0,1668988800.0,UPTREND
COM,2022,11,22,4,47,2,Tuesday,2022-11-22,29.55,29.55,29.55,29.55,100.0,1669075200.0,SIDEWAY
COM,2022,11,23,4,47,3,Wednesday,2022-11-23,27.6,27.8,27.6,27.8,700.0,1669161600.0,UPTREND
COM,2022,11,24,4,47,4,Thursday,2022-11-24,26.05,29.7,26.05,28.05,300.0,1669248000.0,UPTREND
COM,2022,11,29,4,48,2,Tuesday,2022-11-29,28.5,30.0,28.5,28.55,600.0,1669680000.0,UPTREND
COM,2022,12,2,4,48,5,Friday,2022-12-02,30.5,30.5,28.05,28.05,200.0,1669939200.0,DOWNTREND
COM,2022,12,5,4,49,1,Monday,2022-12-05,29.95,30.0,29.95,30.0,1200.0,1670198400.0,UPTREND
COM,2022,12,6,4,49,2,Tuesday,2022-12-06,30.0,30.0,28.4,28.4,200.0,1670284800.0,DOWNTREND
COM,2022,12,7,4,49,3,Wednesday,2022-12-07,26.55,30.35,26.55,28.05,600.0,1670371200.0,UPTREND
COM,2022,12,8,4,49,4,Thursday,2022-12-08,30.0,30.0,29.5,29.5,200.0,1670457600.0,DOWNTREND
COM,2022,12,9,4,49,5,Friday,2022-12-09,29.5,29.5,28.55,28.55,500.0,1670544000.0,DOWNTREND
COM,2022,12,12,4,50,1,Monday,2022-12-12,27.9,27.9,27.9,27.9,100.0,1670803200.0,SIDEWAY
COM,2022,12,13,4,50,2,Tuesday,2022-12-13,28.25,29.85,28.25,29.85,400.0,1670889600.0,UPTREND
COM,2022,12,14,4,50,3,Wednesday,2022-12-14,27.9,27.9,27.9,27.9,100.0,1670976000.0,SIDEWAY
COM,2022,12,15,4,50,4,Thursday,2022-12-15,27.9,29.85,27.9,29.85,1600.0,1671062400.0,UPTREND
COM,2022,12,16,4,50,5,Friday,2022-12-16,29.05,29.05,29.05,29.05,100.0,1671148800.0,SIDEWAY
COM,2022,12,19,4,51,1,Monday,2022-12-19,27.1,31.0,27.1,28.05,400.0,1671408000.0,UPTREND
COM,2022,12,20,4,51,2,Tuesday,2022-12-20,28.05,28.05,26.2,26.2,200.0,1671494400.0,DOWNTREND
COM,2022,12,21,4,51,3,Wednesday,2022-12-21,28.0,28.0,28.0,28.0,100.0,1671580800.0,SIDEWAY
COM,2022,12,22,4,51,4,Thursday,2022-12-22,26.25,26.25,26.25,26.25,100.0,1671667200.0,SIDEWAY
COM,2022,12,26,4,52,1,Monday,2022-12-26,26.9,26.9,26.9,26.9,900.0,1672012800.0,SIDEWAY
COM,2022,12,28,4,52,3,Wednesday,2022-12-28,27.2,28.75,26.75,26.95,1400.0,1672185600.0,DOWNTREND
COM,2022,12,29,4,52,4,Thursday,2022-12-29,26.65,26.65,26.65,26.65,100.0,1672272000.0,SIDEWAY
COM,2022,12,30,4,52,5,Friday,2022-12-30,28.5,28.5,28.5,28.5,100.0,1672358400.0,SIDEWAY
COM,2023,1,3,1,1,2,Tuesday,2023-01-03,26.9,29.1,26.9,29.1,300.0,1672704000.0,UPTREND
COM,2023,1,4,1,1,3,Wednesday,2023-01-04,28.05,28.05,28.05,28.05,100.0,1672790400.0,SIDEWAY
COM,2023,1,5,1,1,4,Thursday,2023-01-05,30.0,30.0,30.0,30.0,100.0,1672876800.0,SIDEWAY
COM,2023,1,6,1,1,5,Friday,2023-01-06,28.05,28.05,28.05,28.05,100.0,1672963200.0,SIDEWAY
COM,2023,1,11,1,2,3,Wednesday,2023-01-11,30.0,30.0,29.95,29.95,300.0,1673395200.0,DOWNTREND
COM,2023,1,13,1,2,5,Friday,2023-01-13,29.15,31.85,29.15,31.85,300.0,1673568000.0,UPTREND
COM,2023,1,16,1,3,1,Monday,2023-01-16,29.7,33.95,29.65,33.95,300.0,1673827200.0,UPTREND
COM,2023,1,17,1,3,2,Tuesday,2023-01-17,31.7,31.75,31.7,31.75,500.0,1673913600.0,UPTREND
COM,2023,1,18,1,3,3,Wednesday,2023-01-18,31.1,31.1,31.1,31.1,200.0,1674000000.0,SIDEWAY
COM,2023,1,19,1,3,4,Thursday,2023-01-19,32.0,32.0,32.0,32.0,400.0,1674086400.0,SIDEWAY
COM,2023,1,27,1,4,5,Friday,2023-01-27,31.0,31.0,31.0,31.0,100.0,1674777600.0,SIDEWAY
COM,2023,2,2,1,5,4,Thursday,2023-02-02,33.0,33.15,33.0,33.15,1000.0,1675296000.0,UPTREND
COM,2023,2,6,1,6,1,Monday,2023-02-06,35.0,35.0,35.0,35.0,100.0,1675641600.0,SIDEWAY
COM,2023,2,27,1,9,1,Monday,2023-02-27,34.0,37.45,34.0,37.45,900.0,1677456000.0,UPTREND
COM,2023,3,1,1,9,3,Wednesday,2023-03-01,34.85,34.85,34.85,34.85,100.0,1677628800.0,SIDEWAY
COM,2023,3,2,1,9,4,Thursday,2023-03-02,32.45,32.45,32.45,32.45,500.0,1677715200.0,SIDEWAY
COM,2023,3,3,1,9,5,Friday,2023-03-03,34.0,34.0,34.0,34.0,100.0,1677801600.0,SIDEWAY
COM,2023,3,9,1,10,4,Thursday,2023-03-09,34.0,34.0,34.0,34.0,100.0,1678320000.0,SIDEWAY
COM,2023,3,10,1,10,5,Friday,2023-03-10,33.8,33.8,33.8,33.8,100.0,1678406400.0,SIDEWAY
COM,2023,3,14,1,11,2,Tuesday,2023-03-14,31.45,31.45,31.45,31.45,100.0,1678752000.0,SIDEWAY
COM,2023,3,15,1,11,3,Wednesday,2023-03-15,29.45,29.45,29.45,29.45,100.0,1678838400.0,SIDEWAY
COM,2023,3,16,1,11,4,Thursday,2023-03-16,29.45,29.45,29.4,29.4,300.0,1678924800.0,DOWNTREND
COM,2023,3,17,1,11,5,Friday,2023-03-17,28.85,28.85,28.85,28.85,100.0,1679011200.0,SIDEWAY
COM,2023,3,20,1,12,1,Monday,2023-03-20,30.3,30.3,30.3,30.3,400.0,1679270400.0,SIDEWAY
COM,2023,3,21,1,12,2,Tuesday,2023-03-21,30.05,32.0,30.05,32.0,200.0,1679356800.0,UPTREND
COM,2023,3,22,1,12,3,Wednesday,2023-03-22,30.1,30.1,30.1,30.1,100.0,1679443200.0,SIDEWAY
COM,2023,3,23,1,12,4,Thursday,2023-03-23,28.6,28.6,28.6,28.6,100.0,1679529600.0,SIDEWAY
COM,2023,3,24,1,12,5,Friday,2023-03-24,28.05,28.05,28.05,28.05,100.0,1679616000.0,SIDEWAY
COM,2023,3,28,1,13,2,Tuesday,2023-03-28,26.6,26.8,26.6,26.8,200.0,1679961600.0,UPTREND
COM,2023,3,30,1,13,4,Thursday,2023-03-30,28.65,28.65,28.65,28.65,800.0,1680134400.0,SIDEWAY
COM,2023,3,31,1,13,5,Friday,2023-03-31,28.65,30.65,28.65,30.65,600.0,1680220800.0,UPTREND
COM,2023,4,3,2,14,1,Monday,2023-04-03,32.75,32.75,29.5,32.75,500.0,1680480000.0,SIDEWAY
COM,2023,4,4,2,14,2,Tuesday,2023-04-04,32.75,32.75,31.0,31.0,700.0,1680566400.0,DOWNTREND
