symbol,year,month,date,quarter,week,weekday_index,weekday,full_date,open,high,low,close,volume,timestamp,trend
PIA,2017,2,22,1,8,3,Wednesday,2017-02-22,5.81,5.81,5.81,5.81,1000.0,1487721600.0,SIDEWAY
PIA,2017,2,24,1,8,5,Friday,2017-02-24,6.64,6.64,6.64,6.64,500.0,1487894400.0,SIDEWAY
PIA,2017,2,27,1,9,1,Monday,2017-02-27,7.46,7.63,5.64,5.64,1700.0,1488153600.0,DOWNTREND
PIA,2017,2,28,1,9,2,Tuesday,2017-02-28,7.46,7.46,6.84,6.84,700.0,1488240000.0,DOWNTREND
PIA,2017,3,1,1,9,3,Wednesday,2017-03-01,6.84,6.84,6.22,6.22,7300.0,1488326400.0,DOWNTREND
PIA,2017,3,2,1,9,4,Thursday,2017-03-02,6.26,6.39,6.26,6.39,300.0,1488412800.0,UPTREND
PIA,2017,3,3,1,9,5,Friday,2017-03-03,5.39,5.39,5.39,5.39,100.0,1488499200.0,SIDEWAY
PIA,2017,3,6,1,10,1,Monday,2017-03-06,4.98,4.98,4.6,4.6,900.0,1488758400.0,DOWNTREND
PIA,2017,3,7,1,10,2,Tuesday,2017-03-07,4.69,4.69,4.69,4.69,200.0,1488844800.0,SIDEWAY
PIA,2017,3,8,1,10,3,Wednesday,2017-03-08,4.73,4.73,4.73,4.73,100.0,1488931200.0,SIDEWAY
PIA,2017,3,10,1,10,5,Friday,2017-03-10,4.27,4.27,4.27,4.27,500.0,1489104000.0,SIDEWAY
PIA,2017,3,15,1,11,3,Wednesday,2017-03-15,4.89,4.89,4.4,4.4,800.0,1489536000.0,DOWNTREND
PIA,2017,3,16,1,11,4,Thursday,2017-03-16,5.27,5.27,5.27,5.27,100.0,1489622400.0,SIDEWAY
PIA,2017,3,17,1,11,5,Friday,2017-03-17,6.05,6.05,6.05,6.05,100.0,1489708800.0,SIDEWAY
PIA,2017,3,20,1,12,1,Monday,2017-03-20,6.93,6.93,6.93,6.93,100.0,1489968000.0,SIDEWAY
PIA,2017,3,21,1,12,2,Tuesday,2017-03-21,7.96,7.96,7.96,7.96,120.0,1490054400.0,SIDEWAY
PIA,2017,3,22,1,12,3,Wednesday,2017-03-22,9.08,9.12,8.0,8.0,1080.0,1490140800.0,DOWNTREND
PIA,2017,3,23,1,12,4,Thursday,2017-03-23,8.13,10.33,8.13,8.29,500.0,1490227200.0,UPTREND
PIA,2017,3,24,1,12,5,Friday,2017-03-24,8.34,10.37,8.34,10.37,18600.0,1490313600.0,UPTREND
PIA,2017,3,27,1,13,1,Monday,2017-03-27,10.78,11.28,10.78,11.28,12600.0,1490572800.0,UPTREND
PIA,2017,3,28,1,13,2,Tuesday,2017-03-28,9.58,12.86,9.58,12.81,9000.0,1490659200.0,UPTREND
PIA,2017,3,29,1,13,3,Wednesday,2017-03-29,11.24,14.1,11.24,11.7,1008.0,1490745600.0,UPTREND
PIA,2017,3,30,1,13,4,Thursday,2017-03-30,12.03,12.03,11.45,11.45,600.0,1490832000.0,DOWNTREND
PIA,2017,3,31,1,13,5,Friday,2017-03-31,10.2,10.78,10.2,10.78,6603.0,1490918400.0,UPTREND
PIA,2017,4,3,2,14,1,Monday,2017-04-03,11.78,11.9,10.99,10.99,1800.0,1491177600.0,DOWNTREND
PIA,2017,4,4,2,14,2,Tuesday,2017-04-04,10.41,10.78,10.41,10.78,200.0,1491264000.0,UPTREND
PIA,2017,4,5,2,14,3,Wednesday,2017-04-05,11.4,12.03,11.4,12.03,1800.0,1491350400.0,UPTREND
PIA,2017,4,7,2,14,5,Friday,2017-04-07,11.49,11.61,11.49,11.61,1000.0,1491523200.0,UPTREND
PIA,2017,4,10,2,15,1,Monday,2017-04-10,11.82,13.23,11.82,12.86,7200.0,1491782400.0,UPTREND
PIA,2017,4,11,2,15,2,Tuesday,2017-04-11,14.52,14.52,12.48,12.48,20430.0,1491868800.0,DOWNTREND
PIA,2017,4,12,2,15,3,Wednesday,2017-04-12,11.78,12.44,11.78,12.44,1042.0,1491955200.0,UPTREND
PIA,2017,4,13,2,15,4,Thursday,2017-04-13,11.61,12.03,10.53,10.53,29343.0,1492041600.0,DOWNTREND
PIA,2017,4,14,2,15,5,Friday,2017-04-14,10.7,12.28,9.54,12.28,435530.0,1492128000.0,UPTREND
PIA,2017,4,17,2,16,1,Monday,2017-04-17,12.44,12.44,12.44,12.44,920.0,1492387200.0,SIDEWAY
PIA,2017,4,18,2,16,2,Tuesday,2017-04-18,14.31,14.31,12.65,13.69,22800.0,1492473600.0,DOWNTREND
PIA,2017,4,19,2,16,3,Wednesday,2017-04-19,12.86,13.31,11.61,12.28,87430.0,1492560000.0,DOWNTREND
PIA,2017,4,20,2,16,4,Thursday,2017-04-20,12.32,12.65,12.28,12.44,21821.0,1492646400.0,UPTREND
PIA,2017,4,21,2,16,5,Friday,2017-04-21,12.4,12.65,12.03,12.32,17900.0,1492732800.0,DOWNTREND
PIA,2017,4,24,2,17,1,Monday,2017-04-24,12.65,13.69,12.65,13.27,31400.0,1492992000.0,UPTREND
PIA,2017,4,25,2,17,2,Tuesday,2017-04-25,13.69,13.69,12.86,13.06,11056.0,1493078400.0,DOWNTREND
PIA,2017,4,26,2,17,3,Wednesday,2017-04-26,12.65,13.02,12.44,13.02,11220.0,1493164800.0,UPTREND
PIA,2017,4,27,2,17,4,Thursday,2017-04-27,12.44,13.06,12.44,12.86,9100.0,1493251200.0,UPTREND
PIA,2017,4,28,2,17,5,Friday,2017-04-28,12.86,13.02,12.86,12.86,13200.0,1493337600.0,SIDEWAY
PIA,2017,5,3,2,18,3,Wednesday,2017-05-03,12.9,13.06,12.86,12.94,11400.0,1493769600.0,UPTREND
PIA,2017,5,4,2,18,4,Thursday,2017-05-04,13.02,13.19,13.02,13.19,16700.0,1493856000.0,UPTREND
PIA,2017,5,5,2,18,5,Friday,2017-05-05,13.27,13.69,13.15,13.69,50600.0,1493942400.0,UPTREND
PIA,2017,5,8,2,19,1,Monday,2017-05-08,13.69,13.69,13.06,13.23,19230.0,1494201600.0,DOWNTREND
PIA,2017,5,9,2,19,2,Tuesday,2017-05-09,13.27,13.27,13.15,13.27,10700.0,1494288000.0,SIDEWAY
PIA,2017,5,10,2,19,3,Wednesday,2017-05-10,13.06,13.06,12.73,12.81,18400.0,1494374400.0,DOWNTREND
PIA,2017,5,11,2,19,4,Thursday,2017-05-11,12.86,12.86,12.73,12.73,8800.0,1494460800.0,DOWNTREND
PIA,2017,5,12,2,19,5,Friday,2017-05-12,12.77,12.98,12.77,12.77,5300.0,1494547200.0,SIDEWAY
PIA,2017,5,15,2,20,1,Monday,2017-05-15,13.15,13.19,12.86,13.02,10300.0,1494806400.0,DOWNTREND
PIA,2017,5,16,2,20,2,Tuesday,2017-05-16,12.86,12.98,12.65,12.86,28500.0,1494892800.0,SIDEWAY
PIA,2017,5,17,2,20,3,Wednesday,2017-05-17,12.86,13.27,12.69,12.69,44100.0,1494979200.0,DOWNTREND
PIA,2017,5,18,2,20,4,Thursday,2017-05-18,12.69,12.86,12.36,12.77,38404.0,1495065600.0,UPTREND
PIA,2017,5,19,2,20,5,Friday,2017-05-19,12.03,12.44,10.99,12.03,39200.0,1495152000.0,SIDEWAY
PIA,2017,5,22,2,21,1,Monday,2017-05-22,12.44,13.02,12.23,13.02,76701.0,1495411200.0,UPTREND
PIA,2017,5,23,2,21,2,Tuesday,2017-05-23,13.06,13.6,12.15,12.86,65168.0,1495497600.0,DOWNTREND
PIA,2017,5,24,2,21,3,Wednesday,2017-05-24,12.81,12.98,12.81,12.98,18818.0,1495584000.0,UPTREND
PIA,2017,5,25,2,21,4,Thursday,2017-05-25,12.86,13.06,12.65,12.94,32315.0,1495670400.0,UPTREND
PIA,2017,5,26,2,21,5,Friday,2017-05-26,12.9,12.98,12.65,12.94,25410.0,1495756800.0,UPTREND
PIA,2017,5,29,2,22,1,Monday,2017-05-29,13.98,14.66,12.72,12.97,10710.0,1496016000.0,DOWNTREND
PIA,2017,5,30,2,22,2,Tuesday,2017-05-30,13.06,13.06,12.58,12.63,20300.0,1496102400.0,DOWNTREND
PIA,2017,5,31,2,22,3,Wednesday,2017-05-31,12.68,12.68,12.43,12.43,9082.0,1496188800.0,DOWNTREND
PIA,2017,6,1,2,22,4,Thursday,2017-06-01,12.48,12.48,12.34,12.34,9928.0,1496275200.0,DOWNTREND
PIA,2017,6,2,2,22,5,Friday,2017-06-02,12.34,12.77,12.1,12.77,10900.0,1496361600.0,UPTREND
PIA,2017,6,5,2,23,1,Monday,2017-06-05,12.19,12.19,11.61,11.61,23210.0,1496620800.0,DOWNTREND
PIA,2017,6,6,2,23,2,Tuesday,2017-06-06,11.61,11.61,11.61,11.61,4500.0,1496707200.0,SIDEWAY
PIA,2017,6,7,2,23,3,Wednesday,2017-06-07,11.61,11.61,11.37,11.61,11800.0,1496793600.0,SIDEWAY
PIA,2017,6,8,2,23,4,Thursday,2017-06-08,11.47,11.85,11.47,11.85,13900.0,1496880000.0,UPTREND
PIA,2017,6,9,2,23,5,Friday,2017-06-09,11.47,11.52,11.47,11.52,2000.0,1496966400.0,UPTREND
PIA,2017,6,12,2,24,1,Monday,2017-06-12,11.8,11.8,11.8,11.8,3027.0,1497225600.0,SIDEWAY
PIA,2017,6,13,2,24,2,Tuesday,2017-06-13,12.29,12.29,11.61,11.61,79200.0,1497312000.0,DOWNTREND
PIA,2017,6,14,2,24,3,Wednesday,2017-06-14,11.66,11.76,11.66,11.76,2900.0,1497398400.0,UPTREND
PIA,2017,6,15,2,24,4,Thursday,2017-06-15,11.61,11.71,11.61,11.61,24700.0,1497484800.0,SIDEWAY
PIA,2017,6,16,2,24,5,Friday,2017-06-16,12.05,12.05,11.56,11.56,23300.0,1497571200.0,DOWNTREND
PIA,2017,6,19,2,25,1,Monday,2017-06-19,11.61,11.61,11.13,11.47,38643.0,1497830400.0,DOWNTREND
PIA,2017,6,20,2,25,2,Tuesday,2017-06-20,11.42,11.71,11.42,11.66,2113.0,1497916800.0,UPTREND
PIA,2017,6,21,2,25,3,Wednesday,2017-06-21,11.61,11.71,11.61,11.71,8500.0,1498003200.0,UPTREND
PIA,2017,6,22,2,25,4,Thursday,2017-06-22,11.61,11.66,11.56,11.61,6301.0,1498089600.0,SIDEWAY
PIA,2017,6,23,2,25,5,Friday,2017-06-23,11.61,11.61,11.52,11.52,10512.0,1498176000.0,DOWNTREND
PIA,2017,6,26,2,26,1,Monday,2017-06-26,10.69,11.61,10.69,11.37,6200.0,1498435200.0,UPTREND
PIA,2017,6,27,2,26,2,Tuesday,2017-06-27,11.37,11.37,11.37,11.37,4000.0,1498521600.0,SIDEWAY
PIA,2017,6,28,2,26,3,Wednesday,2017-06-28,11.22,11.56,11.22,11.56,1204.0,1498608000.0,UPTREND
PIA,2017,6,29,2,26,4,Thursday,2017-06-29,12.05,12.05,10.93,11.18,10802.0,1498694400.0,DOWNTREND
PIA,2017,6,30,2,26,5,Friday,2017-06-30,11.22,11.42,11.22,11.42,430.0,1498780800.0,UPTREND
PIA,2017,7,3,3,27,1,Monday,2017-07-03,11.18,11.47,11.18,11.22,9120.0,1499040000.0,UPTREND
PIA,2017,7,4,3,27,2,Tuesday,2017-07-04,10.93,11.52,10.93,11.13,5230.0,1499126400.0,UPTREND
PIA,2017,7,5,3,27,3,Wednesday,2017-07-05,11.03,11.18,11.03,11.18,2800.0,1499212800.0,UPTREND
PIA,2017,7,6,3,27,4,Thursday,2017-07-06,11.03,11.03,11.03,11.03,120.0,1499299200.0,SIDEWAY
PIA,2017,7,7,3,27,5,Friday,2017-07-07,11.03,11.03,11.03,11.03,5700.0,1499385600.0,SIDEWAY
PIA,2017,7,10,3,28,1,Monday,2017-07-10,11.03,11.08,11.03,11.03,6700.0,1499644800.0,SIDEWAY
PIA,2017,7,11,3,28,2,Tuesday,2017-07-11,11.03,11.32,11.03,11.32,3500.0,1499731200.0,UPTREND
PIA,2017,7,12,3,28,3,Wednesday,2017-07-12,11.47,11.47,11.47,11.47,135.0,1499817600.0,SIDEWAY
PIA,2017,7,13,3,28,4,Thursday,2017-07-13,11.61,11.61,11.37,11.37,530.0,1499904000.0,DOWNTREND
PIA,2017,7,14,3,28,5,Friday,2017-07-14,11.61,11.61,11.61,11.61,200.0,1499990400.0,SIDEWAY
PIA,2017,7,17,3,29,1,Monday,2017-07-17,11.22,11.22,11.22,11.22,700.0,1500249600.0,SIDEWAY
PIA,2017,7,18,3,29,2,Tuesday,2017-07-18,11.22,11.22,11.22,11.22,1300.0,1500336000.0,SIDEWAY
PIA,2017,7,19,3,29,3,Wednesday,2017-07-19,11.22,11.22,10.89,11.22,5900.0,1500422400.0,SIDEWAY
PIA,2017,7,21,3,29,5,Friday,2017-07-21,11.18,11.18,11.13,11.13,9100.0,1500595200.0,DOWNTREND
PIA,2017,7,24,3,30,1,Monday,2017-07-24,11.03,11.03,10.98,10.98,4700.0,1500854400.0,DOWNTREND
PIA,2017,7,25,3,30,2,Tuesday,2017-07-25,10.89,10.89,10.89,10.89,320.0,1500940800.0,SIDEWAY
PIA,2017,7,26,3,30,3,Wednesday,2017-07-26,10.93,10.93,10.89,10.93,4820.0,1501027200.0,SIDEWAY
PIA,2017,7,27,3,30,4,Thursday,2017-07-27,10.93,10.93,10.89,10.89,7000.0,1501113600.0,DOWNTREND
PIA,2017,7,31,3,31,1,Monday,2017-07-31,11.03,11.13,11.03,11.08,8410.0,1501459200.0,UPTREND
PIA,2017,8,1,3,31,2,Tuesday,2017-08-01,10.16,11.37,9.68,10.93,4302.0,1501545600.0,UPTREND
PIA,2017,8,2,3,31,3,Wednesday,2017-08-02,11.56,11.56,11.56,11.56,802.0,1501632000.0,SIDEWAY
PIA,2017,8,3,3,31,4,Thursday,2017-08-03,11.61,11.61,10.93,11.37,700.0,1501718400.0,DOWNTREND
PIA,2017,8,4,3,31,5,Friday,2017-08-04,11.52,11.52,11.13,11.13,2935.0,1501804800.0,DOWNTREND
PIA,2017,8,7,3,32,1,Monday,2017-08-07,11.13,11.27,11.13,11.13,7000.0,1502064000.0,SIDEWAY
PIA,2017,8,8,3,32,2,Tuesday,2017-08-08,11.52,11.52,11.13,11.32,6700.0,1502150400.0,DOWNTREND
PIA,2017,8,9,3,32,3,Wednesday,2017-08-09,11.18,11.18,11.03,11.13,5124.0,1502236800.0,DOWNTREND
PIA,2017,8,10,3,32,4,Thursday,2017-08-10,11.32,11.37,11.32,11.37,16100.0,1502323200.0,UPTREND
PIA,2017,8,11,3,32,5,Friday,2017-08-11,11.56,11.56,11.56,11.56,2000.0,1502409600.0,SIDEWAY
PIA,2017,8,14,3,33,1,Monday,2017-08-14,11.56,11.56,11.13,11.56,4600.0,1502668800.0,SIDEWAY
PIA,2017,8,15,3,33,2,Tuesday,2017-08-15,11.56,11.56,11.56,11.56,1200.0,1502755200.0,SIDEWAY
PIA,2017,8,16,3,33,3,Wednesday,2017-08-16,11.42,11.42,11.37,11.37,2100.0,1502841600.0,DOWNTREND
PIA,2017,8,17,3,33,4,Thursday,2017-08-17,11.52,11.52,11.52,11.52,500.0,1502928000.0,SIDEWAY
PIA,2017,8,18,3,33,5,Friday,2017-08-18,11.52,12.05,11.52,11.52,8700.0,1503014400.0,SIDEWAY
PIA,2017,8,21,3,34,1,Monday,2017-08-21,11.61,12.05,11.61,11.76,5300.0,1503273600.0,UPTREND
PIA,2017,8,22,3,34,2,Tuesday,2017-08-22,11.52,11.8,11.52,11.8,4300.0,1503360000.0,UPTREND
PIA,2017,8,23,3,34,3,Wednesday,2017-08-23,10.89,11.61,10.89,11.61,2010.0,1503446400.0,UPTREND
PIA,2017,8,24,3,34,4,Thursday,2017-08-24,11.22,11.22,11.22,11.22,1500.0,1503532800.0,SIDEWAY
PIA,2017,8,25,3,34,5,Friday,2017-08-25,11.18,12.0,11.18,12.0,1120.0,1503619200.0,UPTREND
PIA,2017,8,28,3,35,1,Monday,2017-08-28,11.85,11.85,11.76,11.76,400.0,1503878400.0,DOWNTREND
PIA,2017,8,29,3,35,2,Tuesday,2017-08-29,11.76,11.76,11.76,11.76,100.0,1503964800.0,SIDEWAY
PIA,2017,8,30,3,35,3,Wednesday,2017-08-30,11.95,11.95,11.95,11.95,700.0,1504051200.0,SIDEWAY
PIA,2017,8,31,3,35,4,Thursday,2017-08-31,11.61,11.61,11.56,11.61,2600.0,1504137600.0,SIDEWAY
PIA,2017,9,1,3,35,5,Friday,2017-09-01,11.56,11.56,11.37,11.37,7300.0,1504224000.0,DOWNTREND
PIA,2017,9,5,3,36,2,Tuesday,2017-09-05,11.76,11.76,11.76,11.76,20700.0,1504569600.0,SIDEWAY
PIA,2017,9,8,3,36,5,Friday,2017-09-08,12.05,12.05,10.64,11.9,1690.0,1504828800.0,DOWNTREND
PIA,2017,9,11,3,37,1,Monday,2017-09-11,11.85,11.85,11.85,11.85,3030.0,1505088000.0,SIDEWAY
PIA,2017,9,12,3,37,2,Tuesday,2017-09-12,11.71,11.76,11.61,11.76,624.0,1505174400.0,UPTREND
PIA,2017,9,14,3,37,4,Thursday,2017-09-14,11.37,11.37,11.37,11.37,316.0,1505347200.0,SIDEWAY
PIA,2017,9,15,3,37,5,Friday,2017-09-15,11.42,11.42,11.42,11.42,415.0,1505433600.0,SIDEWAY
PIA,2017,9,18,3,38,1,Monday,2017-09-18,11.61,11.8,11.42,11.42,2100.0,1505692800.0,DOWNTREND
PIA,2017,9,19,3,38,2,Tuesday,2017-09-19,11.85,11.85,11.61,11.61,2500.0,1505779200.0,DOWNTREND
PIA,2017,9,20,3,38,3,Wednesday,2017-09-20,11.8,11.8,11.8,11.8,300.0,1505865600.0,SIDEWAY
PIA,2017,9,21,3,38,4,Thursday,2017-09-21,12.05,12.05,11.8,11.8,1200.0,1505952000.0,DOWNTREND
PIA,2017,9,22,3,38,5,Friday,2017-09-22,11.61,11.61,11.61,11.61,1100.0,1506038400.0,SIDEWAY
PIA,2017,9,25,3,39,1,Monday,2017-09-25,11.61,11.61,11.32,11.32,900.0,1506297600.0,DOWNTREND
PIA,2017,9,26,3,39,2,Tuesday,2017-09-26,11.66,11.66,11.42,11.42,500.0,1506384000.0,DOWNTREND
PIA,2017,9,27,3,39,3,Wednesday,2017-09-27,11.61,11.61,11.37,11.42,3800.0,1506470400.0,DOWNTREND
PIA,2017,9,28,3,39,4,Thursday,2017-09-28,11.42,11.42,11.37,11.37,4544.0,1506556800.0,DOWNTREND
PIA,2017,9,29,3,39,5,Friday,2017-09-29,11.52,11.52,11.22,11.22,1110.0,1506643200.0,DOWNTREND
PIA,2017,10,2,4,40,1,Monday,2017-10-02,11.61,11.61,11.61,11.61,2000.0,1506902400.0,SIDEWAY
PIA,2017,10,4,4,40,3,Wednesday,2017-10-04,11.71,11.71,11.61,11.71,5830.0,1507075200.0,SIDEWAY
PIA,2017,10,6,4,40,5,Friday,2017-10-06,11.61,11.61,11.61,11.61,800.0,1507248000.0,SIDEWAY
PIA,2017,10,9,4,41,1,Monday,2017-10-09,11.61,11.71,11.61,11.61,1100.0,1507507200.0,SIDEWAY
PIA,2017,10,10,4,41,2,Tuesday,2017-10-10,11.61,11.61,11.32,11.32,800.0,1507593600.0,DOWNTREND
PIA,2017,10,13,4,41,5,Friday,2017-10-13,11.47,11.47,11.47,11.47,200.0,1507852800.0,SIDEWAY
PIA,2017,10,16,4,42,1,Monday,2017-10-16,11.66,11.66,11.66,11.66,300.0,1508112000.0,SIDEWAY
PIA,2017,10,20,4,42,5,Friday,2017-10-20,11.61,11.61,11.61,11.61,800.0,1508457600.0,SIDEWAY
PIA,2017,10,23,4,43,1,Monday,2017-10-23,10.64,10.64,10.64,10.64,300.0,1508716800.0,SIDEWAY
PIA,2017,10,24,4,43,2,Tuesday,2017-10-24,10.69,10.69,10.69,10.69,100.0,1508803200.0,SIDEWAY
PIA,2017,10,26,4,43,4,Thursday,2017-10-26,11.8,11.8,11.8,11.8,400.0,1508976000.0,SIDEWAY
PIA,2017,11,3,4,44,5,Friday,2017-11-03,11.22,11.22,11.13,11.13,4030.0,1509667200.0,DOWNTREND
PIA,2017,11,6,4,45,1,Monday,2017-11-06,11.18,11.22,11.03,11.22,5600.0,1509926400.0,UPTREND
PIA,2017,11,9,4,45,4,Thursday,2017-11-09,11.47,11.56,11.18,11.47,1200.0,1510185600.0,SIDEWAY
PIA,2017,11,10,4,45,5,Friday,2017-11-10,11.37,11.37,11.37,11.37,500.0,1510272000.0,SIDEWAY
PIA,2017,11,13,4,46,1,Monday,2017-11-13,11.56,11.56,10.89,10.89,300.0,1510531200.0,DOWNTREND
PIA,2017,11,14,4,46,2,Tuesday,2017-11-14,11.37,11.61,11.37,11.61,17300.0,1510617600.0,UPTREND
PIA,2017,11,15,4,46,3,Wednesday,2017-11-15,11.61,11.66,11.61,11.66,1800.0,1510704000.0,UPTREND
PIA,2017,11,16,4,46,4,Thursday,2017-11-16,12.0,13.06,12.0,13.06,19310.0,1510790400.0,UPTREND
PIA,2017,11,17,4,46,5,Friday,2017-11-17,13.79,13.79,13.79,13.79,220.0,1510876800.0,SIDEWAY
PIA,2017,11,20,4,47,1,Monday,2017-11-20,11.8,13.3,11.76,13.3,3654.0,1511136000.0,UPTREND
PIA,2017,11,21,4,47,2,Tuesday,2017-11-21,13.26,13.26,13.26,13.26,100.0,1511222400.0,SIDEWAY
PIA,2017,11,22,4,47,3,Wednesday,2017-11-22,13.3,13.79,13.06,13.06,840.0,1511308800.0,DOWNTREND
PIA,2017,11,23,4,47,4,Thursday,2017-11-23,12.1,12.82,11.56,11.56,5200.0,1511395200.0,DOWNTREND
PIA,2017,11,24,4,47,5,Friday,2017-11-24,12.58,12.58,12.58,12.58,100.0,1511481600.0,SIDEWAY
PIA,2017,11,29,4,48,3,Wednesday,2017-11-29,12.43,12.43,12.43,12.43,500.0,1511913600.0,SIDEWAY
PIA,2017,12,1,4,48,5,Friday,2017-12-01,12.29,12.34,11.42,11.71,5200.0,1512086400.0,DOWNTREND
PIA,2017,12,4,4,49,1,Monday,2017-12-04,11.8,11.8,11.66,11.66,1800.0,1512345600.0,DOWNTREND
PIA,2017,12,5,4,49,2,Tuesday,2017-12-05,12.29,12.29,11.71,11.71,206.0,1512432000.0,DOWNTREND
PIA,2017,12,6,4,49,3,Wednesday,2017-12-06,12.29,12.29,12.1,12.1,30800.0,1512518400.0,DOWNTREND
PIA,2017,12,7,4,49,4,Thursday,2017-12-07,14.03,14.03,12.19,12.19,231.0,1512604800.0,DOWNTREND
PIA,2017,12,8,4,49,5,Friday,2017-12-08,14.9,14.9,14.9,14.9,100.0,1512691200.0,SIDEWAY
PIA,2017,12,11,4,50,1,Monday,2017-12-11,12.68,12.68,12.68,12.68,100.0,1512950400.0,SIDEWAY
PIA,2017,12,12,4,50,2,Tuesday,2017-12-12,10.93,12.68,10.93,12.68,200.0,1513036800.0,UPTREND
PIA,2017,12,14,4,50,4,Thursday,2017-12-14,12.14,12.19,12.14,12.19,3500.0,1513209600.0,UPTREND
PIA,2017,12,15,4,50,5,Friday,2017-12-15,12.0,12.05,12.0,12.05,1300.0,1513296000.0,UPTREND
PIA,2017,12,18,4,51,1,Monday,2017-12-18,12.63,12.63,12.63,12.63,100.0,1513555200.0,SIDEWAY
PIA,2017,12,20,4,51,3,Wednesday,2017-12-20,11.9,11.9,11.61,11.61,4000.0,1513728000.0,DOWNTREND
PIA,2017,12,21,4,51,4,Thursday,2017-12-21,12.58,12.58,12.58,12.58,100.0,1513814400.0,SIDEWAY
PIA,2017,12,26,4,52,2,Tuesday,2017-12-26,12.43,12.43,12.1,12.1,8300.0,1514246400.0,DOWNTREND
PIA,2017,12,27,4,52,3,Wednesday,2017-12-27,12.1,12.24,12.1,12.1,3300.0,1514332800.0,SIDEWAY
PIA,2017,12,28,4,52,4,Thursday,2017-12-28,12.19,12.19,12.19,12.19,3400.0,1514419200.0,SIDEWAY
PIA,2017,12,29,4,52,5,Friday,2017-12-29,12.58,12.58,12.29,12.34,15200.0,1514505600.0,DOWNTREND
PIA,2018,1,2,1,1,2,Tuesday,2018-01-02,12.53,12.58,12.53,12.58,6400.0,1514851200.0,UPTREND
PIA,2018,1,3,1,1,3,Wednesday,2018-01-03,13.11,14.27,12.82,12.82,1900.0,1514937600.0,DOWNTREND
PIA,2018,1,4,1,1,4,Thursday,2018-01-04,13.26,13.26,12.82,12.82,10700.0,1515024000.0,DOWNTREND
PIA,2018,1,5,1,1,5,Friday,2018-01-05,14.03,14.03,13.02,13.02,500.0,1515110400.0,DOWNTREND
PIA,2018,1,8,1,2,1,Monday,2018-01-08,14.03,14.03,13.26,13.26,700.0,1515369600.0,DOWNTREND
PIA,2018,1,9,1,2,2,Tuesday,2018-01-09,13.35,14.03,13.35,13.35,4300.0,1515456000.0,SIDEWAY
PIA,2018,1,10,1,2,3,Wednesday,2018-01-10,13.55,13.55,13.06,13.3,13601.0,1515542400.0,DOWNTREND
PIA,2018,1,15,1,3,1,Monday,2018-01-15,13.35,14.03,13.35,14.03,2700.0,1515974400.0,UPTREND
PIA,2018,1,16,1,3,2,Tuesday,2018-01-16,13.98,13.98,13.98,13.98,600.0,1516060800.0,SIDEWAY
PIA,2018,1,17,1,3,3,Wednesday,2018-01-17,13.98,13.98,13.98,13.98,1000.0,1516147200.0,SIDEWAY
PIA,2018,1,18,1,3,4,Thursday,2018-01-18,13.45,13.55,12.72,13.4,5700.0,1516233600.0,DOWNTREND
PIA,2018,1,19,1,3,5,Friday,2018-01-19,14.03,14.03,13.98,13.98,1100.0,1516320000.0,DOWNTREND
PIA,2018,1,22,1,4,1,Monday,2018-01-22,13.55,13.55,13.55,13.55,13200.0,1516579200.0,SIDEWAY
PIA,2018,1,23,1,4,2,Tuesday,2018-01-23,13.55,13.74,13.55,13.55,10000.0,1516665600.0,SIDEWAY
PIA,2018,1,24,1,4,3,Wednesday,2018-01-24,13.55,13.55,13.3,13.3,14400.0,1516752000.0,DOWNTREND
PIA,2018,1,25,1,4,4,Thursday,2018-01-25,13.55,13.55,13.35,13.55,10000.0,1516838400.0,SIDEWAY
PIA,2018,1,26,1,4,5,Friday,2018-01-26,13.64,14.03,13.64,13.98,10100.0,1516924800.0,UPTREND
PIA,2018,1,29,1,5,1,Monday,2018-01-29,14.27,14.27,13.55,14.18,16000.0,1517184000.0,DOWNTREND
PIA,2018,1,30,1,5,2,Tuesday,2018-01-30,14.37,14.42,13.64,14.27,19700.0,1517270400.0,DOWNTREND
PIA,2018,1,31,1,5,3,Wednesday,2018-01-31,14.37,14.37,14.32,14.32,17100.0,1517356800.0,DOWNTREND
PIA,2018,2,1,1,5,4,Thursday,2018-02-01,14.42,14.42,14.42,14.42,2500.0,1517443200.0,SIDEWAY
PIA,2018,2,2,1,5,5,Friday,2018-02-02,14.13,14.13,13.88,14.03,18900.0,1517529600.0,DOWNTREND
PIA,2018,2,5,1,6,1,Monday,2018-02-05,13.98,13.98,13.55,13.55,10600.0,1517788800.0,DOWNTREND
PIA,2018,2,6,1,6,2,Tuesday,2018-02-06,12.1,13.64,12.1,13.64,5080.0,1517875200.0,UPTREND
PIA,2018,2,7,1,6,3,Wednesday,2018-02-07,13.88,13.88,13.11,13.55,7400.0,1517961600.0,DOWNTREND
PIA,2018,2,8,1,6,4,Thursday,2018-02-08,13.64,13.74,13.55,13.64,11001.0,1518048000.0,SIDEWAY
PIA,2018,2,9,1,6,5,Friday,2018-02-09,13.55,13.6,13.55,13.6,6600.0,1518134400.0,UPTREND
PIA,2018,2,12,1,7,1,Monday,2018-02-12,14.03,14.03,13.6,13.79,11400.0,1518393600.0,DOWNTREND
PIA,2018,2,13,1,7,2,Tuesday,2018-02-13,13.98,13.98,13.88,13.88,4500.0,1518480000.0,DOWNTREND
PIA,2018,2,21,1,8,3,Wednesday,2018-02-21,13.64,13.69,13.64,13.64,4300.0,1519171200.0,SIDEWAY
PIA,2018,2,22,1,8,4,Thursday,2018-02-22,14.03,14.03,13.69,13.69,509.0,1519257600.0,DOWNTREND
PIA,2018,2,23,1,8,5,Friday,2018-02-23,13.88,13.98,13.64,13.98,5800.0,1519344000.0,UPTREND
PIA,2018,2,26,1,9,1,Monday,2018-02-26,14.27,14.27,13.79,13.98,6300.0,1519603200.0,DOWNTREND
PIA,2018,2,27,1,9,2,Tuesday,2018-02-27,14.42,14.42,13.79,13.79,1800.0,1519689600.0,DOWNTREND
PIA,2018,2,28,1,9,3,Wednesday,2018-02-28,13.98,13.98,13.84,13.84,3600.0,1519776000.0,DOWNTREND
PIA,2018,3,2,1,9,5,Friday,2018-03-02,13.79,13.79,13.55,13.55,10200.0,1519948800.0,DOWNTREND
PIA,2018,3,5,1,10,1,Monday,2018-03-05,14.51,14.51,13.64,13.79,13600.0,1520208000.0,DOWNTREND
PIA,2018,3,6,1,10,2,Tuesday,2018-03-06,14.03,14.03,13.69,13.69,3000.0,1520294400.0,DOWNTREND
PIA,2018,3,7,1,10,3,Wednesday,2018-03-07,14.22,14.22,13.79,13.84,800.0,1520380800.0,DOWNTREND
PIA,2018,3,8,1,10,4,Thursday,2018-03-08,14.22,14.22,13.84,13.84,800.0,1520467200.0,DOWNTREND
PIA,2018,3,9,1,10,5,Friday,2018-03-09,13.93,14.18,13.93,14.18,300.0,1520553600.0,UPTREND
PIA,2018,3,12,1,11,1,Monday,2018-03-12,14.37,14.37,14.08,14.27,2350.0,1520812800.0,DOWNTREND
PIA,2018,3,13,1,11,2,Tuesday,2018-03-13,14.42,14.42,14.42,14.42,200.0,1520899200.0,SIDEWAY
PIA,2018,3,14,1,11,3,Wednesday,2018-03-14,14.03,14.03,14.03,14.03,1500.0,1520985600.0,SIDEWAY
PIA,2018,3,15,1,11,4,Thursday,2018-03-15,14.37,14.37,14.37,14.37,400.0,1521072000.0,SIDEWAY
PIA,2018,3,19,1,12,1,Monday,2018-03-19,14.27,15.53,14.27,15.38,11800.0,1521417600.0,UPTREND
PIA,2018,3,20,1,12,2,Tuesday,2018-03-20,15.58,15.97,15.53,15.97,12500.0,1521504000.0,UPTREND
PIA,2018,3,21,1,12,3,Wednesday,2018-03-21,16.69,17.95,16.69,17.95,22650.0,1521590400.0,UPTREND
PIA,2018,3,22,1,12,4,Thursday,2018-03-22,18.63,18.87,18.29,18.29,4300.0,1521676800.0,DOWNTREND
PIA,2018,3,23,1,12,5,Friday,2018-03-23,16.69,16.69,16.5,16.5,3300.0,1521763200.0,DOWNTREND
PIA,2018,3,26,1,13,1,Monday,2018-03-26,17.9,17.9,17.42,17.66,3100.0,1522022400.0,DOWNTREND
PIA,2018,3,27,1,13,2,Tuesday,2018-03-27,17.42,17.42,16.93,17.42,4100.0,1522108800.0,SIDEWAY
PIA,2018,3,28,1,13,3,Wednesday,2018-03-28,17.32,17.32,17.32,17.32,1000.0,1522195200.0,SIDEWAY
PIA,2018,3,29,1,13,4,Thursday,2018-03-29,17.61,17.61,17.61,17.61,240.0,1522281600.0,SIDEWAY
PIA,2018,4,3,2,14,2,Tuesday,2018-04-03,17.27,17.27,17.27,17.27,100.0,1522713600.0,SIDEWAY
PIA,2018,4,4,2,14,3,Wednesday,2018-04-04,15.87,15.87,14.76,14.76,14640.0,1522800000.0,DOWNTREND
PIA,2018,4,5,2,14,4,Thursday,2018-04-05,13.84,13.84,13.55,13.55,23800.0,1522886400.0,DOWNTREND
PIA,2018,4,6,2,14,5,Friday,2018-04-06,14.51,15.58,14.51,15.58,4100.0,1522972800.0,UPTREND
PIA,2018,4,9,2,15,1,Monday,2018-04-09,16.16,16.4,16.16,16.4,740.0,1523232000.0,UPTREND
PIA,2018,4,10,2,15,2,Tuesday,2018-04-10,16.16,16.16,16.16,16.16,200.0,1523318400.0,SIDEWAY
PIA,2018,4,11,2,15,3,Wednesday,2018-04-11,15.92,15.97,15.24,15.77,6160.0,1523404800.0,DOWNTREND
PIA,2018,4,12,2,15,4,Thursday,2018-04-12,15.58,15.77,15.58,15.72,2020.0,1523491200.0,UPTREND
PIA,2018,4,16,2,16,1,Monday,2018-04-16,14.66,15.72,14.66,15.72,5700.0,1523836800.0,UPTREND
PIA,2018,4,17,2,16,2,Tuesday,2018-04-17,16.89,16.89,15.97,16.45,3400.0,1523923200.0,DOWNTREND
PIA,2018,4,18,2,16,3,Wednesday,2018-04-18,16.93,16.93,16.89,16.89,200.0,1524009600.0,DOWNTREND
PIA,2018,4,20,2,16,5,Friday,2018-04-20,15.29,16.55,15.0,16.45,5600.0,1524182400.0,UPTREND
PIA,2018,4,23,2,17,1,Monday,2018-04-23,16.45,16.45,16.45,16.45,150.0,1524441600.0,SIDEWAY
PIA,2018,4,24,2,17,2,Tuesday,2018-04-24,15.48,15.48,15.48,15.48,100.0,1524528000.0,SIDEWAY
PIA,2018,4,26,2,17,4,Thursday,2018-04-26,16.16,16.16,15.48,15.48,1900.0,1524700800.0,DOWNTREND
PIA,2018,4,27,2,17,5,Friday,2018-04-27,15.68,15.68,15.48,15.48,2400.0,1524787200.0,DOWNTREND
PIA,2018,5,2,2,18,3,Wednesday,2018-05-02,16.06,16.11,16.06,16.11,650.0,1525219200.0,UPTREND
PIA,2018,5,7,2,19,1,Monday,2018-05-07,16.01,16.01,16.01,16.01,100.0,1525651200.0,SIDEWAY
PIA,2018,5,8,2,19,2,Tuesday,2018-05-08,16.06,16.06,16.06,16.06,100.0,1525737600.0,SIDEWAY
PIA,2018,5,9,2,19,3,Wednesday,2018-05-09,15.24,15.48,15.24,15.48,6000.0,1525824000.0,UPTREND
PIA,2018,5,10,2,19,4,Thursday,2018-05-10,15.48,15.58,15.48,15.58,600.0,1525910400.0,UPTREND
PIA,2018,5,11,2,19,5,Friday,2018-05-11,15.97,15.97,15.97,15.97,100.0,1525996800.0,SIDEWAY
PIA,2018,5,14,2,20,1,Monday,2018-05-14,16.45,16.45,15.97,15.97,1700.0,1526256000.0,DOWNTREND
PIA,2018,5,15,2,20,2,Tuesday,2018-05-15,15.29,15.72,15.24,15.72,11200.0,1526342400.0,UPTREND
PIA,2018,5,16,2,20,3,Wednesday,2018-05-16,15.97,16.26,15.97,16.26,800.0,1526428800.0,UPTREND
PIA,2018,5,18,2,20,5,Friday,2018-05-18,15.48,15.48,15.48,15.48,1000.0,1526601600.0,SIDEWAY
PIA,2018,5,21,2,21,1,Monday,2018-05-21,15.48,15.92,15.48,15.92,800.0,1526860800.0,UPTREND
PIA,2018,5,22,2,21,2,Tuesday,2018-05-22,15.92,15.92,15.92,15.92,500.0,1526947200.0,SIDEWAY
PIA,2018,5,23,2,21,3,Wednesday,2018-05-23,15.87,15.87,15.87,15.87,100.0,1527033600.0,SIDEWAY
PIA,2018,5,24,2,21,4,Thursday,2018-05-24,15.72,15.72,15.72,15.72,300.0,1527120000.0,SIDEWAY
PIA,2018,5,28,2,22,1,Monday,2018-05-28,15.24,15.29,15.0,15.0,9500.0,1527465600.0,DOWNTREND
PIA,2018,5,29,2,22,2,Tuesday,2018-05-29,15.72,15.72,15.72,15.72,100.0,1527552000.0,SIDEWAY
PIA,2018,5,30,2,22,3,Wednesday,2018-05-30,14.08,15.48,14.08,15.48,200.0,1527638400.0,UPTREND
PIA,2018,5,31,2,22,4,Thursday,2018-05-31,15.48,15.48,14.32,14.8,1600.0,1527724800.0,DOWNTREND
PIA,2018,6,1,2,22,5,Friday,2018-06-01,14.61,15.48,14.61,15.48,200.0,1527811200.0,UPTREND
PIA,2018,6,4,2,23,1,Monday,2018-06-04,15.0,15.1,14.32,14.37,1500.0,1528070400.0,DOWNTREND
PIA,2018,6,5,2,23,2,Tuesday,2018-06-05,14.66,14.71,14.66,14.71,1100.0,1528156800.0,UPTREND
PIA,2018,6,6,2,23,3,Wednesday,2018-06-06,14.56,14.56,14.37,14.51,9620.0,1528243200.0,DOWNTREND
PIA,2018,6,7,2,23,4,Thursday,2018-06-07,14.42,14.51,14.37,14.51,1800.0,1528329600.0,UPTREND
PIA,2018,6,8,2,23,5,Friday,2018-06-08,14.66,14.66,14.51,14.51,6200.0,1528416000.0,DOWNTREND
PIA,2018,6,11,2,24,1,Monday,2018-06-11,14.56,15.24,14.51,15.24,13100.0,1528675200.0,UPTREND
PIA,2018,6,12,2,24,2,Tuesday,2018-06-12,14.8,15.0,14.76,15.0,1400.0,1528761600.0,UPTREND
PIA,2018,6,13,2,24,3,Wednesday,2018-06-13,14.76,15.24,14.76,15.0,3400.0,1528848000.0,UPTREND
PIA,2018,6,14,2,24,4,Thursday,2018-06-14,15.19,15.72,15.0,15.1,15000.0,1528934400.0,DOWNTREND
PIA,2018,6,15,2,24,5,Friday,2018-06-15,15.48,15.48,14.71,15.24,2700.0,1529020800.0,DOWNTREND
PIA,2018,6,18,2,25,1,Monday,2018-06-18,15.14,15.29,15.14,15.24,10600.0,1529280000.0,UPTREND
PIA,2018,6,19,2,25,2,Tuesday,2018-06-19,15.0,15.0,14.51,14.8,16120.0,1529366400.0,DOWNTREND
PIA,2018,6,20,2,25,3,Wednesday,2018-06-20,15.37,15.37,13.5,13.57,5000.0,1529452800.0,DOWNTREND
PIA,2018,6,21,2,25,4,Thursday,2018-06-21,12.9,13.44,12.9,13.44,2800.0,1529539200.0,UPTREND
PIA,2018,6,22,2,25,5,Friday,2018-06-22,14.64,14.64,14.64,14.64,117.0,1529625600.0,SIDEWAY
PIA,2018,6,25,2,26,1,Monday,2018-06-25,13.44,14.44,13.44,14.44,500.0,1529884800.0,UPTREND
PIA,2018,6,26,2,26,2,Tuesday,2018-06-26,13.7,13.9,13.7,13.9,800.0,1529971200.0,UPTREND
PIA,2018,6,27,2,26,3,Wednesday,2018-06-27,13.57,13.77,13.57,13.77,1100.0,1530057600.0,UPTREND
PIA,2018,6,28,2,26,4,Thursday,2018-06-28,13.57,14.57,13.57,14.04,5310.0,1530144000.0,UPTREND
PIA,2018,6,29,2,26,5,Friday,2018-06-29,13.97,15.04,13.97,15.04,600.0,1530230400.0,UPTREND
PIA,2018,7,2,3,27,1,Monday,2018-07-02,13.77,14.17,13.77,14.04,2000.0,1530489600.0,UPTREND
PIA,2018,7,3,3,27,2,Tuesday,2018-07-03,13.84,13.84,13.84,13.84,1710.0,1530576000.0,SIDEWAY
PIA,2018,7,4,3,27,3,Wednesday,2018-07-04,14.44,14.44,14.44,14.44,2000.0,1530662400.0,SIDEWAY
PIA,2018,7,5,3,27,4,Thursday,2018-07-05,15.37,15.37,15.37,15.37,100.0,1530748800.0,SIDEWAY
PIA,2018,7,9,3,28,1,Monday,2018-07-09,14.17,14.17,14.17,14.17,500.0,1531094400.0,SIDEWAY
PIA,2018,7,10,3,28,2,Tuesday,2018-07-10,14.71,15.24,14.71,15.24,300.0,1531180800.0,UPTREND
PIA,2018,7,11,3,28,3,Wednesday,2018-07-11,14.1,14.1,14.1,14.1,200.0,1531267200.0,SIDEWAY
PIA,2018,7,12,3,28,4,Thursday,2018-07-12,14.97,14.97,14.97,14.97,100.0,1531353600.0,SIDEWAY
PIA,2018,7,13,3,28,5,Friday,2018-07-13,14.91,14.91,14.37,14.37,2100.0,1531440000.0,DOWNTREND
PIA,2018,7,16,3,29,1,Monday,2018-07-16,14.1,14.1,14.1,14.1,300.0,1531699200.0,SIDEWAY
PIA,2018,7,17,3,29,2,Tuesday,2018-07-17,14.91,14.91,14.91,14.91,100.0,1531785600.0,SIDEWAY
PIA,2018,7,24,3,30,2,Tuesday,2018-07-24,14.91,14.91,14.91,14.91,100.0,1532390400.0,SIDEWAY
PIA,2018,7,26,3,30,4,Thursday,2018-07-26,14.71,14.71,14.17,14.17,1000.0,1532563200.0,DOWNTREND
PIA,2018,7,27,3,30,5,Friday,2018-07-27,14.91,14.91,14.91,14.91,100.0,1532649600.0,SIDEWAY
PIA,2018,7,30,3,31,1,Monday,2018-07-30,14.17,14.44,14.17,14.44,800.0,1532908800.0,UPTREND
PIA,2018,7,31,3,31,2,Tuesday,2018-07-31,14.97,14.97,14.97,14.97,400.0,1532995200.0,SIDEWAY
PIA,2018,8,1,3,31,3,Wednesday,2018-08-01,14.97,14.97,14.97,14.97,100.0,1533081600.0,SIDEWAY
PIA,2018,8,2,3,31,4,Thursday,2018-08-02,14.91,14.91,14.91,14.91,100.0,1533168000.0,SIDEWAY
PIA,2018,8,3,3,31,5,Friday,2018-08-03,14.44,14.44,14.44,14.44,200.0,1533254400.0,SIDEWAY
PIA,2018,8,6,3,32,1,Monday,2018-08-06,14.44,14.44,14.44,14.44,100.0,1533513600.0,SIDEWAY
PIA,2018,8,7,3,32,2,Tuesday,2018-08-07,14.97,15.04,14.97,15.04,2200.0,1533600000.0,UPTREND
PIA,2018,8,9,3,32,4,Thursday,2018-08-09,15.71,15.71,15.71,15.71,100.0,1533772800.0,SIDEWAY
PIA,2018,8,13,3,33,1,Monday,2018-08-13,15.64,15.71,15.64,15.71,1000.0,1534118400.0,UPTREND
PIA,2018,8,17,3,33,5,Friday,2018-08-17,14.77,15.98,14.77,15.37,5120.0,1534464000.0,UPTREND
PIA,2018,8,20,3,34,1,Monday,2018-08-20,14.84,16.04,14.84,16.04,700.0,1534723200.0,UPTREND
PIA,2018,8,21,3,34,2,Tuesday,2018-08-21,15.37,15.64,15.04,15.64,390.0,1534809600.0,UPTREND
PIA,2018,8,22,3,34,3,Wednesday,2018-08-22,15.04,15.04,15.04,15.04,600.0,1534896000.0,SIDEWAY
PIA,2018,8,23,3,34,4,Thursday,2018-08-23,15.37,15.37,15.04,15.04,500.0,1534982400.0,DOWNTREND
PIA,2018,8,24,3,34,5,Friday,2018-08-24,15.11,15.11,15.11,15.11,2000.0,1535068800.0,SIDEWAY
PIA,2018,8,28,3,35,2,Tuesday,2018-08-28,16.04,16.04,16.04,16.04,3400.0,1535414400.0,SIDEWAY
PIA,2018,8,29,3,35,3,Wednesday,2018-08-29,16.38,16.38,16.38,16.38,200.0,1535500800.0,SIDEWAY
PIA,2018,8,30,3,35,4,Thursday,2018-08-30,16.38,16.38,16.38,16.38,900.0,1535587200.0,SIDEWAY
PIA,2018,8,31,3,35,5,Friday,2018-08-31,16.04,16.04,16.04,16.04,2029.0,1535673600.0,SIDEWAY
PIA,2018,9,6,3,36,4,Thursday,2018-09-06,16.31,16.31,15.57,15.57,350.0,1536192000.0,DOWNTREND
PIA,2018,9,7,3,36,5,Friday,2018-09-07,15.71,15.71,15.71,15.71,130.0,1536278400.0,SIDEWAY
PIA,2018,9,10,3,37,1,Monday,2018-09-10,16.31,16.38,16.31,16.38,300.0,1536537600.0,UPTREND
PIA,2018,9,11,3,37,2,Tuesday,2018-09-11,16.91,16.91,16.04,16.04,840.0,1536624000.0,DOWNTREND
PIA,2018,9,12,3,37,3,Wednesday,2018-09-12,16.04,16.38,16.04,16.31,900.0,1536710400.0,UPTREND
PIA,2018,9,13,3,37,4,Thursday,2018-09-13,16.71,16.71,16.11,16.11,200.0,1536796800.0,DOWNTREND
PIA,2018,9,14,3,37,5,Friday,2018-09-14,16.04,16.04,16.04,16.04,3620.0,1536883200.0,SIDEWAY
PIA,2018,9,18,3,38,2,Tuesday,2018-09-18,16.38,16.38,16.38,16.38,200.0,1537228800.0,SIDEWAY
PIA,2018,9,19,3,38,3,Wednesday,2018-09-19,16.44,18.78,16.44,18.05,720.0,1537315200.0,UPTREND
PIA,2018,9,20,3,38,4,Thursday,2018-09-20,19.99,19.99,19.99,19.99,100.0,1537401600.0,SIDEWAY
PIA,2018,9,21,3,38,5,Friday,2018-09-21,20.05,20.05,17.38,17.38,500.0,1537488000.0,DOWNTREND
PIA,2018,9,25,3,39,2,Tuesday,2018-09-25,19.39,19.39,19.39,19.39,100.0,1537833600.0,SIDEWAY
PIA,2018,9,27,3,39,4,Thursday,2018-09-27,16.58,16.58,16.58,16.58,311.0,1538006400.0,SIDEWAY
PIA,2018,9,28,3,39,5,Friday,2018-09-28,18.65,18.65,18.65,18.65,100.0,1538092800.0,SIDEWAY
PIA,2018,10,4,4,40,4,Thursday,2018-10-04,16.64,16.64,16.64,16.64,500.0,1538611200.0,SIDEWAY
PIA,2018,10,5,4,40,5,Friday,2018-10-05,18.58,18.58,18.58,18.58,160.0,1538697600.0,SIDEWAY
PIA,2018,10,8,4,41,1,Monday,2018-10-08,16.38,16.38,16.38,16.38,1240.0,1538956800.0,SIDEWAY
PIA,2018,10,11,4,41,4,Thursday,2018-10-11,16.44,16.44,16.44,16.44,500.0,1539216000.0,SIDEWAY
PIA,2018,10,12,4,41,5,Friday,2018-10-12,18.32,18.32,18.32,18.32,100.0,1539302400.0,SIDEWAY
PIA,2018,10,15,4,42,1,Monday,2018-10-15,17.38,17.38,17.38,17.38,600.0,1539561600.0,SIDEWAY
PIA,2018,10,17,4,42,3,Wednesday,2018-10-17,16.78,16.78,16.71,16.71,1800.0,1539734400.0,DOWNTREND
PIA,2018,10,22,4,43,1,Monday,2018-10-22,16.71,16.71,16.71,16.71,5700.0,1540166400.0,SIDEWAY
PIA,2018,10,23,4,43,2,Tuesday,2018-10-23,16.38,16.38,14.77,14.77,16911.0,1540252800.0,DOWNTREND
PIA,2018,10,24,4,43,3,Wednesday,2018-10-24,15.37,15.37,15.37,15.37,850.0,1540339200.0,SIDEWAY
PIA,2018,10,26,4,43,5,Friday,2018-10-26,15.31,15.31,14.17,14.17,2100.0,1540512000.0,DOWNTREND
PIA,2018,10,29,4,44,1,Monday,2018-10-29,16.04,16.04,16.04,16.04,139.0,1540771200.0,SIDEWAY
PIA,2018,10,31,4,44,3,Wednesday,2018-10-31,14.57,16.04,14.44,16.04,1000.0,1540944000.0,UPTREND
PIA,2018,11,1,4,44,4,Thursday,2018-11-01,14.57,16.04,14.44,16.04,1000.0,1541030400.0,UPTREND
PIA,2018,11,2,4,44,5,Friday,2018-11-02,16.04,16.04,14.04,14.24,5069.0,1541116800.0,DOWNTREND
PIA,2018,11,5,4,45,1,Monday,2018-11-05,14.37,14.37,14.37,14.37,200.0,1541376000.0,SIDEWAY
PIA,2018,11,6,4,45,2,Tuesday,2018-11-06,15.71,15.71,15.71,15.71,100.0,1541462400.0,SIDEWAY
PIA,2018,11,9,4,45,5,Friday,2018-11-09,14.44,14.44,14.44,14.44,100.0,1541721600.0,SIDEWAY
PIA,2018,11,13,4,46,2,Tuesday,2018-11-13,15.37,15.37,15.37,15.37,100.0,1542067200.0,SIDEWAY
PIA,2018,11,21,4,47,3,Wednesday,2018-11-21,14.71,14.71,14.71,14.71,100.0,1542758400.0,SIDEWAY
PIA,2018,11,23,4,47,5,Friday,2018-11-23,14.64,14.64,14.64,14.64,200.0,1542931200.0,SIDEWAY
PIA,2018,11,27,4,48,2,Tuesday,2018-11-27,15.37,15.37,15.37,15.37,100.0,1543276800.0,SIDEWAY
PIA,2018,11,28,4,48,3,Wednesday,2018-11-28,15.37,15.37,15.37,15.37,800.0,1543363200.0,SIDEWAY
PIA,2018,12,3,4,49,1,Monday,2018-12-03,15.37,15.37,15.37,15.37,1300.0,1543795200.0,SIDEWAY
PIA,2018,12,5,4,49,3,Wednesday,2018-12-05,15.71,15.71,15.71,15.71,2000.0,1543968000.0,SIDEWAY
PIA,2018,12,12,4,50,3,Wednesday,2018-12-12,14.44,14.44,14.44,14.44,5000.0,1544572800.0,SIDEWAY
PIA,2018,12,14,4,50,5,Friday,2018-12-14,14.57,14.71,14.57,14.64,7647.0,1544745600.0,UPTREND
PIA,2018,12,17,4,51,1,Monday,2018-12-17,14.71,14.71,14.57,14.57,3100.0,1545004800.0,DOWNTREND
PIA,2018,12,18,4,51,2,Tuesday,2018-12-18,16.38,16.38,16.38,16.38,100.0,1545091200.0,SIDEWAY
PIA,2018,12,27,4,52,4,Thursday,2018-12-27,14.71,15.37,14.71,15.37,200.0,1545868800.0,UPTREND
PIA,2018,12,28,4,52,5,Friday,2018-12-28,14.97,14.97,14.71,14.71,200.0,1545955200.0,DOWNTREND
PIA,2019,1,2,1,1,3,Wednesday,2019-01-02,14.64,14.97,14.64,14.97,11800.0,1546387200.0,UPTREND
PIA,2019,1,4,1,1,5,Friday,2019-01-04,16.91,16.91,14.71,14.71,1100.0,1546560000.0,DOWNTREND
PIA,2019,1,7,1,2,1,Monday,2019-01-07,14.71,14.71,14.71,14.71,5600.0,1546819200.0,SIDEWAY
PIA,2019,1,9,1,2,3,Wednesday,2019-01-09,14.71,14.71,14.71,14.71,60.0,1546992000.0,SIDEWAY
PIA,2019,1,10,1,2,4,Thursday,2019-01-10,14.71,14.71,14.71,14.71,200.0,1547078400.0,SIDEWAY
PIA,2019,1,11,1,2,5,Friday,2019-01-11,15.37,15.37,15.37,15.37,100.0,1547164800.0,SIDEWAY
PIA,2019,1,14,1,3,1,Monday,2019-01-14,15.37,15.37,15.37,15.37,300.0,1547424000.0,SIDEWAY
PIA,2019,1,15,1,3,2,Tuesday,2019-01-15,14.77,14.77,14.77,14.77,100.0,1547510400.0,SIDEWAY
PIA,2019,1,16,1,3,3,Wednesday,2019-01-16,14.37,14.37,14.37,14.37,100.0,1547596800.0,SIDEWAY
PIA,2019,1,17,1,3,4,Thursday,2019-01-17,14.71,14.71,14.71,14.71,200.0,1547683200.0,SIDEWAY
PIA,2019,1,18,1,3,5,Friday,2019-01-18,15.37,16.04,15.37,16.04,4060.0,1547769600.0,UPTREND
PIA,2019,1,21,1,4,1,Monday,2019-01-21,15.98,16.04,15.98,16.04,4000.0,1548028800.0,UPTREND
PIA,2019,1,22,1,4,2,Tuesday,2019-01-22,16.04,16.04,16.04,16.04,600.0,1548115200.0,SIDEWAY
PIA,2019,1,23,1,4,3,Wednesday,2019-01-23,16.04,16.04,16.04,16.04,500.0,1548201600.0,SIDEWAY
PIA,2019,1,25,1,4,5,Friday,2019-01-25,16.38,16.38,16.38,16.38,100.0,1548374400.0,SIDEWAY
PIA,2019,1,28,1,5,1,Monday,2019-01-28,16.31,17.25,16.31,17.25,6900.0,1548633600.0,UPTREND
PIA,2019,1,30,1,5,3,Wednesday,2019-01-30,16.38,18.78,16.04,18.78,3100.0,1548806400.0,UPTREND
PIA,2019,1,31,1,5,4,Thursday,2019-01-31,16.44,18.05,14.84,15.37,2600.0,1548892800.0,DOWNTREND
PIA,2019,2,1,1,5,5,Friday,2019-02-01,15.64,15.64,15.64,15.64,1600.0,1548979200.0,SIDEWAY
PIA,2019,2,11,1,7,1,Monday,2019-02-11,17.85,17.85,17.85,17.85,100.0,1549843200.0,SIDEWAY
PIA,2019,2,12,1,7,2,Tuesday,2019-02-12,15.24,15.24,15.24,15.24,100.0,1549929600.0,SIDEWAY
PIA,2019,2,13,1,7,3,Wednesday,2019-02-13,17.51,17.51,17.18,17.18,300.0,1550016000.0,DOWNTREND
PIA,2019,2,15,1,7,5,Friday,2019-02-15,16.71,16.71,16.71,16.71,500.0,1550188800.0,SIDEWAY
PIA,2019,2,18,1,8,1,Monday,2019-02-18,16.71,16.71,16.71,16.71,500.0,1550448000.0,SIDEWAY
PIA,2019,2,19,1,8,2,Tuesday,2019-02-19,17.38,17.38,17.38,17.38,100.0,1550534400.0,SIDEWAY
PIA,2019,2,20,1,8,3,Wednesday,2019-02-20,17.38,18.05,17.38,18.05,200.0,1550620800.0,UPTREND
PIA,2019,2,21,1,8,4,Thursday,2019-02-21,17.78,18.05,16.71,16.71,1700.0,1550707200.0,DOWNTREND
PIA,2019,2,22,1,8,5,Friday,2019-02-22,18.25,18.25,18.25,18.25,120.0,1550793600.0,SIDEWAY
PIA,2019,2,25,1,9,1,Monday,2019-02-25,18.72,18.72,18.45,18.45,1900.0,1551052800.0,DOWNTREND
PIA,2019,2,26,1,9,2,Tuesday,2019-02-26,18.38,18.38,18.38,18.38,100.0,1551139200.0,SIDEWAY
PIA,2019,2,27,1,9,3,Wednesday,2019-02-27,18.05,18.05,18.05,18.05,700.0,1551225600.0,SIDEWAY
PIA,2019,2,28,1,9,4,Thursday,2019-02-28,19.18,19.18,19.18,19.18,100.0,1551312000.0,SIDEWAY
PIA,2019,3,1,1,9,5,Friday,2019-03-01,19.85,19.85,19.85,19.85,300.0,1551398400.0,SIDEWAY
PIA,2019,3,4,1,10,1,Monday,2019-03-04,22.06,22.06,22.06,22.06,120.0,1551657600.0,SIDEWAY
PIA,2019,3,7,1,10,4,Thursday,2019-03-07,20.79,20.79,20.19,20.19,300.0,1551916800.0,DOWNTREND
PIA,2019,3,12,1,11,2,Tuesday,2019-03-12,20.59,20.59,20.19,20.19,1.0,1552348800.0,DOWNTREND
PIA,2019,3,13,1,11,3,Wednesday,2019-03-13,20.52,20.52,20.52,20.52,700.0,1552435200.0,SIDEWAY
PIA,2019,3,19,1,12,2,Tuesday,2019-03-19,21.72,21.72,21.72,21.72,100.0,1552953600.0,SIDEWAY
PIA,2019,3,20,1,12,3,Wednesday,2019-03-20,19.05,19.05,18.72,18.72,200.0,1553040000.0,DOWNTREND
PIA,2019,3,27,1,13,3,Wednesday,2019-03-27,18.92,20.39,18.92,20.39,700.0,1553644800.0,UPTREND
PIA,2019,3,28,1,13,4,Thursday,2019-03-28,19.12,20.39,19.12,20.39,73.0,1553731200.0,UPTREND
PIA,2019,3,29,1,13,5,Friday,2019-03-29,19.85,19.85,19.85,19.85,100.0,1553817600.0,SIDEWAY
PIA,2019,4,4,2,14,4,Thursday,2019-04-04,19.85,19.85,19.85,19.85,40.0,1554336000.0,SIDEWAY
PIA,2019,4,5,2,14,5,Friday,2019-04-05,20.05,20.05,20.05,20.05,100.0,1554422400.0,SIDEWAY
PIA,2019,4,9,2,15,2,Tuesday,2019-04-09,18.11,18.11,18.05,18.05,1000.0,1554768000.0,DOWNTREND
PIA,2019,4,10,2,15,3,Wednesday,2019-04-10,20.39,20.39,18.72,18.72,2100.0,1554854400.0,DOWNTREND
PIA,2019,4,11,2,15,4,Thursday,2019-04-11,19.72,19.72,19.72,19.72,200.0,1554940800.0,SIDEWAY
PIA,2019,4,12,2,15,5,Friday,2019-04-12,20.72,20.72,18.72,18.78,3000.0,1555027200.0,DOWNTREND
PIA,2019,4,16,2,16,2,Tuesday,2019-04-16,18.78,18.78,18.78,18.78,1000.0,1555372800.0,SIDEWAY
PIA,2019,4,17,2,16,3,Wednesday,2019-04-17,18.92,20.72,18.78,20.72,4800.0,1555459200.0,UPTREND
PIA,2019,4,18,2,16,4,Thursday,2019-04-18,20.39,20.39,20.39,20.39,100.0,1555545600.0,SIDEWAY
PIA,2019,4,19,2,16,5,Friday,2019-04-19,19.18,20.66,19.18,20.66,300.0,1555632000.0,UPTREND
PIA,2019,4,22,2,17,1,Monday,2019-04-22,19.59,20.05,19.59,20.05,1100.0,1555891200.0,UPTREND
PIA,2019,4,23,2,17,2,Tuesday,2019-04-23,19.25,19.92,18.98,19.92,12980.0,1555977600.0,UPTREND
PIA,2019,4,24,2,17,3,Wednesday,2019-04-24,19.18,19.18,19.18,19.18,5000.0,1556064000.0,SIDEWAY
PIA,2019,4,25,2,17,4,Thursday,2019-04-25,19.18,19.18,19.12,19.18,8100.0,1556150400.0,SIDEWAY
PIA,2019,4,26,2,17,5,Friday,2019-04-26,19.12,19.79,19.12,19.32,2200.0,1556236800.0,UPTREND
PIA,2019,5,6,2,19,1,Monday,2019-05-06,19.05,19.65,18.85,18.85,6200.0,1557100800.0,DOWNTREND
PIA,2019,5,7,2,19,2,Tuesday,2019-05-07,18.92,18.98,18.92,18.98,1400.0,1557187200.0,UPTREND
PIA,2019,5,8,2,19,3,Wednesday,2019-05-08,17.85,18.72,17.85,18.72,200.0,1557273600.0,UPTREND
PIA,2019,5,9,2,19,4,Thursday,2019-05-09,18.32,18.32,18.32,18.32,100.0,1557360000.0,SIDEWAY
PIA,2019,5,10,2,19,5,Friday,2019-05-10,18.32,18.32,18.32,18.32,200.0,1557446400.0,SIDEWAY
PIA,2019,5,13,2,20,1,Monday,2019-05-13,19.32,20.45,19.32,20.45,200.0,1557705600.0,UPTREND
PIA,2019,5,16,2,20,4,Thursday,2019-05-16,18.72,19.05,18.72,18.72,5600.0,1557964800.0,SIDEWAY
PIA,2019,5,17,2,20,5,Friday,2019-05-17,19.65,19.65,19.39,19.39,6920.0,1558051200.0,DOWNTREND
PIA,2019,5,20,2,21,1,Monday,2019-05-20,19.39,19.39,19.39,19.39,1100.0,1558310400.0,SIDEWAY
PIA,2019,5,21,2,21,2,Tuesday,2019-05-21,19.65,19.65,19.59,19.59,6000.0,1558396800.0,DOWNTREND
PIA,2019,5,22,2,21,3,Wednesday,2019-05-22,19.59,19.59,19.59,19.59,5000.0,1558483200.0,SIDEWAY
PIA,2019,5,23,2,21,4,Thursday,2019-05-23,19.52,19.52,19.32,19.32,8800.0,1558569600.0,DOWNTREND
PIA,2019,5,24,2,21,5,Friday,2019-05-24,19.39,19.39,19.39,19.39,5400.0,1558656000.0,SIDEWAY
PIA,2019,5,27,2,22,1,Monday,2019-05-27,21.63,21.63,20.16,20.16,2733.0,1558915200.0,DOWNTREND
PIA,2019,5,28,2,22,2,Tuesday,2019-05-28,20.39,20.39,20.16,20.16,2500.0,1559001600.0,DOWNTREND
PIA,2019,5,29,2,22,3,Wednesday,2019-05-29,19.85,19.85,19.62,19.62,900.0,1559088000.0,DOWNTREND
PIA,2019,5,30,2,22,4,Thursday,2019-05-30,19.46,19.46,19.46,19.46,300.0,1559174400.0,SIDEWAY
PIA,2019,5,31,2,22,5,Friday,2019-05-31,19.38,19.38,19.38,19.38,1900.0,1559260800.0,SIDEWAY
PIA,2019,6,3,2,23,1,Monday,2019-06-03,19.38,19.62,19.38,19.38,3400.0,1559520000.0,SIDEWAY
PIA,2019,6,4,2,23,2,Tuesday,2019-06-04,19.69,19.69,19.54,19.54,5400.0,1559606400.0,DOWNTREND
PIA,2019,6,5,2,23,3,Wednesday,2019-06-05,19.77,19.77,19.54,19.77,1800.0,1559692800.0,SIDEWAY
PIA,2019,6,6,2,23,4,Thursday,2019-06-06,19.77,19.77,19.54,19.54,1500.0,1559779200.0,DOWNTREND
PIA,2019,6,7,2,23,5,Friday,2019-06-07,19.69,20.16,19.69,20.16,12200.0,1559865600.0,UPTREND
PIA,2019,6,10,2,24,1,Monday,2019-06-10,20.16,20.16,20.16,20.16,1000.0,1560124800.0,SIDEWAY
PIA,2019,6,12,2,24,3,Wednesday,2019-06-12,20.16,20.78,20.16,20.78,1100.0,1560297600.0,UPTREND
PIA,2019,6,13,2,24,4,Thursday,2019-06-13,20.78,20.78,20.24,20.24,300.0,1560384000.0,DOWNTREND
PIA,2019,6,14,2,24,5,Friday,2019-06-14,20.39,20.39,20.39,20.39,1600.0,1560470400.0,SIDEWAY
PIA,2019,6,17,2,25,1,Monday,2019-06-17,20.78,20.78,20.78,20.78,107.0,1560729600.0,SIDEWAY
PIA,2019,6,19,2,25,3,Wednesday,2019-06-19,20.78,20.78,20.78,20.78,100.0,1560902400.0,SIDEWAY
PIA,2019,6,20,2,25,4,Thursday,2019-06-20,20.78,20.78,20.16,20.16,2600.0,1560988800.0,DOWNTREND
PIA,2019,6,21,2,25,5,Friday,2019-06-21,20.16,20.16,20.16,20.16,4500.0,1561075200.0,SIDEWAY
PIA,2019,6,24,2,26,1,Monday,2019-06-24,20.16,20.16,19.54,20.16,4300.0,1561334400.0,SIDEWAY
PIA,2019,6,25,2,26,2,Tuesday,2019-06-25,20.16,20.16,20.16,20.16,2100.0,1561420800.0,SIDEWAY
PIA,2019,6,26,2,26,3,Wednesday,2019-06-26,20.08,20.16,19.77,19.77,4400.0,1561507200.0,DOWNTREND
PIA,2019,6,27,2,26,4,Thursday,2019-06-27,20.16,20.16,20.16,20.16,2600.0,1561593600.0,SIDEWAY
PIA,2019,6,28,2,26,5,Friday,2019-06-28,20.16,20.16,20.16,20.16,1200.0,1561680000.0,SIDEWAY
PIA,2019,7,1,3,27,1,Monday,2019-07-01,20.16,20.93,20.16,20.93,2500.0,1561939200.0,UPTREND
PIA,2019,7,2,3,27,2,Tuesday,2019-07-02,20.16,20.55,20.16,20.55,700.0,1562025600.0,UPTREND
PIA,2019,7,3,3,27,3,Wednesday,2019-07-03,20.55,20.55,20.55,20.55,200.0,1562112000.0,SIDEWAY
PIA,2019,7,4,3,27,4,Thursday,2019-07-04,20.55,20.55,20.55,20.55,2000.0,1562198400.0,SIDEWAY
PIA,2019,7,5,3,27,5,Friday,2019-07-05,20.55,20.55,20.55,20.55,2600.0,1562284800.0,SIDEWAY
PIA,2019,7,8,3,28,1,Monday,2019-07-08,20.55,21.55,20.55,20.93,13700.0,1562544000.0,UPTREND
PIA,2019,7,9,3,28,2,Tuesday,2019-07-09,22.87,22.87,22.87,22.87,125.0,1562630400.0,SIDEWAY
PIA,2019,7,10,3,28,3,Wednesday,2019-07-10,19.46,21.55,19.46,21.32,1000.0,1562716800.0,UPTREND
PIA,2019,7,11,3,28,4,Thursday,2019-07-11,21.32,21.4,20.93,21.4,5700.0,1562803200.0,UPTREND
PIA,2019,7,12,3,28,5,Friday,2019-07-12,21.63,21.63,21.63,21.63,600.0,1562889600.0,SIDEWAY
PIA,2019,7,15,3,29,1,Monday,2019-07-15,21.63,21.63,21.63,21.63,600.0,1563148800.0,SIDEWAY
PIA,2019,7,16,3,29,2,Tuesday,2019-07-16,20.31,21.63,20.31,21.63,200.0,1563235200.0,UPTREND
PIA,2019,7,17,3,29,3,Wednesday,2019-07-17,21.71,21.71,21.63,21.63,300.0,1563321600.0,DOWNTREND
PIA,2019,7,18,3,29,4,Thursday,2019-07-18,21.71,21.71,21.32,21.63,4800.0,1563408000.0,DOWNTREND
PIA,2019,7,19,3,29,5,Friday,2019-07-19,21.55,21.55,21.32,21.32,5700.0,1563494400.0,DOWNTREND
PIA,2019,7,22,3,30,1,Monday,2019-07-22,22.41,22.41,21.71,21.71,16500.0,1563753600.0,DOWNTREND
PIA,2019,7,23,3,30,2,Tuesday,2019-07-23,21.71,22.48,21.71,22.48,1400.0,1563840000.0,UPTREND
PIA,2019,7,24,3,30,3,Wednesday,2019-07-24,18.53,22.41,18.53,21.71,800.0,1563926400.0,UPTREND
PIA,2019,7,25,3,30,4,Thursday,2019-07-25,23.11,23.11,23.11,23.11,100.0,1564012800.0,SIDEWAY
PIA,2019,7,26,3,30,5,Friday,2019-07-26,24.42,24.42,20.62,22.8,3400.0,1564099200.0,DOWNTREND
PIA,2019,7,29,3,31,1,Monday,2019-07-29,23.26,23.26,23.26,23.26,4000.0,1564358400.0,SIDEWAY
PIA,2019,7,31,3,31,3,Wednesday,2019-07-31,22.87,22.87,22.87,22.87,600.0,1564531200.0,SIDEWAY
PIA,2019,8,1,3,31,4,Thursday,2019-08-01,23.26,23.26,23.11,23.11,5200.0,1564617600.0,DOWNTREND
PIA,2019,8,2,3,31,5,Friday,2019-08-02,23.11,23.18,23.11,23.18,5700.0,1564704000.0,UPTREND
PIA,2019,8,5,3,32,1,Monday,2019-08-05,25.12,25.12,23.03,23.03,10500.0,1564963200.0,DOWNTREND
PIA,2019,8,6,3,32,2,Tuesday,2019-08-06,23.65,23.65,23.65,23.65,100.0,1565049600.0,SIDEWAY
PIA,2019,8,7,3,32,3,Wednesday,2019-08-07,23.26,23.26,23.26,23.26,600.0,1565136000.0,SIDEWAY
PIA,2019,8,8,3,32,4,Thursday,2019-08-08,23.26,23.65,21.32,23.26,7300.0,1565222400.0,SIDEWAY
PIA,2019,8,9,3,32,5,Friday,2019-08-09,23.65,23.65,23.65,23.65,500.0,1565308800.0,SIDEWAY
PIA,2019,8,12,3,33,1,Monday,2019-08-12,22.1,23.26,22.1,23.26,1800.0,1565568000.0,UPTREND
PIA,2019,8,13,3,33,2,Tuesday,2019-08-13,23.26,23.26,23.26,23.26,700.0,1565654400.0,SIDEWAY
PIA,2019,8,14,3,33,3,Wednesday,2019-08-14,23.26,23.26,23.26,23.26,200.0,1565740800.0,SIDEWAY
PIA,2019,8,15,3,33,4,Thursday,2019-08-15,23.26,23.26,22.48,22.48,1400.0,1565827200.0,DOWNTREND
PIA,2019,8,16,3,33,5,Friday,2019-08-16,22.87,22.87,22.64,22.64,800.0,1565913600.0,DOWNTREND
PIA,2019,8,19,3,34,1,Monday,2019-08-19,23.26,23.26,23.26,23.26,100.0,1566172800.0,SIDEWAY
PIA,2019,8,20,3,34,2,Tuesday,2019-08-20,24.35,24.35,24.35,24.35,100.0,1566259200.0,SIDEWAY
PIA,2019,8,21,3,34,3,Wednesday,2019-08-21,22.48,22.56,22.48,22.56,6200.0,1566345600.0,UPTREND
PIA,2019,8,22,3,34,4,Thursday,2019-08-22,21.86,22.64,21.86,22.64,800.0,1566432000.0,UPTREND
PIA,2019,8,23,3,34,5,Friday,2019-08-23,22.8,22.8,22.72,22.72,300.0,1566518400.0,DOWNTREND
PIA,2019,8,26,3,35,1,Monday,2019-08-26,23.65,23.65,23.65,23.65,100.0,1566777600.0,SIDEWAY
PIA,2019,8,27,3,35,2,Tuesday,2019-08-27,23.65,23.65,23.65,23.65,3300.0,1566864000.0,SIDEWAY
PIA,2019,8,28,3,35,3,Wednesday,2019-08-28,24.42,24.42,24.42,24.42,100.0,1566950400.0,SIDEWAY
PIA,2019,9,6,3,36,5,Friday,2019-09-06,25.2,25.2,25.2,25.2,300.0,1567728000.0,SIDEWAY
PIA,2019,9,9,3,37,1,Monday,2019-09-09,26.98,26.98,23.65,24.04,27500.0,1567987200.0,DOWNTREND
PIA,2019,9,10,3,37,2,Tuesday,2019-09-10,24.81,24.81,24.11,24.11,1100.0,1568073600.0,DOWNTREND
PIA,2019,9,12,3,37,4,Thursday,2019-09-12,22.48,24.35,22.48,24.35,200.0,1568246400.0,UPTREND
PIA,2019,9,13,3,37,5,Friday,2019-09-13,24.19,24.19,22.64,24.19,700.0,1568332800.0,SIDEWAY
PIA,2019,9,17,3,38,2,Tuesday,2019-09-17,22.87,23.26,22.87,23.26,400.0,1568678400.0,UPTREND
PIA,2019,9,18,3,38,3,Wednesday,2019-09-18,23.73,23.73,23.73,23.73,100.0,1568764800.0,SIDEWAY
PIA,2019,9,19,3,38,4,Thursday,2019-09-19,22.64,23.73,22.64,23.73,600.0,1568851200.0,UPTREND
PIA,2019,9,20,3,38,5,Friday,2019-09-20,22.87,24.04,22.87,24.04,200.0,1568937600.0,UPTREND
PIA,2019,9,23,3,39,1,Monday,2019-09-23,22.64,23.88,22.64,23.88,200.0,1569196800.0,UPTREND
PIA,2019,9,25,3,39,3,Wednesday,2019-09-25,22.25,23.88,22.25,23.88,600.0,1569369600.0,UPTREND
PIA,2019,9,27,3,39,5,Friday,2019-09-27,24.81,24.81,23.26,23.88,700.0,1569542400.0,DOWNTREND
PIA,2019,9,30,3,40,1,Monday,2019-09-30,22.64,23.88,22.64,23.88,300.0,1569801600.0,UPTREND
PIA,2019,10,3,4,40,4,Thursday,2019-10-03,23.88,23.88,23.26,23.26,1300.0,1570060800.0,DOWNTREND
PIA,2019,10,9,4,41,3,Wednesday,2019-10-09,24.35,24.35,24.35,24.35,100.0,1570579200.0,SIDEWAY
PIA,2019,10,16,4,42,3,Wednesday,2019-10-16,26.75,26.75,26.75,26.75,100.0,1571184000.0,SIDEWAY
PIA,2019,10,24,4,43,4,Thursday,2019-10-24,24.19,24.19,24.19,24.19,100.0,1571875200.0,SIDEWAY
PIA,2019,10,29,4,44,2,Tuesday,2019-10-29,22.64,24.04,22.64,24.04,600.0,1572307200.0,UPTREND
PIA,2019,10,30,4,44,3,Wednesday,2019-10-30,23.26,24.04,22.87,24.04,700.0,1572393600.0,UPTREND
PIA,2019,10,31,4,44,4,Thursday,2019-10-31,22.87,24.04,22.64,24.04,900.0,1572480000.0,UPTREND
PIA,2019,11,7,4,45,4,Thursday,2019-11-07,22.48,23.57,22.48,23.57,2000.0,1573084800.0,UPTREND
PIA,2019,11,12,4,46,2,Tuesday,2019-11-12,22.87,23.26,22.87,22.87,4900.0,1573516800.0,SIDEWAY
PIA,2019,11,13,4,46,3,Wednesday,2019-11-13,22.87,22.87,22.87,22.87,7100.0,1573603200.0,SIDEWAY
PIA,2019,11,14,4,46,4,Thursday,2019-11-14,22.87,22.87,22.87,22.87,1000.0,1573689600.0,SIDEWAY
PIA,2019,11,15,4,46,5,Friday,2019-11-15,23.26,23.26,23.26,23.26,100.0,1573776000.0,SIDEWAY
PIA,2019,11,19,4,47,2,Tuesday,2019-11-19,22.87,23.49,22.87,23.49,2200.0,1574121600.0,UPTREND
PIA,2019,11,20,4,47,3,Wednesday,2019-11-20,22.48,22.48,22.48,22.48,1000.0,1574208000.0,SIDEWAY
PIA,2019,11,21,4,47,4,Thursday,2019-11-21,22.48,24.04,22.48,23.96,1200.0,1574294400.0,UPTREND
PIA,2019,11,22,4,47,5,Friday,2019-11-22,22.87,22.87,22.87,22.87,100.0,1574380800.0,SIDEWAY
PIA,2019,11,27,4,48,3,Wednesday,2019-11-27,22.64,22.64,22.64,22.64,1000.0,1574812800.0,SIDEWAY
PIA,2019,11,28,4,48,4,Thursday,2019-11-28,22.64,22.64,22.48,22.48,3500.0,1574899200.0,DOWNTREND
PIA,2019,11,29,4,48,5,Friday,2019-11-29,22.56,22.56,22.56,22.56,1000.0,1574985600.0,SIDEWAY
PIA,2019,12,2,4,49,1,Monday,2019-12-02,23.49,23.49,23.49,23.49,100.0,1575244800.0,SIDEWAY
PIA,2019,12,5,4,49,4,Thursday,2019-12-05,23.42,23.42,23.42,23.42,100.0,1575504000.0,SIDEWAY
PIA,2019,12,9,4,50,1,Monday,2019-12-09,24.66,24.66,24.66,24.66,100.0,1575849600.0,SIDEWAY
PIA,2019,12,12,4,50,4,Thursday,2019-12-12,22.48,22.87,22.48,22.87,4200.0,1576108800.0,UPTREND
PIA,2019,12,13,4,50,5,Friday,2019-12-13,24.04,24.66,24.04,24.66,300.0,1576195200.0,UPTREND
PIA,2019,12,16,4,51,1,Monday,2019-12-16,22.87,22.87,22.72,22.72,300.0,1576454400.0,DOWNTREND
PIA,2019,12,17,4,51,2,Tuesday,2019-12-17,22.64,23.96,22.64,23.96,900.0,1576540800.0,UPTREND
PIA,2019,12,20,4,51,5,Friday,2019-12-20,23.73,23.73,23.73,23.73,100.0,1576800000.0,SIDEWAY
PIA,2019,12,26,4,52,4,Thursday,2019-12-26,22.87,23.73,22.48,23.73,1400.0,1577318400.0,UPTREND
PIA,2019,12,27,4,52,5,Friday,2019-12-27,23.57,23.57,23.57,23.57,100.0,1577404800.0,SIDEWAY
PIA,2019,12,31,4,1,2,Tuesday,2019-12-31,24.04,24.04,24.04,24.04,400.0,1577750400.0,SIDEWAY
PIA,2020,1,3,1,1,5,Friday,2020-01-03,23.26,24.04,23.26,24.04,200.0,1578009600.0,UPTREND
PIA,2020,1,9,1,2,4,Thursday,2020-01-09,23.8,23.8,23.8,23.8,100.0,1578528000.0,SIDEWAY
PIA,2020,1,14,1,3,2,Tuesday,2020-01-14,23.26,23.8,23.26,23.8,5000.0,1578960000.0,UPTREND
PIA,2020,1,20,1,4,1,Monday,2020-01-20,22.87,23.26,22.48,23.26,5000.0,1579478400.0,UPTREND
PIA,2020,1,21,1,4,2,Tuesday,2020-01-21,22.87,23.57,22.48,22.48,5800.0,1579564800.0,DOWNTREND
PIA,2020,1,22,1,4,3,Wednesday,2020-01-22,24.04,24.04,24.04,24.04,100.0,1579651200.0,SIDEWAY
PIA,2020,1,30,1,5,4,Thursday,2020-01-30,22.48,22.48,22.48,22.48,6500.0,1580342400.0,SIDEWAY
PIA,2020,2,3,1,6,1,Monday,2020-02-03,20.93,20.93,20.86,20.93,8600.0,1580688000.0,SIDEWAY
PIA,2020,2,4,1,6,2,Tuesday,2020-02-04,22.41,22.41,22.41,22.41,100.0,1580774400.0,SIDEWAY
PIA,2020,2,7,1,6,5,Friday,2020-02-07,21.55,22.02,21.55,22.02,800.0,1581033600.0,UPTREND
PIA,2020,2,10,1,7,1,Monday,2020-02-10,21.71,21.71,21.55,21.55,300.0,1581292800.0,DOWNTREND
PIA,2020,2,11,1,7,2,Tuesday,2020-02-11,21.94,21.94,21.94,21.94,100.0,1581379200.0,SIDEWAY
PIA,2020,2,12,1,7,3,Wednesday,2020-02-12,22.41,22.41,22.41,22.41,100.0,1581465600.0,SIDEWAY
PIA,2020,2,17,1,8,1,Monday,2020-02-17,22.1,22.33,22.1,22.33,2800.0,1581897600.0,UPTREND
PIA,2020,2,18,1,8,2,Tuesday,2020-02-18,23.26,23.26,23.26,23.26,100.0,1581984000.0,SIDEWAY
PIA,2020,2,19,1,8,3,Wednesday,2020-02-19,24.42,24.42,24.42,24.42,200.0,1582070400.0,SIDEWAY
PIA,2020,2,28,1,9,5,Friday,2020-02-28,22.02,22.48,22.02,22.48,1200.0,1582848000.0,UPTREND
PIA,2020,3,2,1,10,1,Monday,2020-03-02,22.02,22.02,22.02,22.02,1200.0,1583107200.0,SIDEWAY
PIA,2020,3,3,1,10,2,Tuesday,2020-03-03,21.71,22.25,20.86,22.25,4400.0,1583193600.0,UPTREND
PIA,2020,3,5,1,10,4,Thursday,2020-03-05,21.32,21.63,21.32,21.63,400.0,1583366400.0,UPTREND
PIA,2020,3,9,1,11,1,Monday,2020-03-09,20.93,20.93,20.47,20.93,10600.0,1583712000.0,SIDEWAY
PIA,2020,3,10,1,11,2,Tuesday,2020-03-10,20.93,20.93,20.93,20.93,100.0,1583798400.0,SIDEWAY
PIA,2020,3,11,1,11,3,Wednesday,2020-03-11,21.01,21.01,20.93,20.93,800.0,1583884800.0,DOWNTREND
PIA,2020,3,12,1,11,4,Thursday,2020-03-12,20.93,20.93,20.78,20.78,1500.0,1583971200.0,DOWNTREND
PIA,2020,3,13,1,11,5,Friday,2020-03-13,18.84,20.7,18.76,20.7,2200.0,1584057600.0,UPTREND
PIA,2020,3,16,1,12,1,Monday,2020-03-16,20.24,20.24,20.24,20.24,500.0,1584316800.0,SIDEWAY
PIA,2020,3,17,1,12,2,Tuesday,2020-03-17,20.08,20.24,20.08,20.16,1000.0,1584403200.0,UPTREND
PIA,2020,3,18,1,12,3,Wednesday,2020-03-18,20.16,20.93,19.85,20.93,3700.0,1584489600.0,UPTREND
PIA,2020,3,19,1,12,4,Thursday,2020-03-19,20.16,20.16,20.16,20.16,2700.0,1584576000.0,SIDEWAY
PIA,2020,3,23,1,13,1,Monday,2020-03-23,20.16,20.16,19.07,19.07,3400.0,1584921600.0,DOWNTREND
PIA,2020,3,24,1,13,2,Tuesday,2020-03-24,19.15,19.15,19.15,19.15,100.0,1585008000.0,SIDEWAY
PIA,2020,3,25,1,13,3,Wednesday,2020-03-25,19.23,19.31,19.23,19.31,200.0,1585094400.0,UPTREND
PIA,2020,3,27,1,13,5,Friday,2020-03-27,19.38,19.38,19.38,19.38,100.0,1585267200.0,SIDEWAY
PIA,2020,3,30,1,14,1,Monday,2020-03-30,19.38,19.38,19.38,19.38,100.0,1585526400.0,SIDEWAY
PIA,2020,3,31,1,14,2,Tuesday,2020-03-31,19.38,19.38,19.38,19.38,1700.0,1585612800.0,SIDEWAY
PIA,2020,4,3,2,14,5,Friday,2020-04-03,20.55,20.55,20.55,20.55,100.0,1585872000.0,SIDEWAY
PIA,2020,4,6,2,15,1,Monday,2020-04-06,21.32,21.32,21.32,21.32,100.0,1586131200.0,SIDEWAY
PIA,2020,4,7,2,15,2,Tuesday,2020-04-07,20.93,20.93,20.93,20.93,2000.0,1586217600.0,SIDEWAY
PIA,2020,4,8,2,15,3,Wednesday,2020-04-08,20.93,20.93,20.78,20.78,3000.0,1586304000.0,DOWNTREND
PIA,2020,4,9,2,15,4,Thursday,2020-04-09,21.32,21.32,21.32,21.32,100.0,1586390400.0,SIDEWAY
PIA,2020,4,10,2,15,5,Friday,2020-04-10,22.48,22.48,22.48,22.48,100.0,1586476800.0,SIDEWAY
PIA,2020,4,16,2,16,4,Thursday,2020-04-16,20.31,20.31,20.31,20.31,100.0,1586995200.0,SIDEWAY
PIA,2020,4,17,2,16,5,Friday,2020-04-17,21.32,21.32,21.32,21.32,100.0,1587081600.0,SIDEWAY
PIA,2020,4,20,2,17,1,Monday,2020-04-20,19.23,20.93,19.23,20.93,4300.0,1587340800.0,UPTREND
PIA,2020,4,22,2,17,3,Wednesday,2020-04-22,18.84,19.77,18.84,19.77,200.0,1587513600.0,UPTREND
PIA,2020,4,23,2,17,4,Thursday,2020-04-23,19.77,19.77,19.77,19.77,100.0,1587600000.0,SIDEWAY
PIA,2020,4,24,2,17,5,Friday,2020-04-24,19.77,21.55,19.77,21.55,700.0,1587686400.0,UPTREND
PIA,2020,4,27,2,18,1,Monday,2020-04-27,19.54,19.54,19.54,19.54,100.0,1587945600.0,SIDEWAY
PIA,2020,4,29,2,18,3,Wednesday,2020-04-29,20.7,22.18,20.7,22.02,3000.0,1588118400.0,UPTREND
PIA,2020,5,4,2,19,1,Monday,2020-05-04,19.93,19.93,19.85,19.85,9300.0,1588550400.0,DOWNTREND
PIA,2020,5,6,2,19,3,Wednesday,2020-05-06,17.99,17.99,17.99,17.99,100.0,1588723200.0,SIDEWAY
PIA,2020,5,8,2,19,5,Friday,2020-05-08,18.53,19.77,18.53,19.77,2000.0,1588896000.0,UPTREND
PIA,2020,5,14,2,20,4,Thursday,2020-05-14,20.55,20.55,20.16,20.16,200.0,1589414400.0,DOWNTREND
PIA,2020,5,19,2,21,2,Tuesday,2020-05-19,18.14,18.14,18.14,18.14,100.0,1589846400.0,SIDEWAY
PIA,2020,5,20,2,21,3,Wednesday,2020-05-20,19.85,19.85,19.85,19.85,100.0,1589932800.0,SIDEWAY
PIA,2020,5,21,2,21,4,Thursday,2020-05-21,17.99,20.86,17.99,20.86,200.0,1590019200.0,UPTREND
PIA,2020,5,22,2,21,5,Friday,2020-05-22,18.84,19.15,18.84,19.15,200.0,1590105600.0,UPTREND
PIA,2020,5,25,2,22,1,Monday,2020-05-25,17.29,20.55,17.29,20.55,200.0,1590364800.0,UPTREND
PIA,2020,5,26,2,22,2,Tuesday,2020-05-26,19.46,19.46,19.46,19.46,100.0,1590451200.0,SIDEWAY
PIA,2020,5,28,2,22,4,Thursday,2020-05-28,19.46,19.46,19.46,19.46,100.0,1590624000.0,SIDEWAY
PIA,2020,6,1,2,23,1,Monday,2020-06-01,19.46,20.24,19.46,20.24,1600.0,1590969600.0,UPTREND
PIA,2020,6,5,2,23,5,Friday,2020-06-05,18.76,20.16,18.76,20.16,200.0,1591315200.0,UPTREND
PIA,2020,6,8,2,24,1,Monday,2020-06-08,20.16,20.16,20.16,20.16,400.0,1591574400.0,SIDEWAY
PIA,2020,6,9,2,24,2,Tuesday,2020-06-09,20.16,20.16,20.16,20.16,200.0,1591660800.0,SIDEWAY
PIA,2020,6,10,2,24,3,Wednesday,2020-06-10,19.62,19.62,19.62,19.62,200.0,1591747200.0,SIDEWAY
PIA,2020,6,11,2,24,4,Thursday,2020-06-11,17.83,19.62,17.83,19.38,6700.0,1591833600.0,UPTREND
PIA,2020,6,15,2,25,1,Monday,2020-06-15,20.0,20.0,20.0,20.0,1000.0,1592179200.0,SIDEWAY
PIA,2020,6,17,2,25,3,Wednesday,2020-06-17,20.0,20.0,19.46,19.46,2900.0,1592352000.0,DOWNTREND
PIA,2020,6,18,2,25,4,Thursday,2020-06-18,20.31,20.31,20.31,20.31,100.0,1592438400.0,SIDEWAY
PIA,2020,6,19,2,25,5,Friday,2020-06-19,20.39,20.47,20.39,20.47,1700.0,1592524800.0,UPTREND
PIA,2020,6,26,2,26,5,Friday,2020-06-26,19.07,19.07,19.07,19.07,100.0,1593129600.0,SIDEWAY
PIA,2020,7,1,3,27,3,Wednesday,2020-07-01,19.38,19.38,19.38,19.38,100.0,1593561600.0,SIDEWAY
PIA,2020,7,2,3,27,4,Thursday,2020-07-02,19.38,19.38,19.38,19.38,1000.0,1593648000.0,SIDEWAY
PIA,2020,7,6,3,28,1,Monday,2020-07-06,20.93,20.93,20.93,20.93,100.0,1593993600.0,SIDEWAY
PIA,2020,7,7,3,28,2,Tuesday,2020-07-07,19.38,19.38,19.38,19.38,100.0,1594080000.0,SIDEWAY
PIA,2020,7,8,3,28,3,Wednesday,2020-07-08,20.93,20.93,20.93,20.93,3100.0,1594166400.0,SIDEWAY
PIA,2020,7,9,3,28,4,Thursday,2020-07-09,20.93,20.93,20.93,20.93,2600.0,1594252800.0,SIDEWAY
PIA,2020,7,10,3,28,5,Friday,2020-07-10,18.84,18.84,18.84,18.84,100.0,1594339200.0,SIDEWAY
PIA,2020,7,15,3,29,3,Wednesday,2020-07-15,20.16,20.16,20.16,20.16,200.0,1594771200.0,SIDEWAY
PIA,2020,7,22,3,30,3,Wednesday,2020-07-22,20.16,20.16,20.16,20.16,100.0,1595376000.0,SIDEWAY
PIA,2020,7,27,3,31,1,Monday,2020-07-27,19.77,19.77,19.77,19.77,100.0,1595808000.0,SIDEWAY
PIA,2020,7,28,3,31,2,Tuesday,2020-07-28,18.61,18.61,18.61,18.61,100.0,1595894400.0,SIDEWAY
PIA,2020,7,30,3,31,4,Thursday,2020-07-30,20.47,20.47,20.47,20.47,100.0,1596067200.0,SIDEWAY
PIA,2020,7,31,3,31,5,Friday,2020-07-31,18.76,18.76,18.76,18.76,100.0,1596153600.0,SIDEWAY
PIA,2020,8,4,3,32,2,Tuesday,2020-08-04,20.55,20.62,20.55,20.62,200.0,1596499200.0,UPTREND
PIA,2020,8,7,3,32,5,Friday,2020-08-07,19.15,19.15,19.07,19.07,200.0,1596758400.0,DOWNTREND
PIA,2020,8,11,3,33,2,Tuesday,2020-08-11,20.93,20.93,20.93,20.93,3500.0,1597104000.0,SIDEWAY
PIA,2020,8,12,3,33,3,Wednesday,2020-08-12,20.86,20.86,20.86,20.86,100.0,1597190400.0,SIDEWAY
PIA,2020,8,13,3,33,4,Thursday,2020-08-13,22.87,22.87,22.8,22.87,13000.0,1597276800.0,SIDEWAY
PIA,2020,8,14,3,33,5,Friday,2020-08-14,22.95,25.12,22.72,24.19,25000.0,1597363200.0,UPTREND
PIA,2020,8,17,3,34,1,Monday,2020-08-17,24.73,24.81,24.27,24.42,10600.0,1597622400.0,DOWNTREND
PIA,2020,8,18,3,34,2,Tuesday,2020-08-18,24.42,24.81,24.35,24.42,30900.0,1597708800.0,SIDEWAY
PIA,2020,8,19,3,34,3,Wednesday,2020-08-19,24.81,24.81,23.26,24.04,7700.0,1597795200.0,DOWNTREND
PIA,2020,8,20,3,34,4,Thursday,2020-08-20,24.81,24.81,23.42,24.19,19200.0,1597881600.0,DOWNTREND
PIA,2020,8,21,3,34,5,Friday,2020-08-21,25.29,25.29,24.07,24.16,3800.0,1597968000.0,DOWNTREND
PIA,2020,8,24,3,35,1,Monday,2020-08-24,24.16,24.42,24.16,24.16,6000.0,1598227200.0,SIDEWAY
PIA,2020,8,25,3,35,2,Tuesday,2020-08-25,22.24,23.55,22.24,22.41,2000.0,1598313600.0,UPTREND
PIA,2020,8,26,3,35,3,Wednesday,2020-08-26,22.5,23.63,22.41,23.63,7100.0,1598400000.0,UPTREND
PIA,2020,8,27,3,35,4,Thursday,2020-08-27,23.63,23.72,23.55,23.63,9000.0,1598486400.0,SIDEWAY
PIA,2020,8,28,3,35,5,Friday,2020-08-28,23.63,24.42,23.63,23.63,800.0,1598572800.0,SIDEWAY
PIA,2020,8,31,3,36,1,Monday,2020-08-31,23.11,23.63,23.11,23.63,5700.0,1598832000.0,UPTREND
PIA,2020,9,1,3,36,2,Tuesday,2020-09-01,23.63,23.72,23.63,23.72,3900.0,1598918400.0,UPTREND
PIA,2020,9,3,3,36,4,Thursday,2020-09-03,23.72,23.72,23.63,23.63,8000.0,1599091200.0,DOWNTREND
PIA,2020,9,7,3,37,1,Monday,2020-09-07,23.55,23.63,23.55,23.55,4100.0,1599436800.0,SIDEWAY
PIA,2020,9,8,3,37,2,Tuesday,2020-09-08,23.55,23.55,22.67,23.55,5400.0,1599523200.0,SIDEWAY
PIA,2020,9,9,3,37,3,Wednesday,2020-09-09,23.55,23.55,23.55,23.55,2300.0,1599609600.0,SIDEWAY
PIA,2020,9,10,3,37,4,Thursday,2020-09-10,23.55,23.55,23.55,23.55,1300.0,1599696000.0,SIDEWAY
PIA,2020,9,11,3,37,5,Friday,2020-09-11,23.55,23.55,21.98,22.67,3400.0,1599782400.0,DOWNTREND
PIA,2020,9,14,3,38,1,Monday,2020-09-14,22.76,23.55,22.76,23.55,3700.0,1600041600.0,UPTREND
PIA,2020,9,15,3,38,2,Tuesday,2020-09-15,23.55,23.55,23.55,23.55,100.0,1600128000.0,SIDEWAY
PIA,2020,9,16,3,38,3,Wednesday,2020-09-16,23.55,23.55,23.55,23.55,2400.0,1600214400.0,SIDEWAY
PIA,2020,9,17,3,38,4,Thursday,2020-09-17,24.42,24.42,24.42,24.42,400.0,1600300800.0,SIDEWAY
PIA,2020,9,18,3,38,5,Friday,2020-09-18,22.76,22.76,22.76,22.76,100.0,1600387200.0,SIDEWAY
PIA,2020,9,21,3,39,1,Monday,2020-09-21,23.55,23.72,23.55,23.72,600.0,1600646400.0,UPTREND
PIA,2020,9,22,3,39,2,Tuesday,2020-09-22,23.55,23.55,23.55,23.55,1700.0,1600732800.0,SIDEWAY
PIA,2020,9,23,3,39,3,Wednesday,2020-09-23,23.55,23.63,23.55,23.55,2600.0,1600819200.0,SIDEWAY
PIA,2020,9,24,3,39,4,Thursday,2020-09-24,23.55,23.55,23.55,23.55,300.0,1600905600.0,SIDEWAY
PIA,2020,9,28,3,40,1,Monday,2020-09-28,21.19,23.55,21.19,23.11,400.0,1601251200.0,UPTREND
PIA,2020,9,30,3,40,3,Wednesday,2020-09-30,23.11,23.11,23.11,23.11,5200.0,1601424000.0,SIDEWAY
PIA,2020,10,1,4,40,4,Thursday,2020-10-01,23.11,23.11,23.11,23.11,600.0,1601510400.0,SIDEWAY
PIA,2020,10,2,4,40,5,Friday,2020-10-02,23.11,23.11,23.11,23.11,1200.0,1601596800.0,SIDEWAY
PIA,2020,10,6,4,41,2,Tuesday,2020-10-06,23.46,23.46,23.46,23.46,3200.0,1601942400.0,SIDEWAY
PIA,2020,10,7,4,41,3,Wednesday,2020-10-07,23.46,23.46,23.46,23.46,1700.0,1602028800.0,SIDEWAY
PIA,2020,10,8,4,41,4,Thursday,2020-10-08,21.19,23.46,21.19,23.46,5300.0,1602115200.0,UPTREND
PIA,2020,10,9,4,41,5,Friday,2020-10-09,23.46,23.46,23.46,23.46,400.0,1602201600.0,SIDEWAY
PIA,2020,10,12,4,42,1,Monday,2020-10-12,23.11,23.11,23.11,23.11,100.0,1602460800.0,SIDEWAY
PIA,2020,10,13,4,42,2,Tuesday,2020-10-13,23.11,23.2,23.11,23.2,600.0,1602547200.0,UPTREND
PIA,2020,10,14,4,42,3,Wednesday,2020-10-14,23.2,23.2,23.11,23.11,5500.0,1602633600.0,DOWNTREND
PIA,2020,10,20,4,43,2,Tuesday,2020-10-20,23.2,23.2,23.11,23.11,200.0,1603152000.0,DOWNTREND
PIA,2020,10,21,4,43,3,Wednesday,2020-10-21,23.55,23.55,23.55,23.55,1100.0,1603238400.0,SIDEWAY
PIA,2020,10,22,4,43,4,Thursday,2020-10-22,23.55,23.55,23.55,23.55,1100.0,1603324800.0,SIDEWAY
PIA,2020,10,23,4,43,5,Friday,2020-10-23,23.55,23.98,23.55,23.98,1300.0,1603411200.0,UPTREND
PIA,2020,10,26,4,44,1,Monday,2020-10-26,23.98,23.98,23.98,23.98,400.0,1603670400.0,SIDEWAY
PIA,2020,10,27,4,44,2,Tuesday,2020-10-27,23.98,23.98,23.98,23.98,200.0,1603756800.0,SIDEWAY
PIA,2020,10,29,4,44,4,Thursday,2020-10-29,23.11,23.37,23.11,23.37,5300.0,1603929600.0,UPTREND
PIA,2020,10,30,4,44,5,Friday,2020-10-30,23.55,23.55,23.55,23.55,300.0,1604016000.0,SIDEWAY
PIA,2020,11,4,4,45,3,Wednesday,2020-11-04,23.63,25.2,23.63,25.2,700.0,1604448000.0,UPTREND
PIA,2020,11,5,4,45,4,Thursday,2020-11-05,23.63,23.63,23.63,23.63,400.0,1604534400.0,SIDEWAY
PIA,2020,11,6,4,45,5,Friday,2020-11-06,21.28,21.28,21.28,21.28,100.0,1604620800.0,SIDEWAY
PIA,2020,11,9,4,46,1,Monday,2020-11-09,21.63,21.63,21.63,21.63,500.0,1604880000.0,SIDEWAY
PIA,2020,11,10,4,46,2,Tuesday,2020-11-10,21.8,21.8,21.8,21.8,2000.0,1604966400.0,SIDEWAY
PIA,2020,11,11,4,46,3,Wednesday,2020-11-11,22.24,22.24,21.8,21.8,600.0,1605052800.0,DOWNTREND
PIA,2020,11,12,4,46,4,Thursday,2020-11-12,23.89,23.89,23.55,23.55,500.0,1605139200.0,DOWNTREND
PIA,2020,11,13,4,46,5,Friday,2020-11-13,21.19,23.89,21.19,23.89,200.0,1605225600.0,UPTREND
PIA,2020,11,16,4,47,1,Monday,2020-11-16,21.54,21.54,21.54,21.54,100.0,1605484800.0,SIDEWAY
PIA,2020,11,17,4,47,2,Tuesday,2020-11-17,23.11,23.11,23.11,23.11,400.0,1605571200.0,SIDEWAY
PIA,2020,11,18,4,47,3,Wednesday,2020-11-18,23.11,23.11,23.11,23.11,100.0,1605657600.0,SIDEWAY
PIA,2020,11,19,4,47,4,Thursday,2020-11-19,23.11,23.11,23.11,23.11,600.0,1605744000.0,SIDEWAY
PIA,2020,11,20,4,47,5,Friday,2020-11-20,23.11,23.11,23.11,23.11,400.0,1605830400.0,SIDEWAY
PIA,2020,11,23,4,48,1,Monday,2020-11-23,21.54,23.11,21.54,23.11,900.0,1606089600.0,UPTREND
PIA,2020,11,25,4,48,3,Wednesday,2020-11-25,22.67,22.67,22.67,22.67,100.0,1606262400.0,SIDEWAY
PIA,2020,11,26,4,48,4,Thursday,2020-11-26,22.76,22.76,22.76,22.76,100.0,1606348800.0,SIDEWAY
PIA,2020,11,27,4,48,5,Friday,2020-11-27,22.67,22.67,22.67,22.67,200.0,1606435200.0,SIDEWAY
PIA,2020,12,2,4,49,3,Wednesday,2020-12-02,23.55,23.55,23.55,23.55,600.0,1606867200.0,SIDEWAY
PIA,2020,12,4,4,49,5,Friday,2020-12-04,22.24,22.24,22.24,22.24,100.0,1607040000.0,SIDEWAY
PIA,2020,12,8,4,50,2,Tuesday,2020-12-08,22.41,22.41,22.24,22.24,1000.0,1607385600.0,DOWNTREND
PIA,2020,12,9,4,50,3,Wednesday,2020-12-09,23.11,23.11,23.11,23.11,300.0,1607472000.0,SIDEWAY
PIA,2020,12,10,4,50,4,Thursday,2020-12-10,23.11,23.37,23.11,23.2,1500.0,1607558400.0,UPTREND
PIA,2020,12,11,4,50,5,Friday,2020-12-11,23.28,23.28,23.2,23.2,3700.0,1607644800.0,DOWNTREND
PIA,2020,12,14,4,51,1,Monday,2020-12-14,23.55,23.55,23.55,23.55,500.0,1607904000.0,SIDEWAY
PIA,2020,12,15,4,51,2,Tuesday,2020-12-15,23.46,24.94,23.46,24.94,5000.0,1607990400.0,UPTREND
PIA,2020,12,16,4,51,3,Wednesday,2020-12-16,23.55,23.98,23.55,23.98,1600.0,1608076800.0,UPTREND
PIA,2020,12,17,4,51,4,Thursday,2020-12-17,23.98,23.98,23.98,23.98,1200.0,1608163200.0,SIDEWAY
PIA,2020,12,18,4,51,5,Friday,2020-12-18,23.98,23.98,23.98,23.98,400.0,1608249600.0,SIDEWAY
PIA,2020,12,21,4,52,1,Monday,2020-12-21,22.5,22.5,22.5,22.5,100.0,1608508800.0,SIDEWAY
PIA,2020,12,22,4,52,2,Tuesday,2020-12-22,22.5,23.81,22.5,23.81,1400.0,1608595200.0,UPTREND
PIA,2020,12,23,4,52,3,Wednesday,2020-12-23,22.67,22.76,22.67,22.76,300.0,1608681600.0,UPTREND
PIA,2020,12,24,4,52,4,Thursday,2020-12-24,22.5,22.5,22.5,22.5,1000.0,1608768000.0,SIDEWAY
PIA,2020,12,28,4,53,1,Monday,2020-12-28,22.67,22.67,22.67,22.67,4000.0,1609113600.0,SIDEWAY
PIA,2020,12,30,4,53,3,Wednesday,2020-12-30,22.67,22.67,22.24,22.41,1300.0,1609286400.0,DOWNTREND
PIA,2020,12,31,4,53,4,Thursday,2020-12-31,22.41,22.41,22.41,22.41,100.0,1609372800.0,SIDEWAY
PIA,2021,1,5,1,1,2,Tuesday,2021-01-05,22.59,22.59,22.5,22.5,2200.0,1609804800.0,DOWNTREND
PIA,2021,1,6,1,1,3,Wednesday,2021-01-06,22.67,22.67,22.67,22.67,500.0,1609891200.0,SIDEWAY
PIA,2021,1,8,1,1,5,Friday,2021-01-08,23.46,23.46,23.46,23.46,100.0,1610064000.0,SIDEWAY
PIA,2021,1,11,1,2,1,Monday,2021-01-11,21.19,23.46,21.19,23.46,200.0,1610323200.0,UPTREND
PIA,2021,1,12,1,2,2,Tuesday,2021-01-12,23.46,23.46,23.46,23.46,200.0,1610409600.0,SIDEWAY
PIA,2021,1,14,1,2,4,Thursday,2021-01-14,23.55,23.55,23.55,23.55,1200.0,1610582400.0,SIDEWAY
PIA,2021,1,15,1,2,5,Friday,2021-01-15,23.55,23.55,23.55,23.55,1200.0,1610668800.0,SIDEWAY
PIA,2021,1,18,1,3,1,Monday,2021-01-18,23.55,23.63,23.11,23.63,700.0,1610928000.0,UPTREND
PIA,2021,1,19,1,3,2,Tuesday,2021-01-19,23.55,23.55,23.11,23.55,1800.0,1611014400.0,SIDEWAY
PIA,2021,1,20,1,3,3,Wednesday,2021-01-20,23.55,23.55,23.55,23.55,1000.0,1611100800.0,SIDEWAY
PIA,2021,1,21,1,3,4,Thursday,2021-01-21,21.19,23.55,21.19,23.55,200.0,1611187200.0,UPTREND
PIA,2021,1,25,1,4,1,Monday,2021-01-25,23.11,23.11,23.11,23.11,200.0,1611532800.0,SIDEWAY
PIA,2021,1,26,1,4,2,Tuesday,2021-01-26,23.11,23.2,23.11,23.2,1200.0,1611619200.0,UPTREND
PIA,2021,1,27,1,4,3,Wednesday,2021-01-27,23.46,23.46,23.11,23.11,3600.0,1611705600.0,DOWNTREND
PIA,2021,1,28,1,4,4,Thursday,2021-01-28,23.2,23.81,21.45,23.81,4000.0,1611792000.0,UPTREND
PIA,2021,1,29,1,4,5,Friday,2021-01-29,21.89,22.24,21.89,22.24,3000.0,1611878400.0,UPTREND
PIA,2021,2,2,1,5,2,Tuesday,2021-02-02,22.67,22.67,22.67,22.67,200.0,1612224000.0,SIDEWAY
PIA,2021,2,8,1,6,1,Monday,2021-02-08,22.67,22.67,22.67,22.67,300.0,1612742400.0,SIDEWAY
PIA,2021,2,17,1,7,3,Wednesday,2021-02-17,23.98,24.07,23.98,24.07,1000.0,1613520000.0,UPTREND
PIA,2021,2,19,1,7,5,Friday,2021-02-19,24.07,24.07,23.55,23.55,300.0,1613692800.0,DOWNTREND
PIA,2021,3,3,1,9,3,Wednesday,2021-03-03,24.42,24.42,24.42,24.42,1400.0,1614729600.0,SIDEWAY
PIA,2021,3,4,1,9,4,Thursday,2021-03-04,25.29,25.29,24.85,25.29,2200.0,1614816000.0,SIDEWAY
PIA,2021,3,5,1,9,5,Friday,2021-03-05,24.42,24.42,24.42,24.42,600.0,1614902400.0,SIDEWAY
PIA,2021,3,8,1,10,1,Monday,2021-03-08,24.42,24.42,24.42,24.42,300.0,1615161600.0,SIDEWAY
PIA,2021,3,9,1,10,2,Tuesday,2021-03-09,24.42,24.42,24.42,24.42,300.0,1615248000.0,SIDEWAY
PIA,2021,3,10,1,10,3,Wednesday,2021-03-10,24.85,24.85,24.85,24.85,700.0,1615334400.0,SIDEWAY
PIA,2021,3,11,1,10,4,Thursday,2021-03-11,24.85,25.29,24.85,25.29,600.0,1615420800.0,UPTREND
PIA,2021,3,12,1,10,5,Friday,2021-03-12,26.16,26.16,26.16,26.16,100.0,1615507200.0,SIDEWAY
PIA,2021,3,15,1,11,1,Monday,2021-03-15,25.29,25.29,25.29,25.29,900.0,1615766400.0,SIDEWAY
PIA,2021,3,16,1,11,2,Tuesday,2021-03-16,26.16,26.16,26.16,26.16,100.0,1615852800.0,SIDEWAY
PIA,2021,3,17,1,11,3,Wednesday,2021-03-17,23.63,26.16,23.63,26.16,400.0,1615939200.0,UPTREND
PIA,2021,3,24,1,12,3,Wednesday,2021-03-24,25.29,25.29,25.29,25.29,100.0,1616544000.0,SIDEWAY
PIA,2021,3,25,1,12,4,Thursday,2021-03-25,25.29,25.29,25.29,25.29,300.0,1616630400.0,SIDEWAY
PIA,2021,3,29,1,13,1,Monday,2021-03-29,26.16,26.16,26.16,26.16,300.0,1616976000.0,SIDEWAY
PIA,2021,3,31,1,13,3,Wednesday,2021-03-31,25.38,25.38,25.29,25.29,200.0,1617148800.0,DOWNTREND
PIA,2021,4,1,2,13,4,Thursday,2021-04-01,25.29,25.29,25.29,25.29,200.0,1617235200.0,SIDEWAY
PIA,2021,4,5,2,14,1,Monday,2021-04-05,25.29,25.29,25.29,25.29,1300.0,1617580800.0,SIDEWAY
PIA,2021,4,6,2,14,2,Tuesday,2021-04-06,26.16,26.16,26.16,26.16,700.0,1617667200.0,SIDEWAY
PIA,2021,4,12,2,15,1,Monday,2021-04-12,25.29,25.29,25.29,25.29,600.0,1618185600.0,SIDEWAY
PIA,2021,4,14,2,15,3,Wednesday,2021-04-14,26.16,26.16,26.16,26.16,100.0,1618358400.0,SIDEWAY
PIA,2021,4,16,2,15,5,Friday,2021-04-16,25.29,25.29,25.29,25.29,500.0,1618531200.0,SIDEWAY
PIA,2021,4,20,2,16,2,Tuesday,2021-04-20,26.6,26.6,26.6,26.6,100.0,1618876800.0,SIDEWAY
PIA,2021,4,22,2,16,4,Thursday,2021-04-22,25.29,25.29,25.29,25.29,100.0,1619049600.0,SIDEWAY
PIA,2021,4,26,2,17,1,Monday,2021-04-26,25.29,25.29,25.29,25.29,4500.0,1619395200.0,SIDEWAY
PIA,2021,4,27,2,17,2,Tuesday,2021-04-27,25.29,25.29,25.29,25.29,300.0,1619481600.0,SIDEWAY
PIA,2021,5,5,2,18,3,Wednesday,2021-05-05,25.73,25.73,25.73,25.73,100.0,1620172800.0,SIDEWAY
PIA,2021,5,11,2,19,2,Tuesday,2021-05-11,26.16,26.16,26.16,26.16,800.0,1620691200.0,SIDEWAY
PIA,2021,5,13,2,19,4,Thursday,2021-05-13,23.63,23.63,23.63,23.63,100.0,1620864000.0,SIDEWAY
PIA,2021,5,17,2,20,1,Monday,2021-05-17,23.89,23.89,23.89,23.89,100.0,1621209600.0,SIDEWAY
PIA,2021,5,21,2,20,5,Friday,2021-05-21,23.98,23.98,23.81,23.81,2600.0,1621555200.0,DOWNTREND
PIA,2021,5,24,2,21,1,Monday,2021-05-24,23.98,23.98,23.98,23.98,500.0,1621814400.0,SIDEWAY
PIA,2021,5,25,2,21,2,Tuesday,2021-05-25,24.42,24.42,24.42,24.42,500.0,1621900800.0,SIDEWAY
PIA,2021,5,26,2,21,3,Wednesday,2021-05-26,24.85,24.85,24.85,24.85,1000.0,1621987200.0,SIDEWAY
PIA,2021,5,27,2,21,4,Thursday,2021-05-27,24.85,24.85,24.85,24.85,500.0,1622073600.0,SIDEWAY
PIA,2021,5,28,2,21,5,Friday,2021-05-28,26.16,26.16,26.16,26.16,300.0,1622160000.0,SIDEWAY
PIA,2021,5,31,2,22,1,Monday,2021-05-31,26.16,27.03,26.16,26.95,2600.0,1622419200.0,UPTREND
PIA,2021,6,1,2,22,2,Tuesday,2021-06-01,27.47,27.47,27.03,27.03,400.0,1622505600.0,DOWNTREND
PIA,2021,6,2,2,22,3,Wednesday,2021-06-02,26.6,26.6,26.6,26.6,4200.0,1622592000.0,SIDEWAY
PIA,2021,6,3,2,22,4,Thursday,2021-06-03,27.47,27.47,27.03,27.03,2000.0,1622678400.0,DOWNTREND
PIA,2021,6,4,2,22,5,Friday,2021-06-04,25.29,25.29,25.29,25.29,1500.0,1622764800.0,SIDEWAY
PIA,2021,6,7,2,23,1,Monday,2021-06-07,26.13,26.13,26.13,26.13,5700.0,1623024000.0,SIDEWAY
PIA,2021,6,8,2,23,2,Tuesday,2021-06-08,26.13,26.13,26.13,26.13,600.0,1623110400.0,SIDEWAY
PIA,2021,6,9,2,23,3,Wednesday,2021-06-09,25.29,25.29,24.17,25.29,1600.0,1623196800.0,SIDEWAY
PIA,2021,6,10,2,23,4,Thursday,2021-06-10,25.29,26.04,25.29,26.04,700.0,1623283200.0,UPTREND
PIA,2021,6,15,2,24,2,Tuesday,2021-06-15,25.1,25.1,25.1,25.1,100.0,1623715200.0,SIDEWAY
PIA,2021,6,17,2,24,4,Thursday,2021-06-17,23.42,23.42,23.42,23.42,800.0,1623888000.0,SIDEWAY
PIA,2021,6,18,2,24,5,Friday,2021-06-18,23.61,23.61,23.61,23.61,600.0,1623974400.0,SIDEWAY
PIA,2021,6,30,2,26,3,Wednesday,2021-06-30,23.61,23.61,23.61,23.61,1500.0,1625011200.0,SIDEWAY
PIA,2021,7,5,3,27,1,Monday,2021-07-05,23.61,24.73,23.61,24.73,300.0,1625443200.0,UPTREND
PIA,2021,7,15,3,28,4,Thursday,2021-07-15,25.29,25.29,25.29,25.29,100.0,1626307200.0,SIDEWAY
PIA,2021,7,20,3,29,2,Tuesday,2021-07-20,25.29,25.29,25.29,25.29,600.0,1626739200.0,SIDEWAY
PIA,2021,7,23,3,29,5,Friday,2021-07-23,25.29,25.29,25.29,25.29,100.0,1626998400.0,SIDEWAY
PIA,2021,8,6,3,31,5,Friday,2021-08-06,25.85,25.85,25.85,25.85,100.0,1628208000.0,SIDEWAY
PIA,2021,8,9,3,32,1,Monday,2021-08-09,26.7,26.7,26.7,26.7,1500.0,1628467200.0,SIDEWAY
PIA,2021,8,10,3,32,2,Tuesday,2021-08-10,26.23,26.23,26.23,26.23,300.0,1628553600.0,SIDEWAY
PIA,2021,8,12,3,32,4,Thursday,2021-08-12,24.82,24.92,24.82,24.92,300.0,1628726400.0,UPTREND
PIA,2021,8,13,3,32,5,Friday,2021-08-13,26.23,26.23,26.23,26.23,5000.0,1628812800.0,SIDEWAY
PIA,2021,8,16,3,33,1,Monday,2021-08-16,26.23,26.23,26.13,26.23,6700.0,1629072000.0,SIDEWAY
PIA,2021,8,24,3,34,2,Tuesday,2021-08-24,23.61,23.89,23.61,23.7,300.0,1629763200.0,UPTREND
PIA,2021,8,27,3,34,5,Friday,2021-08-27,23.61,23.61,23.61,23.61,100.0,1630022400.0,SIDEWAY
PIA,2021,9,6,3,36,1,Monday,2021-09-06,25.85,25.85,25.85,25.85,100.0,1630886400.0,SIDEWAY
PIA,2021,9,27,3,39,1,Monday,2021-09-27,26.41,26.41,26.41,26.41,100.0,1632700800.0,SIDEWAY
PIA,2021,9,28,3,39,2,Tuesday,2021-09-28,25.01,25.01,25.01,25.01,100.0,1632787200.0,SIDEWAY
PIA,2021,10,1,4,39,5,Friday,2021-10-01,25.67,25.67,25.67,25.67,500.0,1633046400.0,SIDEWAY
PIA,2021,10,5,4,40,2,Tuesday,2021-10-05,28.2,28.2,25.67,25.67,200.0,1633392000.0,DOWNTREND
PIA,2021,10,6,4,40,3,Wednesday,2021-10-06,25.85,25.85,25.85,25.85,1900.0,1633478400.0,SIDEWAY
PIA,2021,10,7,4,40,4,Thursday,2021-10-07,25.85,25.85,25.85,25.85,1200.0,1633564800.0,SIDEWAY
PIA,2021,10,8,4,40,5,Friday,2021-10-08,25.85,25.85,25.85,25.85,500.0,1633651200.0,SIDEWAY
PIA,2021,10,12,4,41,2,Tuesday,2021-10-12,26.23,26.23,26.23,26.23,1400.0,1633996800.0,SIDEWAY
PIA,2021,10,13,4,41,3,Wednesday,2021-10-13,26.23,26.23,26.23,26.23,9000.0,1634083200.0,SIDEWAY
PIA,2021,10,14,4,41,4,Thursday,2021-10-14,26.23,26.23,26.13,26.13,1100.0,1634169600.0,DOWNTREND
PIA,2021,10,15,4,41,5,Friday,2021-10-15,26.23,26.23,26.23,26.23,1000.0,1634256000.0,SIDEWAY
PIA,2021,10,19,4,42,2,Tuesday,2021-10-19,26.23,26.23,26.23,26.23,1300.0,1634601600.0,SIDEWAY
PIA,2021,10,20,4,42,3,Wednesday,2021-10-20,26.23,26.23,26.23,26.23,2600.0,1634688000.0,SIDEWAY
PIA,2021,10,27,4,43,3,Wednesday,2021-10-27,23.7,23.7,23.7,23.7,100.0,1635292800.0,SIDEWAY
PIA,2021,10,28,4,43,4,Thursday,2021-10-28,26.04,26.04,25.29,25.29,8100.0,1635379200.0,DOWNTREND
PIA,2021,10,29,4,43,5,Friday,2021-10-29,25.29,25.29,25.29,25.29,3600.0,1635465600.0,SIDEWAY
PIA,2021,11,3,4,44,3,Wednesday,2021-11-03,25.39,25.39,25.39,25.39,1600.0,1635897600.0,SIDEWAY
PIA,2021,11,17,4,46,3,Wednesday,2021-11-17,25.39,25.39,25.39,25.39,500.0,1637107200.0,SIDEWAY
PIA,2021,11,18,4,46,4,Thursday,2021-11-18,23.61,25.39,23.61,25.39,500.0,1637193600.0,UPTREND
PIA,2021,11,23,4,47,2,Tuesday,2021-11-23,25.29,25.29,25.29,25.29,100.0,1637625600.0,SIDEWAY
PIA,2021,11,24,4,47,3,Wednesday,2021-11-24,25.29,25.29,25.29,25.29,1100.0,1637712000.0,SIDEWAY
PIA,2021,11,25,4,47,4,Thursday,2021-11-25,25.29,25.29,25.29,25.29,500.0,1637798400.0,SIDEWAY
PIA,2021,11,26,4,47,5,Friday,2021-11-26,25.29,25.76,25.29,25.29,1700.0,1637884800.0,SIDEWAY
PIA,2021,11,29,4,48,1,Monday,2021-11-29,25.29,25.29,25.2,25.2,5000.0,1638144000.0,DOWNTREND
PIA,2021,11,30,4,48,2,Tuesday,2021-11-30,25.29,25.29,25.29,25.29,300.0,1638230400.0,SIDEWAY
PIA,2021,12,1,4,48,3,Wednesday,2021-12-01,23.7,24.82,23.7,24.82,600.0,1638316800.0,UPTREND
PIA,2021,12,2,4,48,4,Thursday,2021-12-02,24.82,24.82,24.82,24.82,1000.0,1638403200.0,SIDEWAY
PIA,2021,12,6,4,49,1,Monday,2021-12-06,24.45,24.45,23.89,23.89,7200.0,1638748800.0,DOWNTREND
PIA,2021,12,7,4,49,2,Tuesday,2021-12-07,23.89,23.89,23.89,23.89,500.0,1638835200.0,SIDEWAY
PIA,2021,12,9,4,49,4,Thursday,2021-12-09,23.89,24.17,23.89,24.17,500.0,1639008000.0,UPTREND
PIA,2021,12,10,4,49,5,Friday,2021-12-10,25.1,25.1,25.1,25.1,100.0,1639094400.0,SIDEWAY
PIA,2021,12,16,4,50,4,Thursday,2021-12-16,23.61,25.2,23.61,25.2,200.0,1639612800.0,UPTREND
PIA,2021,12,17,4,50,5,Friday,2021-12-17,26.23,26.23,25.2,25.2,200.0,1639699200.0,DOWNTREND
PIA,2021,12,22,4,51,3,Wednesday,2021-12-22,25.29,25.29,25.29,25.29,700.0,1640131200.0,SIDEWAY
PIA,2021,12,23,4,51,4,Thursday,2021-12-23,25.2,25.2,25.2,25.2,200.0,1640217600.0,SIDEWAY
PIA,2021,12,27,4,52,1,Monday,2021-12-27,24.35,24.35,24.35,24.35,1500.0,1640563200.0,SIDEWAY
PIA,2021,12,31,4,52,5,Friday,2021-12-31,23.51,23.51,23.51,23.51,100.0,1640908800.0,SIDEWAY
PIA,2022,1,4,1,1,2,Tuesday,2022-01-04,24.07,25.85,23.42,25.85,1000.0,1641254400.0,UPTREND
PIA,2022,1,10,1,2,1,Monday,2022-01-10,24.82,24.82,23.42,23.42,13500.0,1641772800.0,DOWNTREND
PIA,2022,1,11,1,2,2,Tuesday,2022-01-11,25.76,25.76,25.76,25.76,100.0,1641859200.0,SIDEWAY
PIA,2022,1,12,1,2,3,Wednesday,2022-01-12,28.2,28.2,28.2,28.2,109.0,1641945600.0,SIDEWAY
PIA,2022,1,13,1,2,4,Thursday,2022-01-13,28.2,28.2,28.2,28.2,6.0,1642032000.0,SIDEWAY
PIA,2022,1,17,1,3,1,Monday,2022-01-17,25.48,25.48,25.39,25.39,2600.0,1642377600.0,DOWNTREND
PIA,2022,1,18,1,3,2,Tuesday,2022-01-18,27.07,27.07,27.07,27.07,100.0,1642464000.0,SIDEWAY
PIA,2022,1,19,1,3,3,Wednesday,2022-01-19,24.45,24.45,24.45,24.45,101.0,1642550400.0,SIDEWAY
PIA,2022,1,20,1,3,4,Thursday,2022-01-20,23.61,23.89,23.42,23.7,41921.0,1642636800.0,UPTREND
PIA,2022,1,21,1,3,5,Friday,2022-01-21,26.04,26.04,26.04,26.04,500.0,1642723200.0,SIDEWAY
PIA,2022,1,24,1,4,1,Monday,2022-01-24,23.61,23.98,23.61,23.98,239.0,1642982400.0,UPTREND
PIA,2022,1,25,1,4,2,Tuesday,2022-01-25,24.35,24.45,24.35,24.35,800.0,1643068800.0,SIDEWAY
PIA,2022,1,26,1,4,3,Wednesday,2022-01-26,25.1,25.1,25.1,25.1,658.0,1643155200.0,SIDEWAY
PIA,2022,1,27,1,4,4,Thursday,2022-01-27,25.01,25.01,24.64,24.64,200.0,1643241600.0,DOWNTREND
PIA,2022,1,28,1,4,5,Friday,2022-01-28,24.54,24.54,24.54,24.54,800.0,1643328000.0,SIDEWAY
PIA,2022,2,7,1,6,1,Monday,2022-02-07,26.7,26.7,26.7,26.7,100.0,1644192000.0,SIDEWAY
PIA,2022,2,8,1,6,2,Tuesday,2022-02-08,24.07,27.07,24.07,27.07,200.0,1644278400.0,UPTREND
PIA,2022,2,9,1,6,3,Wednesday,2022-02-09,24.45,24.45,24.45,24.45,100.0,1644364800.0,SIDEWAY
PIA,2022,2,10,1,6,4,Thursday,2022-02-10,24.54,24.64,24.45,24.54,3801.0,1644451200.0,SIDEWAY
PIA,2022,2,14,1,7,1,Monday,2022-02-14,26.7,26.7,26.6,26.7,1168.0,1644796800.0,SIDEWAY
PIA,2022,2,15,1,7,2,Tuesday,2022-02-15,26.7,26.7,26.7,26.7,1500.0,1644883200.0,SIDEWAY
PIA,2022,2,16,1,7,3,Wednesday,2022-02-16,26.79,26.79,26.23,26.23,1750.0,1644969600.0,DOWNTREND
PIA,2022,2,17,1,7,4,Thursday,2022-02-17,26.23,26.23,25.29,25.29,200.0,1645056000.0,DOWNTREND
PIA,2022,2,22,1,8,2,Tuesday,2022-02-22,26.23,26.23,26.23,26.23,3000.0,1645488000.0,SIDEWAY
PIA,2022,2,23,1,8,3,Wednesday,2022-02-23,26.23,26.23,26.04,26.23,1700.0,1645574400.0,SIDEWAY
PIA,2022,2,24,1,8,4,Thursday,2022-02-24,26.23,26.23,26.23,26.23,24900.0,1645660800.0,SIDEWAY
PIA,2022,2,25,1,8,5,Friday,2022-02-25,26.23,26.23,26.23,26.23,6900.0,1645747200.0,SIDEWAY
PIA,2022,3,1,1,9,2,Tuesday,2022-03-01,26.23,26.23,26.23,26.23,700.0,1646092800.0,SIDEWAY
PIA,2022,3,4,1,9,5,Friday,2022-03-04,26.7,26.7,26.23,26.23,2000.0,1646352000.0,DOWNTREND
PIA,2022,3,7,1,10,1,Monday,2022-03-07,26.23,26.23,26.23,26.23,800.0,1646611200.0,SIDEWAY
PIA,2022,3,8,1,10,2,Tuesday,2022-03-08,26.23,26.23,26.23,26.23,2000.0,1646697600.0,SIDEWAY
PIA,2022,3,9,1,10,3,Wednesday,2022-03-09,26.23,26.23,26.23,26.23,1600.0,1646784000.0,SIDEWAY
PIA,2022,3,14,1,11,1,Monday,2022-03-14,26.23,26.23,26.23,26.23,11800.0,1647216000.0,SIDEWAY
PIA,2022,3,15,1,11,2,Tuesday,2022-03-15,27.07,27.07,27.07,27.07,100.0,1647302400.0,SIDEWAY
PIA,2022,3,17,1,11,4,Thursday,2022-03-17,26.23,26.23,26.23,26.23,300.0,1647475200.0,SIDEWAY
PIA,2022,3,18,1,11,5,Friday,2022-03-18,27.54,28.1,27.54,28.1,8800.0,1647561600.0,UPTREND
PIA,2022,3,21,1,12,1,Monday,2022-03-21,28.1,28.1,28.1,28.1,23100.0,1647820800.0,SIDEWAY
PIA,2022,3,23,1,12,3,Wednesday,2022-03-23,28.2,28.2,28.1,28.1,2300.0,1647993600.0,DOWNTREND
PIA,2022,3,24,1,12,4,Thursday,2022-03-24,28.1,28.1,28.1,28.1,6070.0,1648080000.0,SIDEWAY
PIA,2022,3,25,1,12,5,Friday,2022-03-25,28.2,28.2,28.2,28.2,1100.0,1648166400.0,SIDEWAY
PIA,2022,3,28,1,13,1,Monday,2022-03-28,29.32,29.51,29.23,29.51,2800.0,1648425600.0,UPTREND
PIA,2022,3,29,1,13,2,Tuesday,2022-03-29,26.6,32.41,26.6,31.85,300.0,1648512000.0,UPTREND
PIA,2022,3,30,1,13,3,Wednesday,2022-03-30,28.66,34.66,28.66,28.85,400.0,1648598400.0,UPTREND
PIA,2022,3,31,1,13,4,Thursday,2022-03-31,26.32,31.66,26.32,29.04,19000.0,1648684800.0,UPTREND
PIA,2022,4,1,2,13,5,Friday,2022-04-01,31.75,31.75,31.75,31.75,108.0,1648771200.0,SIDEWAY
PIA,2022,4,4,2,14,1,Monday,2022-04-04,28.66,34.66,28.66,29.97,2600.0,1649030400.0,UPTREND
PIA,2022,4,5,2,14,2,Tuesday,2022-04-05,30.44,30.44,30.44,30.44,1000.0,1649116800.0,SIDEWAY
PIA,2022,4,6,2,14,3,Wednesday,2022-04-06,27.63,28.1,27.63,28.1,710.0,1649203200.0,UPTREND
PIA,2022,4,7,2,14,4,Thursday,2022-04-07,28.57,28.57,28.57,28.57,200.0,1649289600.0,SIDEWAY
PIA,2022,4,8,2,14,5,Friday,2022-04-08,30.35,30.35,30.35,30.35,100.0,1649376000.0,SIDEWAY
PIA,2022,4,12,2,15,2,Tuesday,2022-04-12,30.35,30.35,30.35,30.35,28.0,1649721600.0,SIDEWAY
PIA,2022,4,13,2,15,3,Wednesday,2022-04-13,30.35,30.35,30.35,30.35,100.0,1649808000.0,SIDEWAY
PIA,2022,4,14,2,15,4,Thursday,2022-04-14,31.38,31.38,31.38,31.38,100.0,1649894400.0,SIDEWAY
PIA,2022,4,15,2,15,5,Friday,2022-04-15,28.29,28.29,28.29,28.29,100.0,1649980800.0,SIDEWAY
PIA,2022,4,19,2,16,2,Tuesday,2022-04-19,25.76,30.91,25.76,29.04,796.0,1650326400.0,UPTREND
PIA,2022,4,20,2,16,3,Wednesday,2022-04-20,30.91,31.94,30.91,31.94,1703.0,1650412800.0,UPTREND
PIA,2022,4,21,2,16,4,Thursday,2022-04-21,28.76,31.94,28.76,29.97,4218.0,1650499200.0,UPTREND
PIA,2022,4,22,2,16,5,Friday,2022-04-22,28.76,30.91,28.76,30.44,5000.0,1650585600.0,UPTREND
PIA,2022,4,25,2,17,1,Monday,2022-04-25,28.1,30.44,28.1,30.44,200.0,1650844800.0,UPTREND
PIA,2022,4,26,2,17,2,Tuesday,2022-04-26,27.45,30.44,27.45,27.54,300.0,1650931200.0,UPTREND
PIA,2022,4,27,2,17,3,Wednesday,2022-04-27,25.48,30.25,25.48,30.25,218.0,1651017600.0,UPTREND
PIA,2022,4,28,2,17,4,Thursday,2022-04-28,30.25,30.25,30.25,30.25,100.0,1651104000.0,SIDEWAY
PIA,2022,4,29,2,17,5,Friday,2022-04-29,27.35,30.35,27.35,30.35,4300.0,1651190400.0,UPTREND
PIA,2022,5,4,2,18,3,Wednesday,2022-05-04,27.35,30.35,27.35,30.35,6.0,1651622400.0,UPTREND
PIA,2022,5,5,2,18,4,Thursday,2022-05-05,27.35,29.97,27.35,29.97,200.0,1651708800.0,UPTREND
PIA,2022,5,6,2,18,5,Friday,2022-05-06,27.26,27.26,27.26,27.26,100.0,1651795200.0,SIDEWAY
PIA,2022,5,9,2,19,1,Monday,2022-05-09,24.92,24.92,24.92,24.92,100.0,1652054400.0,SIDEWAY
PIA,2022,5,10,2,19,2,Tuesday,2022-05-10,27.07,27.35,27.07,27.35,219.0,1652140800.0,UPTREND
PIA,2022,5,11,2,19,3,Wednesday,2022-05-11,25.1,29.88,25.1,29.88,300.0,1652227200.0,UPTREND
PIA,2022,5,12,2,19,4,Thursday,2022-05-12,26.98,29.79,26.98,28.1,400.0,1652313600.0,UPTREND
PIA,2022,5,13,2,19,5,Friday,2022-05-13,27.16,29.88,27.16,29.04,7800.0,1652400000.0,UPTREND
PIA,2022,5,16,2,20,1,Monday,2022-05-16,29.04,29.23,29.04,29.04,1200.0,1652659200.0,SIDEWAY
PIA,2022,5,17,2,20,2,Tuesday,2022-05-17,30.35,30.35,30.25,30.25,1600.0,1652745600.0,DOWNTREND
PIA,2022,5,18,2,20,3,Wednesday,2022-05-18,27.26,30.25,27.26,30.25,230.0,1652832000.0,UPTREND
PIA,2022,5,19,2,20,4,Thursday,2022-05-19,27.35,32.69,27.35,30.16,2700.0,1652918400.0,UPTREND
PIA,2022,5,20,2,20,5,Friday,2022-05-20,27.35,32.22,27.35,32.22,200.0,1653004800.0,UPTREND
PIA,2022,5,23,2,21,1,Monday,2022-05-23,29.04,32.6,29.04,32.6,200.0,1653264000.0,UPTREND
PIA,2022,5,24,2,21,2,Tuesday,2022-05-24,29.41,32.69,29.41,32.69,4000.0,1653350400.0,UPTREND
PIA,2022,5,25,2,21,3,Wednesday,2022-05-25,29.6,32.32,29.6,32.32,200.0,1653436800.0,UPTREND
PIA,2022,5,26,2,21,4,Thursday,2022-05-26,31.85,32.22,31.85,31.85,3200.0,1653523200.0,SIDEWAY
PIA,2022,5,27,2,21,5,Friday,2022-05-27,29.6,29.6,29.6,29.6,100.0,1653609600.0,SIDEWAY
PIA,2022,6,1,2,22,3,Wednesday,2022-06-01,31.8,31.8,31.0,31.0,200.0,1654041600.0,DOWNTREND
PIA,2022,6,3,2,22,5,Friday,2022-06-03,29.0,29.0,29.0,29.0,100.0,1654214400.0,SIDEWAY
PIA,2022,6,7,2,23,2,Tuesday,2022-06-07,27.2,29.7,27.2,29.7,400.0,1654560000.0,UPTREND
PIA,2022,6,9,2,23,4,Thursday,2022-06-09,26.8,26.8,26.8,26.8,100.0,1654732800.0,SIDEWAY
PIA,2022,6,10,2,23,5,Friday,2022-06-10,28.0,29.4,28.0,29.4,700.0,1654819200.0,UPTREND
PIA,2022,6,13,2,24,1,Monday,2022-06-13,28.5,28.5,28.5,28.5,600.0,1655078400.0,SIDEWAY
PIA,2022,6,14,2,24,2,Tuesday,2022-06-14,26.3,26.3,26.3,26.3,100.0,1655164800.0,SIDEWAY
PIA,2022,6,15,2,24,3,Wednesday,2022-06-15,28.9,28.9,28.9,28.9,400.0,1655251200.0,SIDEWAY
PIA,2022,6,17,2,24,5,Friday,2022-06-17,26.2,26.2,26.2,26.2,107.0,1655424000.0,SIDEWAY
PIA,2022,6,20,2,25,1,Monday,2022-06-20,28.8,28.8,28.8,28.8,900.0,1655683200.0,SIDEWAY
PIA,2022,6,21,2,25,2,Tuesday,2022-06-21,28.8,28.8,28.8,28.8,900.0,1655769600.0,SIDEWAY
PIA,2022,6,22,2,25,3,Wednesday,2022-06-22,28.8,28.8,28.8,28.8,500.0,1655856000.0,SIDEWAY
PIA,2022,6,28,2,26,2,Tuesday,2022-06-28,29.1,29.1,28.9,28.9,300.0,1656374400.0,DOWNTREND
PIA,2022,6,29,2,26,3,Wednesday,2022-06-29,29.1,29.1,29.0,29.0,200.0,1656460800.0,DOWNTREND
PIA,2022,6,30,2,26,4,Thursday,2022-06-30,29.1,29.1,29.1,29.1,200.0,1656547200.0,SIDEWAY
PIA,2022,7,4,3,27,1,Monday,2022-07-04,29.3,29.4,29.2,29.2,2200.0,1656892800.0,DOWNTREND
PIA,2022,7,6,3,27,3,Wednesday,2022-07-06,26.3,26.3,26.3,26.3,100.0,1657065600.0,SIDEWAY
PIA,2022,7,11,3,28,1,Monday,2022-07-11,28.9,28.9,28.9,28.9,100.0,1657497600.0,SIDEWAY
PIA,2022,7,12,3,28,2,Tuesday,2022-07-12,26.6,26.6,26.6,26.6,100.0,1657584000.0,SIDEWAY
PIA,2022,7,13,3,28,3,Wednesday,2022-07-13,26.6,26.6,26.6,26.6,6.0,1657670400.0,SIDEWAY
PIA,2022,7,14,3,28,4,Thursday,2022-07-14,26.6,26.7,26.6,26.7,700.0,1657756800.0,UPTREND
PIA,2022,7,15,3,28,5,Friday,2022-07-15,29.2,29.2,29.2,29.2,500.0,1657843200.0,SIDEWAY
PIA,2022,7,20,3,29,3,Wednesday,2022-07-20,29.0,29.0,26.7,26.7,200.0,1658275200.0,DOWNTREND
PIA,2022,7,22,3,29,5,Friday,2022-07-22,29.0,29.3,29.0,29.3,2200.0,1658448000.0,UPTREND
PIA,2022,7,25,3,30,1,Monday,2022-07-25,26.6,29.0,26.6,26.6,300.0,1658707200.0,SIDEWAY
PIA,2022,7,27,3,30,3,Wednesday,2022-07-27,29.2,29.2,29.2,29.2,120.0,1658880000.0,SIDEWAY
PIA,2022,7,28,3,30,4,Thursday,2022-07-28,29.1,29.1,29.1,29.1,100.0,1658966400.0,SIDEWAY
PIA,2022,8,10,3,32,3,Wednesday,2022-08-10,30.0,30.0,30.0,30.0,200.0,1660089600.0,SIDEWAY
PIA,2022,8,11,3,32,4,Thursday,2022-08-11,27.0,29.9,27.0,29.9,200.0,1660176000.0,UPTREND
PIA,2022,8,12,3,32,5,Friday,2022-08-12,27.1,29.9,27.1,29.9,200.0,1660262400.0,UPTREND
PIA,2022,8,15,3,33,1,Monday,2022-08-15,27.1,29.9,27.1,29.9,200.0,1660521600.0,UPTREND
PIA,2022,8,16,3,33,2,Tuesday,2022-08-16,29.9,29.9,29.9,29.9,110.0,1660608000.0,SIDEWAY
PIA,2022,8,17,3,33,3,Wednesday,2022-08-17,29.8,29.8,29.8,29.8,100.0,1660694400.0,SIDEWAY
PIA,2022,8,18,3,33,4,Thursday,2022-08-18,29.7,29.7,29.7,29.7,100.0,1660780800.0,SIDEWAY
PIA,2022,8,22,3,34,1,Monday,2022-08-22,29.7,29.7,29.7,29.7,100.0,1661126400.0,SIDEWAY
PIA,2022,8,23,3,34,2,Tuesday,2022-08-23,29.5,29.5,29.5,29.5,2700.0,1661212800.0,SIDEWAY
PIA,2022,8,24,3,34,3,Wednesday,2022-08-24,27.2,27.2,27.2,27.2,100.0,1661299200.0,SIDEWAY
PIA,2022,8,31,3,35,3,Wednesday,2022-08-31,25.4,25.4,25.4,25.4,100.0,1661904000.0,SIDEWAY
PIA,2022,9,7,3,36,3,Wednesday,2022-09-07,27.9,27.9,27.9,27.9,100.0,1662508800.0,SIDEWAY
PIA,2022,9,9,3,36,5,Friday,2022-09-09,29.0,29.0,29.0,29.0,400.0,1662681600.0,SIDEWAY
PIA,2022,9,14,3,37,3,Wednesday,2022-09-14,26.2,26.2,26.2,26.2,100.0,1663113600.0,SIDEWAY
PIA,2022,9,15,3,37,4,Thursday,2022-09-15,28.8,28.8,28.8,28.8,3300.0,1663200000.0,SIDEWAY
PIA,2022,9,16,3,37,5,Friday,2022-09-16,26.2,26.2,26.2,26.2,100.0,1663286400.0,SIDEWAY
PIA,2022,9,20,3,38,2,Tuesday,2022-09-20,28.7,28.7,28.7,28.7,100.0,1663632000.0,SIDEWAY
PIA,2022,9,21,3,38,3,Wednesday,2022-09-21,28.7,28.7,28.7,28.7,100.0,1663718400.0,SIDEWAY
PIA,2022,10,5,4,40,3,Wednesday,2022-10-05,27.2,27.2,26.0,26.0,1800.0,1664928000.0,DOWNTREND
PIA,2022,10,6,4,40,4,Thursday,2022-10-06,23.5,23.5,23.5,23.5,100.0,1665014400.0,SIDEWAY
PIA,2022,10,10,4,41,1,Monday,2022-10-10,25.8,25.8,25.8,25.8,200.0,1665360000.0,SIDEWAY
PIA,2022,10,12,4,41,3,Wednesday,2022-10-12,25.8,25.8,25.8,25.8,1000.0,1665532800.0,SIDEWAY
PIA,2022,10,17,4,42,1,Monday,2022-10-17,25.8,25.8,25.8,25.8,200.0,1665964800.0,SIDEWAY
PIA,2022,10,25,4,43,2,Tuesday,2022-10-25,25.8,25.8,25.8,25.8,100.0,1666656000.0,SIDEWAY
PIA,2022,10,28,4,43,5,Friday,2022-10-28,28.3,28.3,28.3,28.3,100.0,1666915200.0,SIDEWAY
PIA,2022,11,2,4,44,3,Wednesday,2022-11-02,25.5,25.5,25.5,25.5,100.0,1667347200.0,SIDEWAY
PIA,2022,11,16,4,46,3,Wednesday,2022-11-16,23.0,23.0,23.0,23.0,1000.0,1668556800.0,SIDEWAY
PIA,2022,11,22,4,47,2,Tuesday,2022-11-22,25.3,25.3,25.3,25.3,300.0,1669075200.0,SIDEWAY
PIA,2022,11,25,4,47,5,Friday,2022-11-25,27.8,27.8,27.8,27.8,100.0,1669334400.0,SIDEWAY
PIA,2022,11,29,4,48,2,Tuesday,2022-11-29,25.1,25.1,25.1,25.1,100.0,1669680000.0,SIDEWAY
PIA,2022,12,1,4,48,4,Thursday,2022-12-01,23.2,23.2,23.0,23.0,1000.0,1669852800.0,DOWNTREND
PIA,2022,12,2,4,48,5,Friday,2022-12-02,23.3,25.3,23.3,25.3,400.0,1669939200.0,UPTREND
PIA,2022,12,5,4,49,1,Monday,2022-12-05,26.0,26.0,26.0,26.0,100.0,1670198400.0,SIDEWAY
PIA,2022,12,7,4,49,3,Wednesday,2022-12-07,24.0,24.0,24.0,24.0,100.0,1670371200.0,SIDEWAY
PIA,2022,12,12,4,50,1,Monday,2022-12-12,25.9,25.9,25.9,25.9,100.0,1670803200.0,SIDEWAY
PIA,2022,12,13,4,50,2,Tuesday,2022-12-13,24.5,24.5,24.5,24.5,100.0,1670889600.0,SIDEWAY
PIA,2022,12,15,4,50,4,Thursday,2022-12-15,26.8,26.8,26.8,26.8,200.0,1671062400.0,SIDEWAY
PIA,2022,12,21,4,51,3,Wednesday,2022-12-21,29.3,29.3,29.3,29.3,100.0,1671580800.0,SIDEWAY
PIA,2022,12,23,4,51,5,Friday,2022-12-23,26.4,26.4,26.4,26.4,600.0,1671753600.0,SIDEWAY
PIA,2022,12,26,4,52,1,Monday,2022-12-26,29.0,29.0,29.0,29.0,100.0,1672012800.0,SIDEWAY
PIA,2022,12,27,4,52,2,Tuesday,2022-12-27,26.1,26.1,26.1,26.1,100.0,1672099200.0,SIDEWAY
PIA,2022,12,28,4,52,3,Wednesday,2022-12-28,23.7,23.7,23.7,23.7,100.0,1672185600.0,SIDEWAY
PIA,2023,1,3,1,1,2,Tuesday,2023-01-03,26.0,26.0,26.0,26.0,100.0,1672704000.0,SIDEWAY
PIA,2023,1,4,1,1,3,Wednesday,2023-01-04,23.7,23.7,23.7,23.7,100.0,1672790400.0,SIDEWAY
PIA,2023,1,9,1,2,1,Monday,2023-01-09,25.9,25.9,25.9,25.9,100.0,1673222400.0,SIDEWAY
PIA,2023,1,10,1,2,2,Tuesday,2023-01-10,23.7,27.9,23.7,27.9,200.0,1673308800.0,UPTREND
PIA,2023,1,13,1,2,5,Friday,2023-01-13,25.2,25.2,25.2,25.2,200.0,1673568000.0,SIDEWAY
PIA,2023,1,16,1,3,1,Monday,2023-01-16,23.0,23.0,23.0,23.0,100.0,1673827200.0,SIDEWAY
PIA,2023,1,18,1,3,3,Wednesday,2023-01-18,24.0,24.0,24.0,24.0,100.0,1674000000.0,SIDEWAY
PIA,2023,1,19,1,3,4,Thursday,2023-01-19,25.3,25.3,25.3,25.3,100.0,1674086400.0,SIDEWAY
PIA,2023,1,27,1,4,5,Friday,2023-01-27,23.1,23.1,23.1,23.1,100.0,1674777600.0,SIDEWAY
PIA,2023,2,14,1,7,2,Tuesday,2023-02-14,25.4,25.4,25.4,25.4,100.0,1676332800.0,SIDEWAY
PIA,2023,2,15,1,7,3,Wednesday,2023-02-15,23.2,27.8,23.2,27.8,200.0,1676419200.0,UPTREND
PIA,2023,2,16,1,7,4,Thursday,2023-02-16,25.1,29.3,25.1,29.3,200.0,1676505600.0,UPTREND
PIA,2023,2,17,1,7,5,Friday,2023-02-17,26.4,26.4,26.4,26.4,100.0,1676592000.0,SIDEWAY
PIA,2023,2,20,1,8,1,Monday,2023-02-20,23.9,23.9,23.9,23.9,100.0,1676851200.0,SIDEWAY
PIA,2023,2,28,1,9,2,Tuesday,2023-02-28,26.0,26.0,26.0,26.0,300.0,1677542400.0,SIDEWAY
PIA,2023,3,1,1,9,3,Wednesday,2023-03-01,23.6,27.9,23.6,27.9,200.0,1677628800.0,UPTREND
PIA,2023,3,2,1,9,4,Thursday,2023-03-02,25.2,25.2,25.2,25.2,100.0,1677715200.0,SIDEWAY
PIA,2023,3,3,1,9,5,Friday,2023-03-03,25.2,25.2,25.2,25.2,100.0,1677801600.0,SIDEWAY
PIA,2023,3,6,1,10,1,Monday,2023-03-06,23.5,23.5,23.5,23.5,100.0,1678060800.0,SIDEWAY
PIA,2023,3,7,1,10,2,Tuesday,2023-03-07,25.8,25.8,25.8,25.8,100.0,1678147200.0,SIDEWAY
PIA,2023,3,9,1,10,4,Thursday,2023-03-09,23.7,23.7,23.7,23.7,100.0,1678320000.0,SIDEWAY
PIA,2023,3,28,1,13,2,Tuesday,2023-03-28,26.0,26.0,25.0,25.0,200.0,1679961600.0,DOWNTREND
