version https://git-lfs.github.com/spec/v1
oid sha256:399ec086ed4b198b0a8072a416b30e7ae252b2d50204e3a27753d83a5dd3ab11
size 8749
